文件: ,C:\Users\Geoffrey\Documents\FLIR\图像\拼接测试\FLIR1982.jpg

帧 1,26.561,26.576,26.592,26.628,26.696,27.577,27.412,27.448,27.308,26.805,26.66,26.592,26.602,26.654,26.971,27.225,27.205,26.79,26.722,26.701,26.654,26.649,26.639,26.644,26.649,26.654,26.654,26.665,26.665,26.675,26.68,26.691,26.706,26.712,26.717,26.769,26.966,27.241,27.381,27.432,27.231,26.8,26.795,26.982,27.189,27.101,27.096,27.008,26.868,26.836,26.81,26.784,26.779,26.774,26.779,26.784,26.795,26.81,26.816,26.826,26.831,26.831,26.836,26.836,26.836,26.842,26.842,26.966,27.003,27.282,27.422,27.288,27.034,27.137,27.215,27.246,27.288,26.951,26.92,26.878,26.857,26.847,26.836,26.831,26.826,26.836,26.842,26.852,26.857,26.857,26.862,26.862,26.862,26.862,26.862,26.862,26.862,26.868,26.883,26.862,27.008,27.205,27.241,27.225,27.231,27.189,27.168,26.982,26.961,26.961,26.878,26.857,26.842,26.826,26.821,26.821,26.826,26.826,26.831,26.836,26.842,26.842,26.847,26.852,26.852,26.852,26.862,26.862,26.873,26.888,26.93,26.966,26.992,27.298,27.365,27.37,27.313,27.117,27.034,26.945,26.992,26.971,26.971,26.982,26.951,26.94,26.888,26.909,26.894,26.904,26.925,26.987,27.008,27.049,27.065,27.111,27.153,27.163,27.127,27.137,27.101,27.122,27.158,27.339,27.35,27.319,27.334,27.329,27.308,27.21,27.241,27.35,27.313,27.386,27.401,27.37,27.396,27.37,27.375,27.417,27.432,27.443,27.329,27.386,27.391,27.427,27.412,27.396,27.401,27.401,27.53,27.401,27.536,27.536,27.505,27.525,27.458,27.438,27.396,27.412,27.469,27.458,27.448,27.474,27.375,27.386,27.37,27.458,27.339,27.339,27.35,27.339,27.313,27.282,27.132,27.158,27.194,27.225,27.143,26.914,27.08,27.096,27.044,27.023,27.127,27.587,27.788,27.752,27.757,27.752,27.536,27.288,27.267,27.267,27.438,27.489,27.458,27.448,27.422,27.386,27.339,27.288,27.241,27.2,27.163,27.132,27.101,27.065,27.034,27.013,26.992,26.971,26.951,26.925,26.904,26.888,26.873,26.862,26.847,26.826,26.81,26.795,26.779,26.769,26.764,26.764,26.758,26.753,26.753,26.748,26.743,26.727,26.717,26.706,26.691,26.68,26.665,26.654,26.644,26.634,26.628,26.623,26.623,26.623,26.618,26.613,26.602,26.592,26.587,26.571,26.571,26.566,26.561,26.55,26.545,26.54,26.535,26.529,26.519,26.514,26.508,26.503,26.493,26.488,26.482,26.488,26.488,26.493,26.503,26.498,26.503,26.493,26.493,26.488,26.493,26.493,26.488,26.493,26.493,26.488,26.488,26.488,26.488,26.488,26.482,26.482,26.477,26.472,26.462,26.451,26.441,26.435,26.435,26.435,26.435,26.435,26.441,26.446,26.446,26.441,26.441,26.441,26.435,26.43,26.43,26.425,26.43,26.43,26.425,26.42,26.425,26.42,26.409,26.404,26.394,26.383,26.368,26.368,26.352,26.347,26.342,26.336,26.336,26.331,26.326,26.331,26.321,26.315,26.31,26.315,26.321,26.326,26.336,26.342,26.347,26.352,26.347,26.352,26.352,26.357,26.362,26.362,26.368,26.368
,26.576,26.607,26.571,26.555,26.665,27.091,27.505,27.386,27.5,26.904,26.758,26.618,26.66,26.581,26.966,27.257,27.158,27.065,26.8,26.732,26.691,26.67,26.67,26.67,26.675,26.68,26.68,26.686,26.686,26.691,26.701,26.712,26.722,26.732,26.764,26.753,26.826,27.054,27.36,27.427,27.262,26.956,26.92,27.034,27.158,27.246,27.122,27.111,26.894,26.868,26.831,26.816,26.795,26.795,26.8,26.805,26.821,26.831,26.831,26.836,26.842,26.842,26.842,26.842,26.847,26.852,26.894,26.883,26.966,27.174,27.448,27.282,27.184,27.163,27.163,27.308,27.07,26.909,26.945,26.883,26.868,26.852,26.842,26.836,26.836,26.836,26.847,26.852,26.857,26.862,26.862,26.862,26.857,26.857,26.857,26.862,26.868,26.862,26.883,26.894,26.935,27.096,27.282,27.277,27.184,27.2,27.111,26.961,26.92,26.92,26.878,26.857,26.842,26.826,26.821,26.826,26.831,26.831,26.836,26.836,26.852,26.852,26.862,26.868,26.857,26.852,26.868,26.873,26.878,26.899,26.92,26.925,26.894,27.08,27.308,27.381,27.272,27.21,26.997,26.982,26.987,27.023,27.049,26.987,27.018,26.966,27.075,26.935,26.935,26.956,27.008,27.044,27.106,27.158,27.163,27.231,27.215,27.21,27.298,27.308,27.381,27.344,27.375,27.401,27.427,27.407,27.36,27.339,27.324,27.36,27.401,27.386,27.313,27.458,27.375,27.391,27.417,27.417,27.381,27.453,27.474,27.479,27.458,27.474,27.407,27.463,27.469,27.401,27.407,27.474,27.541,27.5,27.463,27.489,27.489,27.479,27.484,27.448,27.417,27.355,27.288,27.303,27.339,27.282,27.039,26.925,27.174,27.35,27.21,26.904,27.018,26.831,26.904,26.764,26.8,26.779,26.894,26.691,26.821,26.836,26.753,26.68,26.665,26.738,26.857,27.515,27.706,27.721,27.763,27.649,27.479,27.319,27.277,27.241,27.319,27.474,27.448,27.443,27.427,27.386,27.35,27.293,27.241,27.194,27.158,27.122,27.086,27.06,27.034,27.008,26.987,26.971,26.951,26.93,26.914,26.894,26.878,26.862,26.847,26.831,26.81,26.79,26.779,26.769,26.764,26.758,26.758,26.753,26.748,26.748,26.743,26.727,26.717,26.706,26.686,26.675,26.665,26.649,26.639,26.634,26.623,26.618,26.618,26.613,26.613,26.602,26.597,26.592,26.581,26.576,26.566,26.555,26.555,26.545,26.54,26.535,26.529,26.524,26.514,26.508,26.503,26.498,26.498,26.493,26.482,26.488,26.493,26.498,26.498,26.503,26.503,26.498,26.488,26.493,26.488,26.493,26.493,26.493,26.498,26.493,26.493,26.493,26.493,26.488,26.488,26.482,26.482,26.472,26.462,26.456,26.451,26.441,26.441,26.441,26.441,26.441,26.441,26.446,26.446,26.441,26.435,26.435,26.435,26.43,26.425,26.425,26.425,26.42,26.42,26.415,26.415,26.415,26.404,26.399,26.389,26.378,26.368,26.362,26.352,26.342,26.336,26.331,26.326,26.331,26.321,26.321,26.321,26.315,26.31,26.31,26.315,26.321,26.331,26.336,26.342,26.342,26.342,26.347,26.347,26.352,26.357,26.362,26.362,26.368
,26.618,26.639,26.634,26.592,26.68,26.831,27.334,27.484,27.469,27.339,26.826,26.68,26.836,26.691,26.914,27.091,27.246,27.018,26.831,26.774,26.722,26.701,26.701,26.696,26.696,26.701,26.706,26.701,26.706,26.717,26.717,26.727,26.743,26.753,26.8,26.821,26.852,26.805,27.189,27.422,27.386,27.184,26.977,26.987,27.106,27.215,27.075,26.94,26.925,26.888,26.852,26.826,26.816,26.805,26.816,26.821,26.831,26.842,26.842,26.852,26.857,26.852,26.852,26.852,26.857,26.857,26.888,26.888,26.94,27.029,27.282,27.293,27.225,27.215,27.225,27.272,27.194,26.899,26.894,26.878,26.862,26.852,26.842,26.842,26.842,26.836,26.847,26.852,26.857,26.862,26.862,26.862,26.862,26.868,26.868,26.868,26.868,26.873,26.883,26.914,26.92,27.065,27.308,27.288,27.329,27.189,27.179,26.977,26.899,26.873,26.888,26.868,26.836,26.826,26.826,26.836,26.831,26.847,26.857,26.852,26.831,26.883,26.857,26.836,26.857,26.868,26.826,26.857,26.868,26.883,26.909,26.914,26.966,27.018,27.282,27.35,27.303,27.251,27.049,27.034,27.039,27.163,27.091,27.096,27.205,27.168,27.2,27.148,27.168,27.225,27.355,27.303,27.324,27.194,27.339,27.277,27.277,27.293,27.344,27.381,27.427,27.365,27.319,27.443,27.484,27.432,27.365,27.334,27.319,27.334,27.412,27.36,27.365,27.381,27.37,27.386,27.422,27.438,27.396,27.37,27.515,27.489,27.458,27.458,27.396,27.427,27.391,27.401,27.324,27.293,27.339,27.339,27.21,27.36,27.148,27.137,27.122,27.158,27.401,27.117,26.894,26.909,26.935,26.774,26.769,26.639,26.764,26.914,26.961,26.686,26.66,26.764,26.945,26.758,26.738,26.748,26.914,26.706,26.784,26.54,26.592,26.441,26.602,26.613,26.81,27.5,27.639,27.716,27.757,27.639,27.639,27.298,27.282,27.215,27.375,27.453,27.448,27.443,27.422,27.386,27.35,27.293,27.236,27.194,27.148,27.111,27.08,27.049,27.029,27.008,26.992,26.966,26.951,26.935,26.914,26.894,26.873,26.857,26.847,26.831,26.81,26.79,26.774,26.764,26.758,26.758,26.758,26.753,26.748,26.743,26.743,26.727,26.717,26.706,26.686,26.675,26.66,26.649,26.639,26.628,26.618,26.613,26.613,26.607,26.602,26.597,26.592,26.587,26.576,26.566,26.561,26.55,26.55,26.54,26.529,26.529,26.529,26.524,26.514,26.503,26.498,26.493,26.493,26.488,26.488,26.488,26.493,26.498,26.503,26.503,26.498,26.493,26.493,26.488,26.488,26.488,26.493,26.498,26.498,26.493,26.493,26.493,26.493,26.493,26.488,26.482,26.477,26.472,26.467,26.456,26.451,26.451,26.446,26.446,26.446,26.446,26.446,26.446,26.441,26.435,26.435,26.43,26.43,26.425,26.425,26.42,26.415,26.409,26.409,26.404,26.404,26.399,26.399,26.394,26.383,26.373,26.357,26.352,26.342,26.336,26.336,26.326,26.321,26.321,26.321,26.315,26.315,26.315,26.315,26.315,26.315,26.326,26.331,26.331,26.336,26.336,26.342,26.342,26.347,26.347,26.352,26.357,26.362,26.368
,26.691,26.753,26.717,26.649,26.675,26.779,27.054,27.51,27.453,27.386,26.982,26.753,26.764,26.769,27.003,27.236,27.194,27.132,26.836,26.748,26.764,26.732,26.722,26.722,26.717,26.722,26.717,26.722,26.722,26.727,26.738,26.743,26.753,26.779,26.795,26.826,26.857,26.821,27.054,27.412,27.344,27.225,27.029,27.111,27.189,27.179,27.132,26.982,26.935,26.894,26.862,26.842,26.831,26.816,26.826,26.831,26.836,26.847,26.852,26.857,26.857,26.857,26.857,26.857,26.857,26.862,26.862,26.852,26.836,27.029,27.319,27.365,27.267,27.22,27.2,27.293,27.122,26.945,26.888,26.878,26.857,26.852,26.842,26.842,26.847,26.847,26.857,26.857,26.862,26.862,26.862,26.862,26.862,26.868,26.868,26.873,26.873,26.868,26.878,26.883,26.868,27.044,27.2,27.215,27.236,27.184,27.143,27.003,26.914,26.888,26.873,26.852,26.842,26.826,26.826,26.826,26.878,26.852,26.836,26.862,26.862,26.821,26.842,26.857,26.816,27.065,27.07,27.029,26.935,26.888,26.92,27.034,27.003,27.08,27.308,27.319,27.324,27.272,27.137,27.08,27.225,27.329,27.375,27.267,27.308,27.35,27.246,27.375,27.324,27.282,27.463,27.391,27.37,27.35,27.334,27.417,27.37,27.422,27.412,27.339,27.386,27.438,27.407,27.463,27.469,27.386,27.36,27.329,27.339,27.35,27.344,27.401,27.453,27.407,27.427,27.438,27.272,27.344,27.396,27.375,27.184,27.06,27.298,27.293,27.075,27.075,26.909,26.966,27.054,26.862,26.894,26.81,26.68,26.79,26.81,26.764,26.634,26.722,27.184,27.101,26.712,26.581,26.644,26.706,26.706,26.68,26.67,26.66,26.545,26.634,26.722,26.691,26.602,26.878,26.842,26.847,26.649,26.42,26.101,26.195,26.274,26.409,26.488,26.561,26.644,27.205,27.561,27.675,27.701,27.721,27.69,27.298,27.267,27.225,27.272,27.448,27.432,27.443,27.422,27.386,27.35,27.303,27.241,27.184,27.143,27.111,27.08,27.049,27.023,27.003,26.982,26.966,26.951,26.93,26.914,26.894,26.878,26.862,26.847,26.826,26.81,26.784,26.769,26.764,26.764,26.753,26.753,26.753,26.748,26.743,26.738,26.727,26.717,26.701,26.686,26.67,26.654,26.644,26.634,26.628,26.618,26.613,26.607,26.602,26.597,26.592,26.587,26.581,26.571,26.566,26.555,26.545,26.54,26.529,26.524,26.519,26.519,26.519,26.508,26.498,26.493,26.493,26.488,26.488,26.488,26.488,26.488,26.493,26.498,26.498,26.493,26.493,26.488,26.488,26.493,26.493,26.498,26.498,26.503,26.498,26.493,26.498,26.493,26.488,26.488,26.477,26.472,26.472,26.467,26.462,26.462,26.462,26.456,26.456,26.456,26.456,26.451,26.446,26.441,26.435,26.43,26.425,26.425,26.425,26.42,26.42,26.409,26.404,26.404,26.399,26.399,26.399,26.394,26.389,26.378,26.368,26.362,26.347,26.342,26.331,26.326,26.321,26.321,26.315,26.315,26.315,26.315,26.315,26.315,26.321,26.321,26.326,26.331,26.331,26.336,26.336,26.336,26.331,26.336,26.347,26.352,26.357,26.362,26.368
,26.753,26.831,26.883,26.769,26.722,26.696,26.842,27.163,27.489,27.453,27.251,26.795,26.732,26.816,27.013,27.205,27.179,27.049,26.831,26.868,26.79,26.774,26.753,26.743,26.738,26.743,26.738,26.743,26.738,26.743,26.748,26.753,26.769,26.79,26.805,26.852,26.878,26.847,26.914,27.474,27.355,27.298,27.179,27.065,27.127,27.143,27.153,26.987,26.94,26.904,26.873,26.852,26.831,26.826,26.826,26.831,26.842,26.847,26.852,26.857,26.862,26.862,26.862,26.857,26.857,26.862,26.862,26.862,26.883,26.92,27.22,27.386,27.298,27.272,27.251,27.272,27.096,26.847,26.878,26.862,26.857,26.852,26.847,26.847,26.847,26.862,26.868,26.873,26.868,26.862,26.862,26.868,26.868,26.873,26.878,26.894,26.888,26.883,26.878,26.847,26.951,26.904,27.106,27.225,27.215,27.2,27.194,27.008,26.878,26.878,26.94,26.847,26.878,26.94,26.925,26.914,26.862,26.914,26.94,26.966,27.065,27.039,27.029,27.22,27.168,27.065,27.329,27.313,27.329,27.282,27.267,27.277,27.443,27.401,27.401,27.339,27.308,27.293,27.282,27.236,27.37,27.339,27.365,27.391,27.391,27.391,27.303,27.35,27.391,27.427,27.36,27.381,27.417,27.458,27.355,27.453,27.443,27.448,27.427,27.453,27.448,27.417,27.355,27.484,27.412,27.412,27.401,27.329,27.288,27.148,27.184,27.075,27.111,27.184,26.779,27.153,27.039,27.013,26.81,26.722,26.691,26.696,26.654,26.675,26.555,26.571,26.488,26.717,26.529,26.535,26.576,26.524,26.555,26.597,26.623,26.618,26.613,26.576,26.8,27.075,26.868,26.654,26.529,26.602,26.535,26.628,26.623,26.644,26.623,26.488,26.451,26.399,26.321,26.331,26.263,26.18,26.216,25.813,25.844,26.106,26.284,26.409,26.597,26.498,26.566,27.013,27.536,27.68,27.716,27.696,27.649,27.458,27.262,27.282,27.262,27.474,27.432,27.438,27.422,27.391,27.35,27.298,27.236,27.184,27.143,27.101,27.075,27.044,27.023,27.003,26.982,26.966,26.945,26.93,26.909,26.894,26.873,26.852,26.836,26.821,26.8,26.779,26.769,26.764,26.758,26.753,26.753,26.748,26.743,26.743,26.732,26.727,26.722,26.706,26.686,26.67,26.654,26.644,26.634,26.628,26.618,26.613,26.607,26.602,26.597,26.592,26.587,26.576,26.571,26.561,26.545,26.54,26.529,26.524,26.519,26.514,26.514,26.514,26.503,26.493,26.482,26.482,26.482,26.482,26.482,26.482,26.488,26.488,26.493,26.493,26.493,26.488,26.488,26.488,26.493,26.493,26.498,26.503,26.503,26.498,26.503,26.498,26.498,26.493,26.488,26.477,26.472,26.472,26.467,26.467,26.472,26.472,26.472,26.467,26.462,26.456,26.451,26.446,26.446,26.441,26.435,26.435,26.43,26.425,26.42,26.42,26.409,26.404,26.404,26.399,26.399,26.394,26.394,26.383,26.378,26.368,26.362,26.347,26.342,26.331,26.326,26.321,26.315,26.315,26.31,26.315,26.31,26.315,26.321,26.321,26.326,26.326,26.331,26.336,26.336,26.336,26.336,26.336,26.331,26.342,26.347,26.357,26.368,26.368
,26.826,27.039,26.868,26.847,26.831,26.743,26.717,27.106,27.474,27.35,27.401,26.93,26.868,26.966,27.018,27.225,27.251,26.997,26.904,26.888,26.821,26.769,26.769,26.769,26.758,26.753,26.748,26.748,26.748,26.748,26.758,26.758,26.774,26.795,26.81,26.836,26.878,26.831,26.987,27.168,27.469,27.417,27.282,27.236,27.329,27.143,27.096,27.008,26.945,26.904,26.878,26.857,26.842,26.831,26.836,26.836,26.842,26.852,26.857,26.862,26.868,26.868,26.868,26.862,26.862,26.862,26.857,26.862,26.852,26.836,27.096,27.355,27.355,27.319,27.267,27.215,27.132,26.857,26.888,26.878,26.868,26.852,26.847,26.836,26.852,26.888,26.888,26.888,26.873,26.868,26.857,26.852,26.873,26.883,26.878,26.909,26.894,26.93,26.826,26.857,26.868,26.945,27.148,27.225,27.225,27.215,27.2,27.096,26.971,26.925,26.987,27.023,27.106,27.319,27.313,27.246,27.013,27.117,27.407,27.422,27.432,27.463,27.319,27.407,27.443,27.412,27.355,27.443,27.355,27.401,27.412,27.432,27.432,27.427,27.396,27.381,27.262,27.267,27.313,27.282,27.375,27.381,27.381,27.422,27.417,27.417,27.334,27.427,27.427,27.391,27.355,27.334,27.401,27.417,27.401,27.427,27.36,27.375,27.355,27.194,27.381,27.189,27.282,27.08,26.951,27.174,27.189,27.2,27.029,26.779,26.743,26.696,26.779,26.628,26.618,26.628,26.571,26.54,26.545,26.477,26.435,26.462,26.482,26.441,26.529,26.529,26.415,26.415,26.451,26.55,26.675,26.425,26.618,26.524,26.55,26.602,26.415,26.613,26.654,26.961,26.753,26.383,26.284,26.038,26.017,25.923,25.64,25.655,25.661,25.713,25.54,25.687,25.65,25.745,25.724,25.781,25.802,25.771,25.813,26.059,26.357,26.383,26.498,26.425,26.503,27.013,27.587,27.68,27.716,27.685,27.737,27.541,27.241,27.288,27.303,27.479,27.443,27.438,27.422,27.396,27.35,27.303,27.251,27.194,27.153,27.111,27.075,27.049,27.023,27.003,26.982,26.966,26.945,26.925,26.909,26.888,26.868,26.852,26.836,26.816,26.8,26.779,26.769,26.758,26.758,26.753,26.753,26.753,26.743,26.738,26.732,26.727,26.717,26.701,26.686,26.67,26.649,26.639,26.634,26.628,26.628,26.618,26.618,26.607,26.602,26.592,26.587,26.571,26.566,26.555,26.545,26.535,26.524,26.514,26.514,26.508,26.508,26.503,26.498,26.493,26.488,26.477,26.477,26.477,26.477,26.482,26.482,26.488,26.493,26.488,26.488,26.488,26.488,26.488,26.493,26.503,26.503,26.503,26.503,26.503,26.503,26.503,26.498,26.493,26.488,26.477,26.477,26.472,26.477,26.477,26.477,26.477,26.477,26.472,26.467,26.462,26.456,26.451,26.446,26.446,26.441,26.441,26.435,26.43,26.425,26.425,26.415,26.415,26.409,26.404,26.399,26.394,26.394,26.383,26.378,26.373,26.362,26.352,26.342,26.331,26.326,26.321,26.315,26.31,26.31,26.31,26.315,26.315,26.315,26.326,26.326,26.331,26.331,26.336,26.336,26.331,26.336,26.331,26.331,26.336,26.347,26.352,26.362,26.368
,27.06,27.127,26.987,26.992,26.987,26.888,26.909,27.08,27.319,27.396,27.438,27.251,26.888,26.873,27.034,27.215,27.215,27.122,27.023,26.92,26.873,26.945,26.842,26.79,26.779,26.769,26.758,26.753,26.753,26.753,26.753,26.764,26.784,26.795,26.816,26.831,26.857,26.873,26.935,26.961,27.319,27.422,27.251,27.174,27.2,27.153,27.086,27.034,26.951,26.92,26.894,26.868,26.852,26.842,26.842,26.836,26.847,26.852,26.862,26.873,26.873,26.873,26.878,26.873,26.873,26.862,26.873,26.868,26.888,26.888,26.951,27.298,27.303,27.293,27.262,27.246,27.044,26.899,26.868,26.862,26.873,26.862,26.857,26.852,26.878,26.909,26.899,26.878,26.847,26.847,26.826,26.904,26.878,26.878,26.951,26.842,26.894,26.997,26.997,27.029,27.132,27.194,27.241,27.251,27.251,27.231,27.22,27.153,27.148,27.008,27.22,27.231,27.329,27.288,27.324,27.427,27.205,27.443,27.412,27.303,27.339,27.381,27.422,27.386,27.417,27.401,27.417,27.427,27.458,27.469,27.525,27.479,27.407,27.412,27.391,27.422,27.308,27.303,27.303,27.313,27.401,27.401,27.417,27.37,27.365,27.36,27.308,27.288,27.262,27.194,27.267,27.132,27.137,27.158,26.997,27.158,26.8,26.779,26.55,26.602,26.847,26.555,26.561,26.519,26.576,26.498,26.894,27.003,26.997,26.774,26.441,26.482,26.561,26.654,26.394,26.54,26.456,26.435,26.467,26.545,26.389,26.446,26.352,26.415,26.399,26.373,26.2,26.211,25.996,26.164,26.232,26.023,26.174,26.2,25.939,25.745,25.687,25.808,26.169,26.675,26.378,25.697,25.519,25.534,25.45,25.624,25.534,25.597,25.613,25.44,25.618,25.55,25.64,25.592,25.755,25.734,25.724,25.76,25.792,25.918,26.227,26.3,26.399,26.488,26.514,26.753,27.329,27.598,27.665,27.69,27.67,27.474,27.277,27.288,27.262,27.37,27.443,27.427,27.422,27.396,27.365,27.308,27.251,27.205,27.163,27.117,27.08,27.049,27.029,27.008,26.982,26.966,26.951,26.925,26.909,26.888,26.862,26.847,26.826,26.816,26.8,26.779,26.769,26.764,26.758,26.764,26.753,26.753,26.743,26.743,26.738,26.727,26.717,26.701,26.68,26.665,26.649,26.639,26.634,26.628,26.628,26.623,26.618,26.613,26.602,26.597,26.581,26.571,26.561,26.555,26.545,26.529,26.519,26.508,26.503,26.503,26.503,26.503,26.498,26.493,26.482,26.477,26.477,26.467,26.477,26.482,26.482,26.488,26.482,26.482,26.477,26.482,26.488,26.493,26.498,26.503,26.508,26.508,26.508,26.503,26.503,26.503,26.498,26.498,26.493,26.488,26.477,26.482,26.477,26.482,26.482,26.482,26.482,26.472,26.472,26.467,26.462,26.456,26.451,26.451,26.456,26.451,26.446,26.446,26.441,26.43,26.43,26.42,26.42,26.415,26.404,26.404,26.394,26.389,26.383,26.378,26.368,26.352,26.347,26.331,26.326,26.321,26.315,26.315,26.315,26.31,26.31,26.31,26.315,26.321,26.326,26.326,26.336,26.336,26.336,26.336,26.336,26.331,26.331,26.336,26.347,26.352,26.357,26.362
,27.153,27.091,27.023,26.992,26.992,27.008,27.029,27.029,27.262,27.474,27.458,27.381,26.982,26.909,27.091,27.225,27.215,27.106,27.06,26.987,26.909,27.054,26.914,26.805,26.795,26.784,26.764,26.758,26.758,26.758,26.764,26.769,26.784,26.8,26.816,26.826,26.842,26.878,26.909,26.945,27.36,27.417,27.391,27.36,27.277,27.184,27.08,26.997,26.966,26.925,26.894,26.878,26.857,26.852,26.852,26.847,26.852,26.862,26.868,26.878,26.888,26.899,26.899,26.894,26.883,26.868,26.868,26.904,26.935,26.899,26.966,27.018,27.303,27.293,27.257,27.251,27.08,26.883,27.008,26.862,26.945,26.878,26.836,26.842,26.992,26.873,27.143,27.013,27.091,26.971,27.07,27.122,27.231,27.246,27.267,27.277,27.163,27.308,27.282,27.324,27.262,27.35,27.313,27.293,27.277,27.262,27.262,27.194,27.251,27.22,27.288,27.319,27.36,27.36,27.35,27.35,27.272,27.396,27.334,27.381,27.396,27.391,27.422,27.386,27.422,27.412,27.407,27.365,27.453,27.427,27.494,27.484,27.5,27.484,27.381,27.386,27.282,27.251,27.236,27.282,27.184,27.293,27.288,27.023,26.857,26.899,26.92,26.914,26.805,26.68,26.878,26.597,26.535,26.602,26.618,26.665,26.706,26.602,26.477,26.43,26.373,26.404,26.425,26.456,26.545,26.472,26.67,27.117,26.997,26.706,26.623,26.576,26.467,26.472,26.535,26.409,26.326,26.331,26.216,26.253,25.897,26.19,26.08,26.007,25.876,25.755,25.497,25.424,25.376,25.26,25.366,25.255,25.16,25.155,25.26,25.345,25.371,25.408,25.571,26.268,26.472,25.513,25.397,25.371,25.508,25.434,25.424,25.503,25.519,25.445,25.482,25.555,25.555,25.655,25.682,25.692,25.739,25.771,25.834,25.913,26.101,26.227,26.274,26.462,26.43,26.607,27.262,27.572,27.639,27.685,27.799,27.567,27.375,27.334,27.251,27.375,27.515,27.417,27.427,27.401,27.365,27.313,27.257,27.215,27.179,27.127,27.096,27.065,27.034,27.013,26.992,26.971,26.945,26.93,26.909,26.883,26.862,26.847,26.836,26.816,26.8,26.784,26.769,26.764,26.758,26.764,26.758,26.753,26.748,26.743,26.738,26.722,26.712,26.691,26.675,26.66,26.644,26.639,26.634,26.634,26.634,26.628,26.623,26.618,26.607,26.602,26.592,26.576,26.561,26.55,26.54,26.529,26.519,26.508,26.498,26.503,26.503,26.503,26.503,26.498,26.482,26.482,26.472,26.472,26.472,26.482,26.482,26.488,26.482,26.477,26.482,26.488,26.488,26.493,26.503,26.508,26.508,26.508,26.503,26.503,26.503,26.503,26.503,26.498,26.493,26.482,26.482,26.482,26.482,26.482,26.488,26.488,26.488,26.482,26.472,26.477,26.467,26.462,26.462,26.467,26.467,26.462,26.456,26.451,26.451,26.441,26.435,26.43,26.425,26.415,26.415,26.409,26.404,26.394,26.389,26.378,26.368,26.357,26.347,26.336,26.326,26.321,26.321,26.315,26.315,26.315,26.305,26.31,26.31,26.315,26.326,26.331,26.331,26.336,26.331,26.336,26.336,26.336,26.336,26.336,26.342,26.352,26.357,26.357
,27.117,27.096,27.06,27.044,27.029,27.029,27.049,27.049,27.137,27.36,27.448,27.375,27.288,27.039,27.184,27.262,27.168,27.127,27.091,27.044,26.894,27.013,26.992,26.883,26.826,26.79,26.769,26.758,26.764,26.764,26.769,26.769,26.795,26.805,26.816,26.821,26.842,26.852,26.873,26.987,27.174,27.35,27.36,27.324,27.288,27.21,27.08,26.997,26.987,26.945,26.909,26.894,26.888,26.878,26.873,26.868,26.857,26.878,26.868,26.888,26.894,26.914,26.93,26.925,26.888,26.888,26.873,26.894,26.899,26.971,26.987,26.945,27.313,27.282,27.272,27.262,27.225,27.231,27.096,27.194,27.132,27.189,27.2,27.308,27.111,27.355,27.241,27.158,27.365,27.267,27.36,27.375,27.375,27.355,27.329,27.231,27.303,27.36,27.391,27.427,27.505,27.458,27.313,27.37,27.334,27.308,27.288,27.267,27.303,27.344,27.35,27.365,27.381,27.375,27.417,27.381,27.334,27.365,27.36,27.407,27.381,27.355,27.396,27.453,27.453,27.5,27.453,27.479,27.407,27.308,27.401,27.339,27.262,27.189,27.277,27.215,27.148,27.127,27.003,26.836,26.686,26.836,26.847,26.435,26.561,26.508,26.545,26.561,26.378,26.498,26.482,26.498,26.488,26.441,26.472,26.409,26.456,26.404,26.477,26.514,26.446,26.519,26.535,26.545,26.446,26.347,26.389,26.701,26.821,26.649,26.268,26.049,25.939,25.965,26.043,25.897,25.519,25.597,25.54,25.424,25.455,25.25,25.213,25.239,25.329,25.287,25.355,25.287,25.313,25.255,25.181,25.223,25.281,25.255,25.287,25.313,25.303,25.376,25.492,26.038,26.613,25.766,25.403,25.392,25.424,25.434,25.471,25.476,25.476,25.471,25.524,25.597,25.582,25.603,25.613,25.671,25.718,25.771,25.86,25.913,26.043,26.206,26.253,26.383,26.508,26.529,27.241,27.675,27.634,27.675,27.752,27.634,27.432,27.344,27.231,27.339,27.443,27.443,27.438,27.412,27.375,27.324,27.267,27.22,27.179,27.143,27.111,27.075,27.044,27.018,26.997,26.977,26.951,26.93,26.914,26.888,26.868,26.852,26.836,26.816,26.8,26.779,26.769,26.764,26.764,26.758,26.764,26.758,26.753,26.748,26.732,26.722,26.706,26.691,26.67,26.654,26.644,26.628,26.634,26.634,26.628,26.634,26.623,26.623,26.613,26.607,26.592,26.576,26.566,26.555,26.545,26.529,26.514,26.508,26.503,26.508,26.508,26.508,26.503,26.498,26.493,26.477,26.477,26.477,26.477,26.482,26.488,26.488,26.482,26.482,26.482,26.488,26.493,26.498,26.503,26.508,26.508,26.508,26.503,26.503,26.498,26.498,26.498,26.493,26.493,26.488,26.482,26.477,26.482,26.482,26.488,26.488,26.488,26.482,26.482,26.482,26.477,26.472,26.472,26.472,26.472,26.472,26.467,26.462,26.462,26.451,26.446,26.435,26.43,26.425,26.415,26.42,26.409,26.404,26.394,26.383,26.373,26.357,26.347,26.336,26.331,26.326,26.321,26.321,26.315,26.315,26.31,26.305,26.31,26.31,26.315,26.326,26.331,26.336,26.336,26.336,26.336,26.336,26.336,26.336,26.347,26.352,26.352,26.357
,27.132,27.111,27.096,27.075,27.065,27.06,27.075,27.122,27.122,27.267,27.401,27.375,27.375,27.236,27.148,27.225,27.189,27.143,27.137,27.101,27.044,27.07,27.111,26.93,26.79,26.795,26.764,26.758,26.758,26.764,26.769,26.784,26.805,26.81,26.821,26.831,26.831,26.826,26.868,26.92,27.091,27.298,27.401,27.344,27.308,27.236,27.117,27.018,27.003,26.94,26.909,26.92,26.904,26.914,26.909,26.878,26.816,26.816,26.894,26.878,26.883,26.966,27.023,26.966,26.951,26.997,27.106,27.034,27.044,27.075,27.21,27.189,27.225,27.308,27.288,27.277,27.272,27.251,27.246,27.225,27.339,27.412,27.35,27.355,27.469,27.479,27.432,27.319,27.282,27.407,27.344,27.375,27.386,27.381,27.422,27.365,27.375,27.407,27.422,27.484,27.448,27.474,27.386,27.391,27.381,27.282,27.277,27.282,27.303,27.344,27.37,27.334,27.324,27.319,27.427,27.386,27.438,27.412,27.37,27.272,27.355,27.37,27.023,27.148,27.148,27.039,27.06,26.712,26.592,26.66,26.722,26.753,26.581,26.576,26.519,27.07,27.08,27.08,26.816,26.425,26.43,26.362,26.383,26.488,26.456,26.467,26.42,26.472,26.399,26.529,26.592,26.561,26.43,26.519,26.31,26.331,26.279,26.394,26.305,26.148,26.033,25.975,25.703,25.739,25.771,25.85,25.823,26.064,26.623,26.357,25.671,25.376,25.324,25.366,25.345,25.308,25.229,25.197,25.234,25.213,25.287,25.134,25.123,25.176,25.176,25.303,25.239,25.218,25.202,25.202,25.218,25.25,25.229,25.25,25.271,25.329,25.281,25.408,25.519,26.028,26.555,25.949,25.324,25.334,25.376,25.434,25.44,25.45,25.466,25.487,25.503,25.54,25.582,25.608,25.645,25.676,25.713,25.75,25.823,25.907,26.012,26.132,26.268,26.347,26.383,26.477,27.054,27.556,27.634,27.654,27.696,27.685,27.453,27.246,27.251,27.293,27.484,27.443,27.469,27.417,27.381,27.324,27.277,27.231,27.189,27.153,27.122,27.08,27.054,27.029,26.997,26.977,26.956,26.935,26.914,26.894,26.873,26.852,26.842,26.821,26.8,26.779,26.769,26.764,26.764,26.758,26.764,26.758,26.753,26.748,26.732,26.722,26.701,26.686,26.67,26.649,26.644,26.634,26.634,26.634,26.634,26.634,26.634,26.623,26.613,26.607,26.597,26.581,26.571,26.555,26.54,26.529,26.514,26.508,26.508,26.508,26.508,26.508,26.503,26.503,26.493,26.488,26.482,26.477,26.482,26.488,26.488,26.488,26.488,26.488,26.488,26.488,26.488,26.498,26.508,26.508,26.503,26.508,26.503,26.498,26.493,26.493,26.493,26.493,26.488,26.482,26.477,26.477,26.477,26.482,26.482,26.493,26.493,26.488,26.488,26.482,26.488,26.477,26.477,26.482,26.477,26.477,26.477,26.472,26.467,26.456,26.446,26.441,26.435,26.43,26.425,26.42,26.409,26.404,26.394,26.383,26.378,26.362,26.352,26.342,26.331,26.331,26.331,26.326,26.315,26.315,26.31,26.315,26.31,26.315,26.315,26.321,26.331,26.336,26.336,26.336,26.342,26.336,26.336,26.342,26.347,26.352,26.352,26.357
,27.101,27.117,27.106,27.096,27.086,27.08,27.101,27.132,27.179,27.231,27.37,27.37,27.432,27.334,27.267,27.241,27.215,27.194,27.163,27.143,27.096,27.091,27.132,27.008,26.821,26.779,26.769,26.758,26.758,26.758,26.795,26.8,26.821,26.831,26.831,26.842,26.831,26.836,26.79,26.883,26.961,27.282,27.432,27.401,27.339,27.262,27.2,27.101,27.049,26.94,26.857,26.925,26.899,26.935,26.956,26.935,27.029,27.168,27.168,27.111,27.148,27.179,27.231,27.174,27.365,27.36,27.438,27.355,27.375,27.536,27.51,27.5,27.344,27.334,27.319,27.308,27.293,27.282,27.293,27.308,27.391,27.391,27.422,27.422,27.422,27.458,27.401,27.438,27.448,27.386,27.355,27.401,27.391,27.427,27.381,27.381,27.401,27.422,27.458,27.458,27.469,27.438,27.396,27.407,27.375,27.257,27.282,27.257,27.288,27.303,27.231,27.158,27.023,27.06,27.132,27.153,26.727,26.592,26.743,27.018,26.909,26.514,26.607,26.514,26.821,26.336,26.415,26.451,26.347,26.456,26.342,26.373,26.592,26.394,26.462,26.623,26.852,26.857,26.748,26.519,26.43,26.362,26.394,26.42,26.362,26.347,26.279,26.315,26.248,26.263,25.96,25.603,25.975,25.907,25.513,25.519,25.382,25.597,25.513,25.403,25.387,25.445,25.281,25.419,25.524,25.324,25.308,25.692,26.467,26.389,25.687,25.239,25.35,25.35,25.197,25.223,25.223,25.276,25.25,25.223,25.218,25.223,25.192,25.218,25.202,25.197,25.144,25.197,25.186,25.192,25.213,25.25,25.25,25.266,25.266,25.281,25.281,25.366,25.419,25.865,26.618,26.169,25.687,25.392,25.345,25.434,25.424,25.445,25.461,25.476,25.513,25.55,25.587,25.608,25.634,25.661,25.697,25.729,25.787,25.865,25.986,26.07,26.326,26.268,26.315,26.456,26.92,27.525,27.67,27.67,27.675,27.696,27.438,27.262,27.236,27.246,27.5,27.474,27.463,27.422,27.381,27.334,27.277,27.241,27.2,27.158,27.122,27.091,27.06,27.034,27.003,26.977,26.956,26.935,26.92,26.899,26.883,26.857,26.842,26.816,26.8,26.774,26.764,26.764,26.758,26.764,26.764,26.758,26.748,26.743,26.738,26.717,26.706,26.686,26.67,26.654,26.644,26.644,26.639,26.639,26.639,26.634,26.628,26.628,26.613,26.607,26.592,26.581,26.571,26.555,26.545,26.529,26.519,26.514,26.514,26.508,26.508,26.508,26.508,26.503,26.493,26.488,26.482,26.477,26.477,26.488,26.493,26.498,26.493,26.488,26.493,26.493,26.498,26.503,26.503,26.508,26.514,26.508,26.503,26.493,26.493,26.488,26.488,26.488,26.488,26.477,26.472,26.477,26.477,26.482,26.482,26.493,26.493,26.493,26.488,26.488,26.488,26.482,26.482,26.482,26.482,26.482,26.477,26.472,26.467,26.456,26.451,26.446,26.446,26.435,26.43,26.425,26.42,26.409,26.404,26.394,26.383,26.368,26.357,26.347,26.342,26.336,26.336,26.331,26.326,26.326,26.321,26.31,26.315,26.321,26.326,26.326,26.331,26.331,26.336,26.342,26.336,26.331,26.368,26.352,26.352,26.357,26.352,26.357
,27.044,27.143,27.117,27.111,27.101,27.101,27.111,27.132,27.163,27.184,27.298,27.396,27.35,27.319,27.303,27.272,27.246,27.189,27.194,27.153,27.117,27.08,27.034,26.92,26.862,26.738,26.769,26.753,26.769,26.79,26.805,26.821,26.857,26.873,26.878,26.868,26.847,26.852,26.873,26.925,26.878,27.158,27.438,27.401,27.344,27.293,27.246,27.215,27.122,27.158,27.184,26.956,27.143,27.158,27.127,27.194,27.319,27.344,27.386,27.272,27.365,27.412,27.355,27.438,27.479,27.37,27.443,27.417,27.417,27.505,27.525,27.546,27.37,27.324,27.319,27.308,27.308,27.319,27.313,27.35,27.375,27.391,27.422,27.443,27.453,27.432,27.438,27.432,27.417,27.407,27.381,27.391,27.438,27.412,27.417,27.417,27.412,27.375,27.489,27.412,27.386,27.339,27.391,27.288,27.153,27.158,27.179,26.956,26.784,26.764,26.722,26.764,26.357,26.404,26.362,26.482,26.555,26.227,26.373,26.19,26.336,26.462,26.467,26.43,26.472,26.456,26.43,26.435,26.456,26.409,26.284,26.326,26.132,26.232,26.289,26.326,26.691,26.899,26.758,26.482,26.258,25.986,25.781,25.881,25.487,25.445,25.229,25.376,25.345,25.229,25.297,25.382,25.271,25.318,25.266,25.234,25.339,25.313,25.266,25.26,25.213,25.245,25.239,25.26,25.276,25.276,25.25,25.555,26.216,26.493,26.085,25.408,25.318,25.287,25.208,25.186,25.197,25.218,25.202,25.176,25.181,25.165,25.186,25.181,25.165,25.208,25.192,25.192,25.186,25.208,25.218,25.245,25.255,25.26,25.271,25.281,25.334,25.318,25.403,25.618,26.326,26.435,25.692,25.366,25.445,25.424,25.413,25.44,25.455,25.482,25.519,25.555,25.582,25.618,25.634,25.661,25.671,25.697,25.745,25.734,25.818,26.007,26.274,26.31,26.326,26.514,26.914,27.51,27.685,27.69,27.706,27.69,27.608,27.458,27.375,27.298,27.469,27.53,27.484,27.422,27.386,27.329,27.282,27.241,27.2,27.168,27.132,27.096,27.065,27.034,27.003,26.977,26.956,26.935,26.914,26.904,26.883,26.868,26.847,26.821,26.8,26.779,26.764,26.758,26.758,26.764,26.764,26.753,26.748,26.738,26.732,26.717,26.706,26.686,26.675,26.654,26.649,26.644,26.634,26.639,26.634,26.634,26.634,26.628,26.618,26.607,26.592,26.581,26.571,26.561,26.54,26.535,26.529,26.519,26.519,26.514,26.514,26.508,26.508,26.503,26.498,26.488,26.482,26.482,26.482,26.488,26.493,26.493,26.498,26.498,26.488,26.498,26.498,26.503,26.514,26.514,26.514,26.508,26.503,26.493,26.488,26.488,26.482,26.482,26.482,26.477,26.477,26.477,26.477,26.477,26.488,26.493,26.493,26.493,26.488,26.488,26.488,26.488,26.482,26.482,26.477,26.482,26.477,26.472,26.467,26.467,26.456,26.446,26.441,26.441,26.43,26.43,26.425,26.415,26.404,26.399,26.383,26.373,26.362,26.352,26.347,26.342,26.342,26.336,26.331,26.321,26.326,26.321,26.326,26.326,26.331,26.331,26.336,26.336,26.336,26.336,26.347,26.321,26.347,26.362,26.357,26.357,26.352,26.357
,27.122,27.132,27.132,27.122,27.111,27.106,27.111,27.127,27.148,27.179,27.2,27.381,27.339,27.339,27.319,27.293,27.272,27.251,27.236,27.22,27.163,27.106,27.086,27.122,26.795,26.753,26.738,26.758,26.769,26.753,26.8,26.904,26.956,26.956,26.977,26.899,26.873,26.883,26.935,27.018,27.07,27.282,27.298,27.422,27.407,27.344,27.303,27.251,27.257,27.241,27.272,27.344,27.308,27.344,27.329,27.381,27.432,27.37,27.386,27.334,27.381,27.458,27.474,27.505,27.381,27.443,27.463,27.432,27.386,27.463,27.587,27.53,27.484,27.458,27.407,27.334,27.36,27.319,27.344,27.355,27.375,27.422,27.412,27.494,27.51,27.551,27.546,27.525,27.484,27.422,27.561,27.448,27.324,27.298,27.231,27.158,26.894,26.842,26.836,26.732,26.784,26.706,26.862,26.686,26.54,27.003,27.163,26.935,26.727,26.545,26.409,26.331,26.368,26.315,26.368,26.409,26.253,26.221,26.289,26.342,26.389,26.373,26.389,26.242,26.221,26.101,26.07,26.106,26.101,25.913,25.949,25.813,25.703,25.682,25.618,25.687,26.002,26.675,26.602,25.813,25.455,25.25,25.276,25.234,25.271,25.123,25.208,25.234,25.171,25.208,25.181,25.192,25.186,25.266,25.144,25.186,25.25,25.202,25.165,25.144,25.208,25.208,25.192,25.192,25.266,25.218,25.229,25.266,25.886,26.493,26.148,25.461,25.355,25.25,25.218,25.229,25.197,25.202,25.176,25.186,25.171,25.181,25.186,25.186,25.192,25.186,25.192,25.186,25.192,25.202,25.223,25.234,25.255,25.266,25.271,25.281,25.303,25.292,25.403,25.534,26.206,26.592,25.766,25.434,25.408,25.403,25.429,25.45,25.455,25.497,25.534,25.555,25.608,25.597,25.661,25.65,25.703,25.692,25.708,25.776,25.755,26.002,26.085,26.321,26.331,26.644,26.992,27.401,27.649,27.608,27.68,27.696,27.696,27.479,27.308,27.277,27.515,27.5,27.469,27.432,27.396,27.339,27.282,27.246,27.205,27.174,27.143,27.101,27.065,27.034,27.003,26.982,26.956,26.935,26.92,26.904,26.888,26.873,26.857,26.826,26.8,26.774,26.764,26.758,26.753,26.758,26.748,26.748,26.743,26.732,26.727,26.722,26.706,26.686,26.675,26.665,26.654,26.644,26.644,26.639,26.639,26.644,26.634,26.634,26.623,26.607,26.592,26.581,26.566,26.561,26.55,26.535,26.529,26.524,26.519,26.519,26.514,26.514,26.508,26.503,26.498,26.493,26.482,26.477,26.482,26.493,26.498,26.503,26.503,26.503,26.498,26.498,26.503,26.503,26.508,26.514,26.514,26.508,26.498,26.493,26.482,26.482,26.477,26.482,26.482,26.477,26.472,26.477,26.477,26.482,26.488,26.482,26.488,26.482,26.482,26.488,26.482,26.482,26.482,26.482,26.482,26.477,26.477,26.472,26.472,26.462,26.456,26.451,26.446,26.441,26.435,26.43,26.425,26.42,26.409,26.399,26.394,26.378,26.368,26.362,26.352,26.352,26.342,26.342,26.336,26.331,26.326,26.326,26.331,26.331,26.336,26.336,26.336,26.336,26.331,26.336,26.342,26.352,26.368,26.357,26.362,26.362,26.362,26.362
,27.148,27.132,27.137,27.132,27.117,27.111,27.122,27.127,27.143,27.163,27.163,27.298,27.334,27.329,27.324,27.308,27.293,27.262,27.241,27.215,27.158,27.111,27.127,27.08,26.899,26.816,26.836,26.909,26.795,26.862,27.06,27.029,27.075,27.034,27.241,27.324,27.381,27.412,27.298,27.355,27.391,27.355,27.334,27.37,27.375,27.344,27.319,27.293,27.277,27.282,27.288,27.277,27.37,27.375,27.469,27.453,27.438,27.448,27.448,27.443,27.37,27.432,27.463,27.494,27.494,27.5,27.412,27.453,27.448,27.463,27.505,27.541,27.561,27.489,27.37,27.334,27.396,27.329,27.396,27.396,27.339,27.375,27.479,27.251,27.163,26.966,26.94,27.013,26.982,26.982,26.743,26.878,26.607,26.644,26.587,26.561,26.435,26.404,26.368,26.347,26.389,26.378,26.404,26.352,26.389,26.691,26.945,26.92,26.68,26.519,26.508,26.389,26.498,26.472,26.357,26.315,26.274,26.023,26.242,26.07,25.86,25.923,25.776,25.745,25.65,25.376,25.324,25.366,25.266,25.197,25.197,25.234,25.223,25.213,25.06,25.223,25.387,26.42,26.712,26.028,25.334,25.155,25.102,25.081,25.165,25.186,25.197,25.192,25.213,25.234,25.218,25.155,25.186,25.171,25.202,25.208,25.186,25.197,25.202,25.192,25.176,25.16,25.192,25.208,25.192,25.218,25.186,25.26,25.676,26.456,26.472,25.597,25.339,25.186,25.239,25.25,25.176,25.186,25.176,25.171,25.171,25.165,25.171,25.181,25.181,25.192,25.186,25.197,25.192,25.197,25.223,25.239,25.245,25.271,25.266,25.276,25.318,25.297,25.334,25.382,26.012,26.576,26.143,25.55,25.45,25.434,25.45,25.461,25.461,25.471,25.54,25.582,25.608,25.65,25.592,25.739,25.687,25.671,25.708,25.771,25.808,25.881,26.096,26.3,26.493,26.94,27.137,27.463,27.618,27.67,27.711,27.696,27.685,27.515,27.432,27.463,27.37,27.525,27.474,27.438,27.401,27.35,27.293,27.241,27.205,27.174,27.143,27.101,27.07,27.029,26.992,26.971,26.94,26.93,26.914,26.904,26.888,26.873,26.847,26.826,26.795,26.774,26.753,26.748,26.743,26.748,26.743,26.738,26.732,26.727,26.722,26.717,26.706,26.691,26.675,26.665,26.649,26.644,26.639,26.644,26.644,26.644,26.644,26.634,26.623,26.607,26.592,26.576,26.561,26.555,26.545,26.54,26.535,26.529,26.524,26.519,26.519,26.514,26.514,26.503,26.498,26.488,26.482,26.482,26.488,26.493,26.498,26.503,26.508,26.508,26.514,26.503,26.508,26.508,26.508,26.514,26.514,26.508,26.498,26.488,26.482,26.482,26.477,26.477,26.477,26.472,26.467,26.472,26.472,26.477,26.477,26.482,26.482,26.482,26.477,26.477,26.477,26.482,26.477,26.482,26.477,26.477,26.477,26.472,26.467,26.467,26.456,26.451,26.446,26.441,26.441,26.43,26.425,26.415,26.409,26.404,26.399,26.389,26.378,26.368,26.368,26.357,26.352,26.347,26.342,26.331,26.331,26.331,26.336,26.342,26.336,26.336,26.336,26.342,26.336,26.336,26.342,26.347,26.357,26.362,26.368,26.368,26.368,26.368
,27.148,27.148,27.153,27.148,27.137,27.122,27.122,27.127,27.137,27.158,27.132,27.184,27.381,27.319,27.329,27.319,27.308,27.282,27.257,27.205,27.174,27.148,27.111,27.117,27.08,26.997,27.168,27.22,27.101,27.091,27.189,27.148,27.158,27.21,27.262,27.303,27.344,27.339,27.365,27.412,27.432,27.37,27.35,27.381,27.391,27.355,27.313,27.308,27.298,27.293,27.308,27.375,27.427,27.329,27.401,27.35,27.438,27.396,27.422,27.391,27.417,27.386,27.463,27.489,27.448,27.458,27.381,27.365,27.407,27.422,27.381,27.407,27.339,27.282,27.272,27.277,27.308,27.365,26.805,26.852,26.665,26.706,26.592,26.561,26.545,26.451,26.623,26.446,26.368,26.399,26.232,26.425,26.352,26.258,26.446,26.43,26.43,26.263,26.389,26.352,26.3,26.373,26.404,26.378,26.336,26.535,26.888,26.706,26.67,25.918,25.818,25.729,25.755,25.692,25.724,25.566,25.434,25.424,25.613,25.355,25.218,25.213,25.276,25.239,25.287,25.15,25.118,25.107,25.128,25.086,25.223,25.165,25.218,25.176,25.144,25.171,25.334,26.242,26.529,26.305,25.629,25.144,25.15,25.15,25.144,25.134,25.16,25.16,25.192,25.176,25.213,25.165,25.181,25.186,25.192,25.202,25.202,25.192,25.192,25.186,25.181,25.192,25.197,25.197,25.192,25.192,25.192,25.229,25.519,26.326,26.498,25.829,25.408,25.276,25.223,25.229,25.186,25.186,25.16,25.165,25.171,25.165,25.165,25.171,25.181,25.186,25.202,25.197,25.176,25.176,25.239,25.218,25.25,25.297,25.25,25.281,25.324,25.313,25.366,25.387,25.855,26.561,26.352,25.545,25.497,25.471,25.492,25.54,25.519,25.497,25.534,25.582,25.592,25.645,25.645,25.682,25.697,25.734,25.876,25.85,25.897,26.059,26.336,26.482,26.508,27.023,27.21,27.53,27.582,27.634,27.685,27.69,27.701,27.598,27.448,27.313,27.432,27.489,27.458,27.448,27.407,27.36,27.298,27.262,27.215,27.174,27.148,27.101,27.065,27.029,26.987,26.956,26.935,26.925,26.909,26.899,26.883,26.868,26.847,26.821,26.795,26.774,26.753,26.748,26.743,26.738,26.732,26.732,26.727,26.727,26.722,26.712,26.701,26.686,26.675,26.665,26.654,26.649,26.644,26.644,26.639,26.644,26.644,26.634,26.628,26.607,26.592,26.571,26.561,26.555,26.545,26.54,26.535,26.535,26.529,26.524,26.519,26.519,26.514,26.508,26.498,26.488,26.482,26.482,26.482,26.488,26.498,26.503,26.514,26.514,26.514,26.508,26.508,26.503,26.503,26.503,26.508,26.503,26.493,26.488,26.482,26.477,26.472,26.472,26.467,26.467,26.467,26.472,26.472,26.472,26.472,26.472,26.477,26.477,26.477,26.477,26.472,26.472,26.472,26.472,26.472,26.472,26.472,26.472,26.467,26.462,26.456,26.451,26.446,26.446,26.441,26.43,26.43,26.425,26.42,26.415,26.404,26.389,26.383,26.378,26.373,26.368,26.357,26.347,26.342,26.331,26.336,26.336,26.336,26.342,26.342,26.347,26.336,26.342,26.336,26.342,26.347,26.352,26.357,26.368,26.368,26.368,26.373,26.373
,27.174,27.174,27.168,27.163,27.153,27.143,27.137,27.137,27.143,27.148,27.21,27.096,27.313,27.319,27.329,27.329,27.324,27.303,27.272,27.231,27.189,27.163,27.127,27.106,27.111,27.148,27.163,27.184,27.225,27.225,27.205,27.184,27.205,27.262,27.35,27.308,27.324,27.35,27.36,27.375,27.381,27.396,27.37,27.355,27.391,27.396,27.35,27.308,27.308,27.319,27.324,27.339,27.334,27.443,27.443,27.489,27.432,27.469,27.432,27.443,27.339,27.184,27.324,27.35,27.143,27.132,27.127,27.2,27.054,26.717,26.779,26.795,26.732,26.873,27.06,27.174,27.065,26.956,26.675,26.378,26.482,26.263,26.409,26.362,26.409,26.42,26.347,26.295,26.242,26.305,26.295,26.305,26.101,26.451,26.357,26.31,26.153,26.221,26.148,25.792,25.797,25.692,25.629,25.603,25.724,25.724,26.68,26.722,26.634,25.708,25.545,25.329,25.16,25.266,25.334,25.308,25.16,25.171,25.181,25.192,25.186,25.081,25.128,25.144,25.171,25.176,25.186,25.16,25.086,25.113,25.16,25.186,25.118,25.123,25.123,25.155,25.107,25.629,26.342,26.472,25.661,25.345,25.128,25.15,25.139,25.134,25.15,25.155,25.16,25.165,25.165,25.181,25.186,25.186,25.192,25.192,25.197,25.197,25.197,25.192,25.197,25.192,25.192,25.192,25.208,25.213,25.197,25.229,25.424,26.023,26.54,26.153,25.387,25.308,25.234,25.218,25.176,25.202,25.176,25.192,25.181,25.139,25.16,25.155,25.176,25.186,25.208,25.176,25.171,25.223,25.239,25.229,25.239,25.245,25.276,25.318,25.329,25.26,25.397,25.413,25.692,26.347,26.524,25.676,25.408,25.339,25.403,25.482,25.624,25.54,25.734,25.676,25.792,25.918,26.043,26.059,26.305,26.2,26.514,26.425,26.221,26.258,26.456,26.498,26.644,27.148,27.236,27.489,27.592,27.654,27.685,27.685,27.742,27.618,27.448,27.282,27.313,27.479,27.474,27.458,27.412,27.37,27.308,27.262,27.215,27.174,27.137,27.101,27.06,27.023,26.977,26.951,26.93,26.92,26.904,26.894,26.878,26.862,26.842,26.816,26.79,26.769,26.758,26.748,26.743,26.738,26.732,26.727,26.727,26.722,26.717,26.712,26.701,26.686,26.675,26.665,26.66,26.649,26.639,26.644,26.644,26.644,26.639,26.628,26.618,26.607,26.592,26.576,26.566,26.555,26.55,26.545,26.54,26.535,26.529,26.524,26.524,26.519,26.514,26.508,26.498,26.488,26.482,26.482,26.482,26.488,26.493,26.503,26.519,26.514,26.514,26.514,26.503,26.503,26.503,26.503,26.503,26.498,26.488,26.482,26.472,26.467,26.467,26.467,26.467,26.467,26.467,26.467,26.467,26.467,26.467,26.467,26.467,26.467,26.472,26.472,26.472,26.472,26.472,26.472,26.472,26.472,26.472,26.467,26.467,26.456,26.456,26.451,26.446,26.441,26.441,26.43,26.43,26.43,26.425,26.415,26.409,26.399,26.383,26.378,26.378,26.368,26.362,26.357,26.347,26.342,26.342,26.342,26.347,26.347,26.352,26.347,26.342,26.347,26.347,26.342,26.347,26.357,26.362,26.357,26.368,26.368,26.368,26.373
,27.179,27.179,27.194,27.194,27.184,27.168,27.163,27.163,27.168,27.184,27.22,27.22,27.282,27.319,27.319,27.334,27.329,27.313,27.282,27.236,27.189,27.163,27.122,27.111,27.101,27.132,27.184,27.163,27.174,27.194,27.262,27.262,27.205,27.246,27.329,27.329,27.329,27.386,27.422,27.438,27.365,27.35,27.412,27.422,27.51,27.344,27.324,27.319,27.35,27.443,27.422,27.35,27.344,27.158,27.111,27.184,27.106,26.992,27.034,27.018,26.899,26.462,26.696,26.649,26.357,26.404,26.347,26.409,26.409,26.362,26.409,26.435,26.321,26.321,26.462,26.862,26.982,26.961,26.634,26.357,26.279,26.31,26.263,26.31,26.253,26.279,26.295,25.986,26.038,26.064,26.012,25.86,25.918,25.76,25.692,25.445,25.392,25.139,25.345,25.113,25.292,25.345,25.171,25.208,25.297,25.54,26.248,26.675,26.587,25.739,25.271,25.213,25.25,25.176,25.213,25.25,25.15,25.245,25.186,25.165,25.192,25.15,25.128,25.123,25.118,25.076,25.107,25.091,25.044,25.049,25.091,25.091,25.097,25.107,25.054,25.097,25.15,25.424,26.488,26.555,25.975,25.376,25.181,25.15,25.134,25.123,25.134,25.139,25.16,25.171,25.176,25.186,25.192,25.197,25.208,25.202,25.208,25.208,25.202,25.202,25.213,25.213,25.208,25.208,25.202,25.213,25.213,25.25,25.271,25.823,26.639,26.315,25.487,25.26,25.223,25.155,25.171,25.186,25.197,25.192,25.171,25.176,25.171,25.186,25.171,25.16,25.202,25.197,25.181,25.255,25.25,25.255,25.208,25.176,25.181,25.202,25.197,25.292,25.339,25.276,25.597,26.55,26.79,26.19,26.017,26.143,26.159,26.19,26.31,26.263,26.456,26.435,26.66,26.722,26.831,26.894,26.997,27.137,27.288,27.07,26.8,26.493,26.373,26.503,26.966,27.5,27.401,27.541,27.598,27.659,27.716,27.726,27.752,27.644,27.386,27.381,27.334,27.505,27.479,27.458,27.432,27.386,27.319,27.262,27.22,27.168,27.132,27.101,27.06,27.018,26.982,26.945,26.93,26.92,26.904,26.888,26.873,26.852,26.836,26.81,26.79,26.769,26.758,26.748,26.743,26.738,26.732,26.722,26.722,26.712,26.706,26.701,26.696,26.686,26.675,26.665,26.66,26.649,26.649,26.644,26.644,26.639,26.639,26.628,26.618,26.607,26.592,26.581,26.571,26.561,26.55,26.55,26.545,26.54,26.535,26.535,26.529,26.524,26.519,26.503,26.498,26.488,26.482,26.477,26.482,26.488,26.503,26.508,26.514,26.514,26.514,26.508,26.503,26.503,26.498,26.498,26.498,26.493,26.488,26.482,26.472,26.472,26.467,26.467,26.462,26.462,26.462,26.467,26.467,26.462,26.462,26.456,26.462,26.462,26.462,26.462,26.462,26.462,26.467,26.467,26.467,26.462,26.467,26.462,26.462,26.456,26.451,26.446,26.435,26.435,26.43,26.43,26.43,26.43,26.425,26.415,26.404,26.399,26.383,26.378,26.373,26.368,26.362,26.357,26.352,26.342,26.342,26.347,26.352,26.352,26.352,26.352,26.352,26.347,26.347,26.347,26.347,26.357,26.362,26.362,26.368,26.368,26.373,26.373
,27.22,27.22,27.225,27.225,27.215,27.205,27.205,27.21,27.205,27.21,27.236,27.262,27.288,27.319,27.324,27.334,27.324,27.324,27.293,27.251,27.189,27.153,27.117,27.091,27.127,27.117,27.194,27.189,27.205,27.205,27.168,27.262,27.225,27.225,27.288,27.303,27.319,27.386,27.453,27.541,27.448,27.324,27.386,27.396,27.35,27.339,27.288,27.308,27.106,26.857,26.743,26.795,26.94,26.529,26.488,26.618,26.55,26.415,26.472,26.284,26.331,26.415,26.289,26.274,26.331,26.389,26.399,26.315,26.43,26.164,26.315,26.373,26.43,26.462,26.441,26.597,26.842,26.857,26.654,26.295,25.986,25.902,25.655,25.571,25.603,25.661,25.776,25.197,25.303,25.155,25.171,25.171,25.408,25.134,25.208,25.255,25.144,25.186,25.165,25.192,25.208,25.218,25.197,25.15,25.171,25.292,25.718,26.508,26.68,26.106,25.487,25.255,25.25,25.144,25.139,25.139,25.165,25.123,25.16,25.192,25.176,25.113,25.113,25.123,25.091,25.091,25.076,25.07,25.054,25.039,25.039,25.044,25.054,25.076,25.086,25.134,25.107,25.255,26.033,26.561,26.31,25.44,25.239,25.186,25.113,25.107,25.123,25.139,25.155,25.171,25.186,25.202,25.208,25.213,25.208,25.213,25.197,25.202,25.239,25.239,25.229,25.208,25.234,25.229,25.208,25.218,25.234,25.281,25.287,25.566,26.352,26.555,25.897,25.324,25.255,25.297,25.192,25.192,25.171,25.208,25.192,25.208,25.155,25.176,25.144,25.181,25.144,25.218,25.292,25.287,25.303,25.408,25.545,25.666,25.96,25.975,25.944,26.237,26.169,26.373,26.467,27.101,27.36,26.925,26.894,26.977,27.091,27.018,27.122,27.179,27.288,27.257,27.288,27.272,27.282,27.303,27.293,27.37,27.401,27.262,26.982,26.498,26.451,26.576,26.956,27.51,27.5,27.53,27.639,27.675,27.737,27.737,27.747,27.67,27.443,27.355,27.412,27.536,27.525,27.469,27.438,27.391,27.329,27.262,27.21,27.174,27.137,27.101,27.06,27.018,26.987,26.961,26.935,26.914,26.899,26.883,26.862,26.852,26.831,26.81,26.795,26.774,26.764,26.753,26.748,26.738,26.732,26.727,26.717,26.712,26.701,26.696,26.691,26.68,26.675,26.665,26.654,26.649,26.644,26.644,26.639,26.634,26.634,26.634,26.618,26.613,26.597,26.587,26.571,26.566,26.555,26.555,26.545,26.545,26.54,26.535,26.529,26.524,26.514,26.508,26.498,26.493,26.482,26.482,26.488,26.498,26.503,26.508,26.514,26.514,26.514,26.508,26.503,26.498,26.498,26.493,26.493,26.493,26.482,26.482,26.472,26.472,26.467,26.462,26.467,26.467,26.462,26.467,26.462,26.462,26.456,26.451,26.456,26.451,26.451,26.451,26.456,26.456,26.456,26.462,26.462,26.462,26.462,26.456,26.451,26.446,26.435,26.435,26.435,26.43,26.43,26.425,26.425,26.42,26.42,26.415,26.404,26.394,26.383,26.373,26.373,26.368,26.362,26.357,26.352,26.352,26.347,26.347,26.347,26.357,26.357,26.357,26.357,26.352,26.352,26.352,26.347,26.352,26.357,26.362,26.368,26.368,26.373,26.368
,27.277,27.262,27.267,27.251,27.241,27.251,27.241,27.246,27.231,27.225,27.257,27.267,27.288,27.324,27.308,27.313,27.303,27.303,27.298,27.179,27.137,27.117,26.971,27.044,27.049,27.08,27.122,27.127,27.179,27.029,27.168,27.132,27.241,27.241,27.272,27.236,27.246,26.997,26.935,26.701,26.613,26.795,26.696,26.665,26.966,27.034,27.111,27.075,26.587,26.519,26.514,26.519,26.545,26.268,26.315,26.321,26.227,26.415,26.467,26.524,26.232,26.362,26.477,26.514,26.524,26.415,26.321,26.075,26.159,26.054,25.792,25.766,25.839,25.865,25.802,26.221,26.805,26.722,26.467,25.666,25.376,25.355,25.287,25.213,25.15,25.266,25.25,25.165,25.165,25.113,25.234,25.281,25.144,25.181,25.213,25.25,25.202,25.144,25.171,25.202,25.197,25.171,25.102,25.181,25.15,25.186,25.629,26.258,26.607,26.18,25.503,25.223,25.213,25.16,25.165,25.144,25.134,25.118,25.123,25.123,25.118,25.118,25.102,25.086,25.076,25.06,25.049,25.033,25.007,24.991,25.002,25.002,25.012,25.017,25.065,25.091,25.155,25.339,25.881,26.508,26.55,25.776,25.234,25.171,25.07,25.012,25.134,25.155,25.171,25.176,25.218,25.223,25.202,25.292,25.271,25.223,25.234,25.281,25.255,25.245,25.229,25.276,25.25,25.292,25.271,25.213,25.239,25.271,25.281,25.429,26.253,26.784,25.991,25.376,25.345,25.287,25.229,25.255,25.271,25.297,25.308,25.471,25.524,25.592,25.65,25.645,25.918,26.174,26.059,26.373,26.347,26.524,26.399,26.81,27.091,27.132,27.101,27.054,27.344,27.494,27.422,27.51,27.525,27.432,27.443,27.375,27.582,27.5,27.407,27.427,27.386,27.365,27.339,27.324,27.355,27.319,27.324,27.36,27.391,27.225,26.644,25.755,25.624,25.713,27.06,27.556,27.489,27.582,27.675,27.721,27.721,27.778,27.778,27.696,27.51,27.505,27.386,27.448,27.515,27.484,27.458,27.407,27.35,27.288,27.231,27.184,27.143,27.106,27.065,27.029,26.997,26.966,26.945,26.925,26.899,26.883,26.862,26.842,26.831,26.81,26.795,26.774,26.769,26.764,26.753,26.743,26.738,26.722,26.717,26.706,26.706,26.696,26.691,26.686,26.67,26.66,26.654,26.644,26.644,26.639,26.634,26.628,26.628,26.623,26.618,26.613,26.597,26.592,26.581,26.566,26.561,26.555,26.555,26.55,26.545,26.54,26.535,26.529,26.514,26.514,26.503,26.498,26.493,26.488,26.498,26.503,26.503,26.508,26.508,26.508,26.508,26.503,26.503,26.503,26.498,26.498,26.493,26.493,26.488,26.482,26.477,26.472,26.472,26.472,26.462,26.462,26.462,26.462,26.462,26.456,26.456,26.451,26.446,26.446,26.451,26.446,26.441,26.446,26.451,26.451,26.451,26.451,26.451,26.446,26.441,26.435,26.43,26.425,26.425,26.425,26.425,26.42,26.42,26.415,26.404,26.399,26.389,26.383,26.378,26.368,26.368,26.362,26.357,26.357,26.352,26.352,26.352,26.352,26.352,26.357,26.362,26.357,26.357,26.352,26.352,26.347,26.347,26.347,26.357,26.362,26.368,26.368,26.373,26.373
,27.272,27.308,27.272,27.257,27.236,27.303,27.293,27.267,27.251,27.215,27.282,27.262,27.293,27.313,27.308,27.293,27.303,27.215,27.163,27.246,27.117,27.018,26.992,27.044,27.003,26.987,26.971,27.003,26.956,26.883,26.899,26.805,26.581,26.764,26.514,26.514,26.519,26.555,26.55,26.613,26.555,26.462,26.451,26.477,26.508,26.982,27.034,26.966,26.743,26.415,26.472,26.409,26.221,26.221,26.232,26.352,26.31,26.284,26.279,26.253,26.216,26.112,25.566,25.461,25.408,25.392,25.408,25.703,25.297,25.297,25.503,25.345,25.15,25.266,25.455,25.582,26.31,26.597,26.55,25.713,25.292,25.229,25.229,25.25,25.176,25.181,25.234,25.176,25.192,25.155,25.134,25.239,25.144,25.118,25.208,25.266,25.144,25.15,25.171,25.155,25.202,25.171,25.15,25.118,25.186,25.134,25.213,25.923,26.561,26.477,25.718,25.208,25.123,25.15,25.16,25.123,25.091,25.097,25.102,25.107,25.107,25.097,25.081,25.065,25.044,25.023,25.012,25.002,24.98,24.975,24.964,24.964,24.959,24.964,24.97,25.039,25.176,25.202,25.645,26.462,26.498,26.112,25.35,25.255,25.171,25.102,25.128,25.165,25.176,25.197,25.186,25.234,25.239,25.303,25.25,25.192,25.223,25.26,25.25,25.245,25.26,25.26,25.239,25.255,25.239,25.245,25.297,25.397,25.376,25.524,26.284,26.857,26.722,26.064,26.017,26.085,25.965,26.185,26.321,26.441,26.524,26.904,26.722,26.888,26.847,26.888,26.92,26.94,26.992,27.194,27.298,27.277,27.288,27.298,27.422,27.427,27.484,27.505,27.484,27.541,27.551,27.551,27.587,27.603,27.536,27.644,27.587,27.5,27.391,27.422,27.396,27.386,27.329,27.313,27.319,27.329,27.365,27.375,27.396,27.22,26.68,25.776,25.613,25.766,26.701,27.288,27.541,27.515,27.67,27.701,27.778,27.768,27.757,27.716,27.489,27.458,27.396,27.463,27.541,27.494,27.474,27.417,27.35,27.288,27.236,27.184,27.153,27.111,27.07,27.039,27.008,26.977,26.951,26.925,26.909,26.883,26.862,26.847,26.826,26.816,26.8,26.79,26.779,26.769,26.764,26.753,26.743,26.727,26.717,26.706,26.701,26.696,26.691,26.675,26.67,26.654,26.644,26.634,26.639,26.634,26.634,26.628,26.628,26.623,26.618,26.613,26.602,26.592,26.581,26.576,26.566,26.561,26.561,26.561,26.55,26.545,26.54,26.529,26.524,26.508,26.503,26.503,26.503,26.503,26.503,26.508,26.508,26.503,26.508,26.508,26.503,26.503,26.503,26.503,26.503,26.498,26.498,26.493,26.493,26.488,26.477,26.477,26.477,26.472,26.472,26.467,26.462,26.462,26.462,26.456,26.451,26.451,26.451,26.446,26.441,26.435,26.435,26.435,26.446,26.446,26.446,26.446,26.441,26.435,26.43,26.425,26.415,26.415,26.415,26.415,26.415,26.409,26.409,26.399,26.394,26.389,26.378,26.373,26.368,26.362,26.362,26.357,26.352,26.347,26.352,26.347,26.342,26.347,26.357,26.357,26.362,26.362,26.362,26.357,26.357,26.352,26.342,26.347,26.352,26.362,26.368,26.373,26.373,26.373
,27.272,27.35,27.329,27.329,27.298,27.35,27.324,27.329,27.288,27.339,27.412,27.396,27.355,27.293,27.267,27.189,27.111,27.065,27.091,26.956,26.93,26.857,26.644,26.675,26.784,26.581,26.529,26.373,26.362,26.336,26.368,26.336,26.378,26.503,26.435,26.362,26.508,26.43,26.451,26.446,26.409,26.508,26.383,26.399,26.472,26.784,26.821,26.852,26.712,26.425,26.321,26.038,25.923,25.808,25.75,25.128,25.524,25.655,25.54,25.503,25.218,25.065,25.134,25.202,25.208,25.155,25.15,25.054,25.107,25.192,25.213,25.144,25.107,25.128,25.176,25.329,26.085,26.639,26.524,25.865,25.281,25.218,25.144,25.192,25.176,25.165,25.113,25.171,25.181,25.165,25.192,25.176,25.144,25.107,25.123,25.139,25.192,25.16,25.165,25.107,25.118,25.128,25.128,25.134,25.16,25.197,25.176,25.692,26.462,26.535,26.148,25.181,25.107,25.113,25.118,25.07,25.049,25.065,25.076,25.113,25.107,25.091,25.065,25.054,25.023,24.98,25.007,24.991,24.954,24.949,24.949,24.964,24.954,24.917,24.943,24.98,25.245,25.287,25.424,26.148,26.623,26.258,25.545,25.218,25.128,25.186,25.176,25.155,25.15,25.176,25.139,25.186,25.234,25.25,25.234,25.144,25.197,25.218,25.292,25.234,25.64,25.65,25.566,25.708,25.766,25.671,26.059,26.253,26.321,26.581,26.956,27.479,27.52,27.386,27.143,27.334,26.961,27.034,27.034,27.018,27.034,27.313,27.288,27.22,27.36,27.401,27.344,27.412,27.422,27.386,27.401,27.422,27.525,27.489,27.479,27.453,27.484,27.489,27.587,27.541,27.572,27.556,27.608,27.639,27.623,27.618,27.582,27.525,27.438,27.401,27.407,27.432,27.401,27.344,27.35,27.334,27.391,27.365,27.355,27.215,26.925,26.347,26.263,26.743,26.54,26.935,27.443,27.541,27.634,27.685,27.752,27.757,27.788,27.788,27.644,27.556,27.458,27.5,27.546,27.505,27.479,27.432,27.37,27.303,27.257,27.205,27.163,27.117,27.08,27.044,27.013,26.987,26.961,26.94,26.909,26.888,26.873,26.852,26.836,26.821,26.81,26.8,26.784,26.779,26.769,26.758,26.748,26.732,26.722,26.712,26.701,26.696,26.691,26.675,26.665,26.649,26.639,26.628,26.628,26.628,26.623,26.628,26.623,26.623,26.618,26.618,26.613,26.597,26.587,26.576,26.571,26.566,26.566,26.566,26.561,26.555,26.55,26.535,26.529,26.519,26.508,26.508,26.508,26.508,26.514,26.508,26.514,26.514,26.508,26.508,26.503,26.508,26.508,26.508,26.508,26.503,26.503,26.498,26.493,26.493,26.482,26.482,26.482,26.477,26.477,26.472,26.467,26.467,26.462,26.456,26.456,26.451,26.446,26.441,26.435,26.435,26.43,26.43,26.435,26.435,26.435,26.435,26.43,26.43,26.425,26.42,26.415,26.409,26.409,26.404,26.404,26.404,26.399,26.394,26.389,26.383,26.373,26.368,26.362,26.357,26.357,26.352,26.352,26.352,26.347,26.342,26.347,26.347,26.352,26.362,26.368,26.368,26.362,26.362,26.357,26.352,26.352,26.347,26.352,26.357,26.368,26.373,26.373,26.373
,27.262,27.194,27.231,27.215,27.101,27.054,27.184,27.075,27.148,26.842,26.738,26.774,26.966,26.706,26.888,27.251,27.049,27.044,27.008,26.743,26.597,26.508,26.389,26.472,26.654,26.696,26.415,26.456,26.493,26.482,26.477,26.467,26.503,26.451,26.555,26.456,26.295,26.242,26.357,26.117,26.117,26.112,26.043,25.902,25.834,26.206,26.613,26.717,26.618,25.996,25.313,25.419,25.239,25.197,25.192,25.218,25.118,25.155,25.06,25.239,25.16,25.102,25.128,25.097,25.097,25.118,25.054,25.113,25.118,25.15,25.123,25.118,25.102,25.102,25.113,25.086,25.713,26.508,26.54,26.472,25.45,25.086,25.155,25.128,25.197,25.118,25.118,25.102,25.097,25.123,25.134,25.128,25.128,25.097,25.134,25.15,25.155,25.171,25.07,25.039,25.044,25.054,25.07,25.081,25.039,25.044,25.065,25.287,26.268,26.493,26.441,25.223,25.049,25.07,25.028,25.012,25.028,25.06,25.06,25.07,25.076,25.097,25.065,25.028,25.007,24.98,24.975,24.954,24.954,24.964,24.917,24.938,24.949,24.949,24.959,24.996,25.118,25.255,25.287,25.766,26.446,26.399,25.792,25.234,25.234,25.234,25.113,25.287,25.324,25.229,25.371,25.692,25.613,25.918,25.949,26.059,26.064,26.059,26.258,26.211,26.362,26.862,26.712,26.738,27.008,27.148,27.158,27.391,27.412,27.592,27.453,27.561,27.665,27.541,27.479,27.438,27.515,27.412,27.417,27.386,27.334,27.37,27.303,27.241,27.37,27.303,27.319,27.308,27.344,27.36,27.308,27.427,27.474,27.438,27.469,27.432,27.5,27.541,27.53,27.618,27.675,27.665,27.665,27.711,27.747,27.778,27.68,27.525,27.474,27.5,27.339,27.344,27.091,27.07,27.075,26.951,26.94,26.764,26.66,26.623,26.581,26.493,26.153,26.42,26.404,26.628,26.68,26.966,27.231,27.747,27.757,27.799,27.814,27.773,27.644,27.52,27.474,27.474,27.577,27.556,27.51,27.453,27.381,27.324,27.277,27.22,27.168,27.127,27.091,27.054,27.018,26.992,26.966,26.945,26.914,26.894,26.873,26.857,26.842,26.826,26.816,26.8,26.79,26.784,26.774,26.769,26.753,26.738,26.727,26.722,26.712,26.701,26.691,26.675,26.665,26.649,26.639,26.628,26.623,26.628,26.623,26.618,26.623,26.623,26.618,26.613,26.607,26.597,26.592,26.581,26.581,26.571,26.571,26.571,26.566,26.566,26.555,26.55,26.535,26.524,26.514,26.514,26.519,26.519,26.524,26.519,26.519,26.514,26.514,26.508,26.508,26.508,26.514,26.514,26.519,26.514,26.508,26.508,26.498,26.498,26.493,26.488,26.482,26.482,26.482,26.477,26.472,26.467,26.462,26.451,26.451,26.446,26.441,26.441,26.435,26.43,26.435,26.435,26.441,26.435,26.43,26.43,26.43,26.425,26.42,26.415,26.409,26.399,26.404,26.399,26.394,26.394,26.389,26.383,26.378,26.378,26.368,26.368,26.362,26.357,26.357,26.352,26.352,26.352,26.347,26.342,26.347,26.352,26.362,26.368,26.373,26.373,26.368,26.368,26.362,26.362,26.357,26.352,26.357,26.362,26.368,26.373,26.378,26.378
,27.018,26.852,26.66,26.68,26.592,26.477,26.451,26.472,26.524,26.477,26.456,26.399,26.54,26.467,26.613,26.878,27.086,27.158,27.189,26.555,26.618,26.415,26.555,26.566,26.686,26.472,26.368,26.43,26.383,26.227,25.944,25.771,25.865,25.86,25.944,25.881,25.713,25.576,25.745,25.266,25.487,25.186,25.123,25.192,25.192,25.329,26.592,26.79,26.784,26.059,25.292,25.197,25.26,25.276,25.202,25.218,25.176,25.134,25.123,25.128,25.065,25.049,25.049,25.049,25.049,25.06,25.107,25.06,25.065,25.081,25.081,25.06,25.049,25.07,25.039,25.033,25.376,26.321,26.618,26.597,25.839,25.07,25.118,25.044,25.171,25.07,25.049,25.044,25.06,25.091,25.113,25.107,25.107,25.091,25.017,24.98,24.97,24.943,24.996,25.012,25.023,25.028,25.028,24.996,25.012,25.017,25.023,24.996,25.829,26.529,26.571,25.718,25.039,25.091,25.054,25.054,25.065,25.028,25.044,25.07,25.123,25.107,25.081,25.023,24.943,24.986,24.975,24.949,24.991,24.964,24.996,24.986,24.885,24.875,24.927,24.912,24.922,24.97,25.25,25.529,26.482,26.743,26.274,25.975,25.918,25.928,25.781,25.76,26.326,26.31,26.295,26.321,26.373,26.675,26.753,26.774,26.966,27.163,27.334,27.251,27.21,27.37,27.407,27.344,27.417,27.582,27.37,27.603,27.608,27.598,27.623,27.598,27.634,27.639,27.551,27.572,27.577,27.458,27.474,27.319,27.272,27.251,27.267,27.303,27.262,27.308,27.329,27.308,27.298,27.329,27.391,27.396,27.494,27.603,27.587,27.556,27.634,27.68,27.67,27.654,27.484,27.453,27.587,27.37,27.153,27.111,27.127,26.81,26.654,26.675,26.31,26.2,26.049,26.122,26.038,25.939,25.902,25.897,25.865,25.86,25.897,25.933,25.996,25.96,26.091,26.185,26.211,26.581,26.847,27.763,27.732,27.809,27.835,27.757,27.68,27.525,27.525,27.458,27.582,27.613,27.598,27.458,27.401,27.339,27.277,27.231,27.189,27.137,27.096,27.06,27.023,26.997,26.971,26.951,26.925,26.904,26.883,26.868,26.852,26.836,26.821,26.805,26.795,26.784,26.779,26.769,26.758,26.748,26.738,26.727,26.717,26.706,26.691,26.675,26.66,26.644,26.639,26.628,26.628,26.623,26.618,26.623,26.618,26.613,26.618,26.613,26.607,26.602,26.597,26.587,26.581,26.576,26.571,26.571,26.571,26.571,26.566,26.55,26.54,26.535,26.524,26.524,26.524,26.524,26.529,26.529,26.524,26.524,26.519,26.514,26.519,26.519,26.524,26.519,26.519,26.519,26.519,26.508,26.503,26.503,26.493,26.493,26.493,26.493,26.488,26.482,26.477,26.462,26.456,26.451,26.446,26.446,26.441,26.435,26.435,26.435,26.441,26.446,26.441,26.441,26.435,26.43,26.43,26.425,26.42,26.409,26.399,26.394,26.394,26.389,26.383,26.378,26.378,26.383,26.378,26.378,26.373,26.373,26.362,26.362,26.357,26.357,26.352,26.352,26.347,26.347,26.352,26.357,26.362,26.373,26.378,26.378,26.378,26.378,26.373,26.368,26.357,26.362,26.362,26.368,26.373,26.378,26.383,26.383
,26.488,26.456,26.456,26.373,26.336,26.326,26.362,26.389,26.409,26.472,26.456,26.446,26.279,26.289,26.425,26.816,27.07,26.971,26.888,26.722,26.42,26.101,25.886,25.907,25.776,25.54,25.724,25.492,25.466,25.397,25.445,25.35,25.303,25.266,25.192,25.202,25.197,25.16,25.165,25.245,25.15,25.255,25.15,25.234,25.25,25.229,25.739,26.696,26.81,26.477,25.587,25.229,25.26,25.107,25.139,25.155,25.155,25.118,25.118,25.091,25.081,25.017,25.039,25.039,25.044,25.039,25.028,25.023,25.002,25.012,25.012,25.023,25.028,25.044,24.991,25.007,24.943,25.813,26.555,26.561,26.362,25.266,24.991,25.002,25.023,25.007,25.002,25.012,25.017,25.039,25.091,25.102,25.107,25.044,24.975,24.954,24.933,24.927,24.97,24.954,25.007,25.007,25.002,24.975,24.986,24.959,25.06,25.028,25.471,26.368,26.628,26.315,25.197,25.017,25.065,25.076,25.044,25.044,25.033,25.065,25.218,25.218,25.139,25.033,24.991,24.98,25.007,24.986,24.98,25.065,25.134,25.229,25.176,25.128,25.708,25.865,26.221,26.279,26.274,26.607,26.971,27.293,27.484,26.951,26.909,26.862,27.148,27.148,27.2,27.111,27.143,27.091,27.101,27.288,27.225,27.231,27.293,27.35,27.334,27.35,27.407,27.443,27.453,27.561,27.489,27.505,27.51,27.53,27.654,27.572,27.587,27.649,27.639,27.603,27.598,27.623,27.592,27.536,27.329,27.422,27.308,27.303,27.339,27.313,27.324,27.386,27.386,27.422,27.417,27.484,27.5,27.494,27.267,27.101,26.997,26.961,26.628,26.555,26.514,26.618,26.2,26.127,26.477,26.971,26.289,26.023,25.923,25.734,25.676,25.676,25.618,25.624,25.65,25.676,25.76,25.818,25.834,25.85,25.881,25.918,25.939,25.923,25.965,25.918,25.939,25.944,26.002,26.206,26.696,27.432,27.757,27.793,27.809,27.819,27.701,27.541,27.53,27.489,27.629,27.685,27.665,27.375,27.438,27.355,27.303,27.251,27.2,27.153,27.101,27.065,27.034,27.003,26.982,26.956,26.93,26.909,26.894,26.873,26.857,26.847,26.826,26.81,26.8,26.79,26.784,26.769,26.764,26.753,26.743,26.727,26.717,26.706,26.696,26.675,26.665,26.654,26.644,26.634,26.628,26.628,26.623,26.618,26.618,26.618,26.613,26.613,26.607,26.602,26.592,26.587,26.581,26.576,26.576,26.576,26.576,26.576,26.571,26.561,26.55,26.54,26.535,26.535,26.535,26.535,26.54,26.535,26.529,26.529,26.524,26.519,26.524,26.524,26.519,26.524,26.529,26.524,26.524,26.514,26.508,26.508,26.503,26.503,26.508,26.503,26.493,26.488,26.477,26.462,26.456,26.446,26.446,26.441,26.441,26.435,26.441,26.441,26.446,26.446,26.446,26.441,26.435,26.435,26.43,26.43,26.415,26.409,26.399,26.389,26.383,26.383,26.378,26.378,26.378,26.383,26.389,26.389,26.389,26.383,26.378,26.373,26.368,26.362,26.362,26.357,26.357,26.352,26.352,26.362,26.373,26.383,26.389,26.394,26.389,26.389,26.389,26.383,26.373,26.368,26.368,26.368,26.373,26.378,26.389,26.389
,26.451,26.378,26.347,26.373,26.268,26.258,26.2,26.258,26.122,26.169,26.389,26.002,26.159,25.771,25.634,25.892,26.482,26.779,26.862,26.649,25.697,25.624,25.313,25.503,25.382,25.361,25.313,25.345,25.355,25.318,25.361,25.234,25.287,25.292,25.155,25.171,25.144,25.113,25.176,25.181,25.186,25.181,25.213,25.239,25.202,25.308,25.471,26.587,26.696,26.675,26.007,25.329,25.155,25.213,25.118,25.155,25.097,25.086,25.049,25.049,25.028,25.033,25.039,25.033,25.033,25.023,25.007,24.986,24.97,24.954,24.938,24.922,24.943,24.927,24.922,24.927,24.832,25.313,26.394,26.592,26.498,25.524,24.89,24.933,24.964,25.007,24.912,24.949,25.007,24.986,25.06,25.139,25.123,25.065,24.954,24.964,24.89,24.938,24.933,24.991,25.007,25.007,24.986,24.996,24.943,25.002,24.964,24.991,25.213,26.19,26.805,26.54,25.55,25.076,25.06,25.118,25.155,25.234,25.213,25.376,25.45,25.576,25.661,25.534,25.876,25.886,25.913,25.86,26.274,26.3,26.691,26.795,26.852,27.008,26.847,27.168,27.174,27.215,27.21,27.494,27.608,27.582,27.592,27.231,27.458,27.541,27.51,27.479,27.448,27.365,27.37,27.339,27.36,27.386,27.319,27.313,27.324,27.355,27.365,27.375,27.427,27.432,27.489,27.5,27.494,27.505,27.546,27.536,27.598,27.639,27.587,27.634,27.644,27.613,27.577,27.608,27.587,27.572,27.536,27.401,27.303,27.344,27.236,27.111,26.675,26.561,26.535,26.477,26.19,26.017,26.07,25.713,25.75,25.645,25.471,25.629,25.513,25.35,25.45,25.482,25.618,25.618,25.497,26.67,26.482,25.739,25.718,25.624,25.55,25.576,25.597,25.797,25.64,25.813,25.839,25.986,25.954,26.221,26.31,26.153,26.336,26.085,25.913,25.918,25.949,25.923,25.897,25.97,26.613,27.127,27.752,27.804,27.845,27.85,27.726,27.623,27.561,27.525,27.582,27.696,27.706,27.536,27.448,27.381,27.329,27.267,27.21,27.163,27.106,27.07,27.039,27.013,26.982,26.961,26.935,26.92,26.899,26.883,26.862,26.847,26.831,26.816,26.8,26.795,26.784,26.779,26.769,26.758,26.748,26.732,26.727,26.712,26.696,26.68,26.67,26.649,26.639,26.634,26.628,26.623,26.623,26.618,26.618,26.618,26.613,26.613,26.602,26.597,26.592,26.592,26.581,26.576,26.576,26.581,26.581,26.581,26.576,26.571,26.561,26.55,26.54,26.54,26.54,26.54,26.545,26.54,26.535,26.535,26.529,26.524,26.529,26.529,26.529,26.529,26.529,26.524,26.529,26.519,26.514,26.514,26.514,26.519,26.519,26.514,26.508,26.493,26.482,26.467,26.456,26.446,26.441,26.441,26.441,26.441,26.451,26.451,26.451,26.456,26.446,26.446,26.446,26.435,26.43,26.43,26.42,26.404,26.399,26.389,26.383,26.378,26.378,26.378,26.383,26.389,26.399,26.399,26.399,26.394,26.389,26.383,26.378,26.373,26.368,26.362,26.362,26.357,26.362,26.373,26.378,26.389,26.394,26.399,26.399,26.399,26.399,26.394,26.383,26.378,26.368,26.373,26.378,26.378,26.389,26.389
,25.97,25.944,25.802,25.923,26.002,25.55,25.303,25.355,25.281,25.329,25.266,25.339,25.234,25.16,25.329,25.476,26.043,26.712,26.722,26.727,26.085,25.55,25.26,25.303,25.297,25.361,25.287,25.339,25.324,25.281,25.292,25.229,25.229,25.229,25.181,25.197,25.192,25.181,25.15,25.144,25.113,25.202,25.155,25.208,25.197,25.165,25.476,26.3,26.764,26.795,26.503,25.408,25.202,25.113,25.076,24.996,25.028,25.007,25.007,24.996,25.007,25.012,25.028,25.033,25.028,25.017,24.991,24.97,24.922,24.906,24.906,24.885,24.885,24.901,24.896,24.89,24.938,24.97,26.143,26.686,26.623,26.138,25.028,24.917,24.933,24.97,24.927,24.954,24.964,24.964,25.049,25.139,25.155,25.165,24.996,24.89,24.922,24.97,24.938,24.986,24.991,24.949,24.885,24.885,24.875,24.912,25.176,25.181,25.229,25.996,26.784,27.08,26.54,25.692,25.703,26.054,26.169,26.174,26.326,26.503,26.634,26.727,26.935,26.878,26.888,27.143,27.257,27.163,27.148,27.303,27.386,27.427,27.463,27.494,27.51,27.5,27.556,27.577,27.598,27.598,27.598,27.613,27.629,27.716,27.706,27.587,27.474,27.484,27.381,27.267,27.293,27.313,27.324,27.303,27.365,27.339,27.339,27.35,27.381,27.391,27.432,27.463,27.51,27.53,27.525,27.51,27.52,27.556,27.561,27.546,27.515,27.443,27.443,27.489,27.355,27.257,26.592,26.357,26.383,26.315,25.823,25.597,25.661,25.802,25.692,25.455,25.55,25.392,25.387,25.513,25.618,25.582,25.513,25.403,25.403,25.303,25.429,25.45,25.534,25.65,25.64,25.613,25.713,26.607,26.816,26.227,26.216,26.467,26.66,26.581,26.618,26.675,26.618,26.613,26.581,26.467,26.68,26.54,26.696,26.592,26.639,26.592,26.148,25.902,25.933,25.933,25.933,26.007,26.2,26.956,27.845,27.793,27.824,27.824,27.793,27.68,27.613,27.598,27.629,27.716,27.675,27.572,27.505,27.438,27.35,27.288,27.225,27.174,27.122,27.08,27.044,27.013,26.987,26.961,26.935,26.92,26.899,26.883,26.873,26.852,26.831,26.821,26.81,26.8,26.79,26.784,26.774,26.764,26.753,26.738,26.727,26.712,26.722,26.686,26.67,26.654,26.644,26.634,26.628,26.623,26.623,26.618,26.618,26.613,26.613,26.607,26.602,26.597,26.592,26.581,26.581,26.581,26.581,26.581,26.587,26.581,26.576,26.571,26.566,26.555,26.55,26.55,26.55,26.545,26.55,26.545,26.54,26.535,26.535,26.529,26.529,26.519,26.519,26.524,26.529,26.529,26.524,26.524,26.524,26.519,26.524,26.524,26.524,26.524,26.514,26.503,26.482,26.472,26.456,26.446,26.446,26.441,26.446,26.446,26.446,26.451,26.451,26.451,26.451,26.451,26.441,26.435,26.43,26.43,26.42,26.415,26.404,26.394,26.389,26.383,26.383,26.383,26.394,26.404,26.409,26.415,26.404,26.404,26.394,26.389,26.389,26.383,26.373,26.368,26.368,26.368,26.373,26.378,26.378,26.394,26.399,26.404,26.404,26.404,26.404,26.404,26.394,26.394,26.378,26.378,26.383,26.383,26.394,26.399
,25.25,25.155,25.192,25.223,25.213,25.192,25.234,25.213,25.16,25.165,25.266,25.197,25.239,25.318,25.234,25.16,25.308,26.409,26.79,26.727,26.435,25.534,25.202,25.266,25.266,25.303,25.308,25.26,25.213,25.239,25.186,25.176,25.186,25.102,25.118,25.213,25.181,25.155,25.118,25.102,25.091,25.097,25.097,25.107,25.097,25.139,25.081,25.492,26.545,26.842,26.717,25.886,25.181,25.144,24.954,24.98,25.002,24.991,24.975,24.964,24.964,24.949,25.002,25.049,25.044,25.023,24.98,24.927,24.917,24.875,24.853,24.832,24.827,24.853,24.885,24.869,24.853,24.864,25.534,26.706,26.68,26.357,25.245,24.864,24.949,24.964,24.896,24.901,24.832,24.959,24.853,25.107,25.229,25.118,25.002,24.864,24.811,24.811,24.943,25.081,24.875,25.065,25.318,25.408,25.692,25.781,26.08,26.258,26.404,26.472,27.267,27.463,27.293,26.961,27.111,27.111,27.189,27.184,27.225,27.241,27.313,27.282,27.35,27.205,27.153,27.427,27.344,27.2,27.412,27.412,27.391,27.365,27.37,27.525,27.474,27.494,27.484,27.541,27.546,27.603,27.618,27.639,27.644,27.639,27.654,27.706,27.623,27.438,27.448,27.329,27.334,27.37,27.36,27.386,27.422,27.422,27.412,27.365,27.246,27.205,27.184,27.22,27.106,27.127,26.977,26.826,26.79,26.842,26.368,26.19,25.881,25.85,26.3,26.79,26.049,25.624,25.387,25.476,25.287,25.318,25.419,25.397,25.387,25.313,25.361,25.419,25.392,25.461,25.524,25.503,25.724,25.734,25.724,25.781,26.038,26.054,26.101,26.357,26.347,26.43,26.524,26.514,26.31,26.665,27.143,26.779,26.66,26.529,26.935,26.847,26.597,26.712,26.654,26.618,26.613,26.587,26.644,26.68,26.644,26.55,26.493,26.623,26.67,26.42,26.19,25.97,26.002,26.096,26.2,26.784,27.752,27.84,27.835,27.824,27.773,27.701,27.659,27.494,27.629,27.737,27.639,27.598,27.525,27.443,27.375,27.319,27.257,27.184,27.132,27.086,27.054,27.018,26.987,26.961,26.935,26.92,26.899,26.883,26.868,26.852,26.831,26.821,26.81,26.795,26.79,26.784,26.779,26.764,26.753,26.743,26.732,26.706,26.701,26.696,26.68,26.66,26.644,26.634,26.628,26.618,26.613,26.613,26.613,26.613,26.602,26.602,26.597,26.592,26.587,26.581,26.581,26.581,26.581,26.581,26.587,26.581,26.581,26.576,26.571,26.561,26.555,26.555,26.555,26.555,26.555,26.545,26.545,26.535,26.529,26.529,26.524,26.519,26.519,26.519,26.524,26.519,26.519,26.519,26.524,26.524,26.529,26.529,26.529,26.529,26.519,26.503,26.488,26.472,26.462,26.451,26.446,26.446,26.446,26.451,26.451,26.451,26.446,26.446,26.446,26.441,26.435,26.435,26.43,26.425,26.42,26.415,26.409,26.399,26.394,26.394,26.394,26.399,26.409,26.415,26.42,26.42,26.42,26.415,26.404,26.394,26.394,26.389,26.383,26.383,26.373,26.373,26.373,26.378,26.383,26.399,26.404,26.409,26.415,26.409,26.415,26.409,26.399,26.394,26.394,26.383,26.383,26.383,26.399,26.399
,25.303,25.271,25.276,25.308,25.308,25.271,25.266,25.213,25.181,25.208,25.239,25.281,25.266,25.234,25.26,25.25,25.392,25.907,26.587,26.712,26.717,25.886,25.26,25.245,25.239,25.281,25.229,25.229,25.202,25.165,25.16,25.165,25.113,25.186,25.192,25.186,25.165,25.134,25.102,25.06,25.044,25.039,25.023,24.959,24.912,24.97,25.002,25.171,26.435,26.831,26.883,26.383,25.255,25.017,24.943,24.917,24.927,24.896,24.917,24.912,24.917,24.938,24.991,25.134,25.081,25.06,24.991,24.922,24.896,24.89,24.859,24.837,24.885,24.875,24.864,24.89,24.901,24.843,25.371,26.503,26.826,26.852,25.97,25.07,24.943,25.054,25.128,24.97,25.012,24.996,25.144,25.06,25.519,25.513,25.829,26.017,25.897,26.336,26.153,26.451,26.654,26.842,26.925,26.857,27.049,27.075,27.008,27.236,27.505,27.453,27.515,27.556,27.598,27.629,27.649,27.515,27.623,27.567,27.541,27.448,27.453,27.422,27.375,27.401,27.36,27.401,27.355,27.391,27.396,27.355,27.391,27.448,27.448,27.52,27.479,27.489,27.458,27.536,27.577,27.644,27.598,27.618,27.598,27.711,27.799,27.752,27.654,27.659,27.551,27.427,27.375,27.091,27.086,26.982,26.8,26.607,26.628,26.441,26.206,26.028,26.112,26.007,25.629,25.844,25.476,25.35,25.382,25.408,25.287,25.329,25.218,25.165,25.829,26.701,26.295,25.513,25.461,25.397,25.708,25.871,25.834,25.76,25.75,25.724,25.697,25.876,25.876,25.897,26.148,26.321,26.462,26.409,26.493,26.31,26.404,26.508,26.514,26.383,26.446,26.597,26.55,26.498,26.654,26.836,27.174,27.013,26.717,26.607,26.914,26.956,26.639,26.67,26.644,26.654,26.717,26.701,26.675,26.675,26.66,26.68,26.67,26.623,26.675,26.618,26.336,26.289,26.106,26.017,26.138,26.415,27.639,27.819,27.793,27.819,27.819,27.747,27.665,27.551,27.567,27.634,27.685,27.603,27.551,27.474,27.401,27.339,27.251,27.2,27.148,27.096,27.06,27.023,26.982,26.961,26.935,26.914,26.894,26.878,26.862,26.847,26.831,26.81,26.8,26.795,26.79,26.784,26.774,26.774,26.758,26.748,26.727,26.717,26.706,26.686,26.675,26.66,26.644,26.634,26.623,26.613,26.613,26.613,26.613,26.602,26.602,26.597,26.592,26.587,26.576,26.571,26.576,26.581,26.581,26.587,26.581,26.581,26.576,26.576,26.571,26.561,26.561,26.555,26.555,26.555,26.55,26.545,26.54,26.535,26.529,26.519,26.519,26.514,26.514,26.514,26.519,26.519,26.519,26.514,26.519,26.524,26.529,26.535,26.535,26.529,26.519,26.503,26.488,26.477,26.467,26.456,26.456,26.451,26.451,26.451,26.451,26.446,26.446,26.441,26.441,26.435,26.435,26.43,26.425,26.43,26.425,26.42,26.415,26.409,26.404,26.404,26.404,26.409,26.415,26.425,26.43,26.425,26.425,26.415,26.404,26.399,26.394,26.389,26.383,26.383,26.383,26.378,26.378,26.378,26.389,26.394,26.404,26.409,26.415,26.415,26.409,26.409,26.404,26.399,26.394,26.383,26.383,26.394,26.394,26.399
,25.25,25.255,25.255,25.26,25.245,25.245,25.239,25.229,25.213,25.181,25.218,25.255,25.239,25.239,25.26,25.208,25.281,25.682,26.404,26.691,26.712,26.373,25.503,25.25,25.271,25.202,25.181,25.144,25.144,25.118,25.086,25.081,24.991,25.202,25.202,25.202,25.181,25.076,25.054,24.996,24.954,24.986,24.954,24.954,24.959,24.954,24.954,25.028,25.645,26.738,26.727,26.831,25.813,24.959,24.98,24.97,24.933,24.933,24.912,24.901,24.927,24.901,24.991,25.134,25.139,25.144,25.033,24.954,24.927,24.843,24.848,24.822,24.912,24.853,24.859,25.007,25.039,25.039,25.16,26.143,27.044,27.21,27.2,26.106,25.661,25.65,26.138,26.284,26.169,26.467,26.706,26.836,26.92,26.971,26.836,26.904,26.873,27.225,26.951,27.288,27.36,27.438,27.458,27.241,27.515,27.577,27.489,27.453,27.623,27.505,27.577,27.587,27.582,27.68,27.69,27.701,27.572,27.52,27.463,27.422,27.479,27.401,27.308,27.355,27.381,27.36,27.37,27.422,27.401,27.36,27.422,27.386,27.391,27.407,27.407,27.525,27.608,27.618,27.69,27.592,27.726,27.763,27.572,27.407,26.883,26.628,26.654,26.279,26.274,26.028,26.101,25.923,25.813,25.802,25.571,25.397,25.376,25.387,25.334,25.266,25.297,25.297,25.223,25.208,25.366,25.45,25.35,25.392,25.503,25.424,25.492,25.676,25.975,26.706,26.878,26.206,26.07,26.07,26.342,26.722,26.623,26.42,26.394,26.467,26.389,26.55,26.415,26.43,26.446,26.519,26.561,26.503,26.462,26.472,26.42,26.545,26.529,26.55,26.576,26.571,26.597,26.571,26.602,26.613,27.101,27.023,26.816,26.712,27.013,27.049,26.779,26.706,26.701,26.727,26.712,26.706,26.701,26.691,26.691,26.686,26.68,26.665,26.758,26.712,26.691,26.581,26.289,26.159,26.18,26.576,27.494,27.799,27.835,27.809,27.768,27.716,27.546,27.53,27.556,27.659,27.778,27.618,27.572,27.5,27.427,27.339,27.277,27.22,27.158,27.106,27.07,27.034,26.992,26.961,26.935,26.909,26.888,26.873,26.857,26.836,26.821,26.805,26.8,26.795,26.784,26.784,26.774,26.774,26.758,26.748,26.732,26.722,26.701,26.686,26.67,26.66,26.644,26.634,26.623,26.613,26.613,26.613,26.607,26.602,26.597,26.592,26.587,26.576,26.571,26.576,26.571,26.581,26.581,26.581,26.581,26.576,26.576,26.571,26.566,26.561,26.555,26.555,26.555,26.555,26.545,26.55,26.54,26.535,26.524,26.519,26.514,26.508,26.514,26.514,26.514,26.519,26.519,26.519,26.519,26.524,26.529,26.535,26.535,26.529,26.514,26.498,26.488,26.477,26.472,26.462,26.467,26.462,26.462,26.456,26.451,26.446,26.441,26.435,26.435,26.43,26.43,26.425,26.425,26.43,26.425,26.425,26.42,26.42,26.42,26.42,26.42,26.42,26.42,26.43,26.43,26.43,26.43,26.42,26.409,26.404,26.399,26.394,26.389,26.394,26.389,26.383,26.378,26.383,26.389,26.399,26.409,26.409,26.409,26.409,26.409,26.404,26.404,26.394,26.389,26.383,26.383,26.389,26.394,26.399
,25.229,25.223,25.218,25.223,25.218,25.229,25.223,25.213,25.208,25.186,25.176,25.171,25.176,25.208,25.255,25.266,25.26,25.366,25.944,26.722,26.764,26.717,25.818,25.128,25.218,25.128,25.15,25.065,25.039,25.091,25.081,24.991,25.028,25.128,25.26,25.197,25.234,25.081,24.991,24.97,24.906,24.917,24.912,24.938,24.927,24.933,24.917,24.943,25.144,26.315,26.753,26.852,26.357,25.044,24.986,24.88,24.885,24.89,24.943,24.88,24.88,24.853,24.864,25.097,25.287,25.245,25.118,24.949,24.996,25.012,25.239,25.303,25.355,25.371,25.471,26.075,26.31,26.441,26.352,27.36,27.189,27.463,27.132,27.065,27.298,27.355,27.339,27.231,27.117,27.231,27.355,27.303,27.567,27.174,27.494,27.582,27.546,27.515,27.53,27.52,27.474,27.525,27.613,27.659,27.649,27.546,27.592,27.644,27.716,27.69,27.685,27.608,27.598,27.598,27.649,27.592,27.561,27.556,27.458,27.381,27.339,27.386,27.355,27.386,27.37,27.298,27.267,27.282,27.277,27.308,27.194,27.225,27.262,26.951,26.795,26.904,26.493,26.451,26.174,26.091,26.148,25.797,26.326,26.899,26.274,25.597,25.729,25.561,25.555,25.424,25.555,25.429,25.413,25.445,25.339,25.408,25.461,25.592,25.576,25.54,25.76,25.561,25.928,25.928,25.933,25.787,26.08,26.211,26.31,26.258,26.289,26.389,26.467,26.717,27.143,26.613,26.425,26.415,26.561,26.894,26.634,26.597,26.529,26.545,26.529,26.503,26.514,26.54,26.467,26.503,26.545,26.529,26.54,26.519,26.555,26.451,26.545,26.576,26.566,26.587,26.623,26.675,26.623,26.634,27.07,27.08,26.888,26.727,26.873,27.023,26.81,26.758,26.706,26.654,26.696,26.722,26.727,26.717,26.717,26.712,26.717,26.722,26.712,26.753,26.732,26.649,26.529,26.331,26.237,26.389,27.262,27.732,27.84,27.793,27.768,27.732,27.623,27.634,27.577,27.665,27.711,27.665,27.598,27.525,27.453,27.36,27.288,27.246,27.174,27.117,27.075,27.034,26.997,26.961,26.935,26.914,26.888,26.873,26.852,26.836,26.816,26.805,26.795,26.784,26.784,26.779,26.774,26.764,26.758,26.748,26.732,26.717,26.696,26.686,26.665,26.654,26.644,26.628,26.623,26.618,26.607,26.607,26.602,26.602,26.592,26.592,26.581,26.576,26.576,26.576,26.576,26.576,26.581,26.581,26.576,26.576,26.571,26.566,26.561,26.555,26.555,26.555,26.55,26.55,26.545,26.545,26.54,26.535,26.529,26.519,26.514,26.508,26.514,26.514,26.519,26.519,26.519,26.519,26.519,26.524,26.535,26.535,26.529,26.524,26.514,26.498,26.488,26.477,26.477,26.472,26.467,26.467,26.467,26.456,26.451,26.446,26.435,26.43,26.43,26.43,26.43,26.425,26.425,26.43,26.43,26.43,26.43,26.43,26.43,26.425,26.43,26.425,26.435,26.43,26.43,26.43,26.43,26.425,26.415,26.409,26.399,26.394,26.394,26.389,26.389,26.389,26.383,26.389,26.394,26.399,26.409,26.415,26.409,26.409,26.399,26.399,26.394,26.389,26.383,26.378,26.378,26.389,26.394,26.399
,25.202,25.192,25.186,25.186,25.186,25.218,25.218,25.213,25.197,25.186,25.144,25.15,25.118,25.102,25.118,25.213,25.07,25.255,25.26,26.602,26.784,26.727,26.237,25.376,25.208,25.091,25.123,25.054,25.002,24.938,24.949,25.007,24.991,24.986,25.255,25.229,25.271,25.181,24.943,24.954,24.922,24.964,24.917,24.906,24.89,24.906,24.949,24.98,25.033,25.954,26.784,26.795,26.717,25.371,24.954,24.864,24.859,24.822,24.917,25.054,25.229,25.255,25.297,25.524,25.697,25.65,26.033,26.101,26.117,26.336,26.519,26.566,26.769,27.008,27.086,27.127,27.251,27.391,27.67,27.494,27.438,27.654,27.706,27.629,27.505,27.665,27.639,27.603,27.567,27.541,27.572,27.567,27.639,27.649,27.629,27.51,27.52,27.53,27.567,27.654,27.654,27.623,27.592,27.52,27.525,27.577,27.592,27.598,27.639,27.623,27.5,27.598,27.515,27.659,27.53,27.515,27.603,27.267,27.174,27.065,26.945,26.956,26.992,26.42,26.425,26.446,26.174,25.933,25.991,25.907,25.597,25.497,25.397,25.471,25.345,25.245,25.213,25.171,25.476,25.45,25.534,25.634,26.049,26.878,26.561,25.797,25.645,25.592,25.571,25.666,26.174,26.378,25.886,26.002,26.368,26.143,26.112,26.153,26.248,26.326,26.357,26.383,26.415,26.441,26.336,26.321,26.425,26.519,26.456,26.462,26.54,26.451,26.545,26.753,27.018,26.722,26.54,26.425,26.435,26.868,26.836,26.597,26.545,26.561,26.524,26.519,26.54,26.535,26.529,26.535,26.55,26.545,26.555,26.555,26.561,26.545,26.566,26.581,26.592,26.597,26.613,26.623,26.613,26.67,27.044,27.21,26.899,26.878,26.842,27.07,26.784,26.743,26.774,26.732,26.727,26.738,26.738,26.732,26.732,26.732,26.732,26.743,26.738,26.764,26.779,26.727,26.732,26.665,26.54,26.587,27.086,27.711,27.824,27.773,27.778,27.737,27.68,27.634,27.608,27.675,27.763,27.67,27.618,27.561,27.479,27.401,27.308,27.251,27.184,27.122,27.086,27.054,27.008,26.966,26.94,26.914,26.894,26.868,26.852,26.831,26.81,26.8,26.79,26.784,26.779,26.779,26.774,26.769,26.753,26.743,26.727,26.712,26.696,26.675,26.665,26.649,26.639,26.628,26.623,26.613,26.607,26.607,26.602,26.597,26.597,26.592,26.581,26.576,26.576,26.571,26.571,26.576,26.576,26.576,26.576,26.571,26.566,26.566,26.555,26.55,26.55,26.555,26.555,26.555,26.555,26.55,26.545,26.54,26.529,26.524,26.519,26.508,26.514,26.519,26.514,26.519,26.514,26.514,26.524,26.524,26.529,26.529,26.529,26.519,26.503,26.493,26.482,26.477,26.477,26.472,26.472,26.477,26.472,26.462,26.456,26.446,26.441,26.43,26.425,26.425,26.43,26.43,26.43,26.435,26.441,26.441,26.446,26.446,26.441,26.441,26.441,26.441,26.441,26.441,26.441,26.441,26.435,26.43,26.425,26.409,26.404,26.399,26.394,26.394,26.389,26.389,26.389,26.399,26.404,26.409,26.415,26.415,26.409,26.404,26.399,26.389,26.383,26.378,26.373,26.368,26.373,26.383,26.394,26.404
,25.16,25.15,25.134,25.113,25.123,25.197,25.218,25.229,25.208,25.144,25.081,25.012,25.007,25.039,24.912,25.128,25.07,24.975,25.287,25.902,26.732,26.764,26.758,25.855,25.155,25.171,25.054,25.028,24.986,25.023,25.039,24.98,24.954,25.07,25.054,25.271,25.25,25.223,25.176,24.98,24.97,24.996,24.864,24.843,24.816,24.848,24.832,24.806,24.864,25.561,26.66,27.334,27.303,26.852,25.886,26.08,26.132,26.122,26.221,26.31,26.732,26.587,26.581,26.769,27.044,26.816,26.951,27.044,27.282,27.246,27.412,27.35,27.339,27.463,27.634,27.592,27.608,27.639,27.845,27.886,27.711,27.629,27.613,27.685,27.83,27.747,27.665,27.515,27.536,27.634,27.572,27.53,27.582,27.634,27.598,27.494,27.463,27.391,27.427,27.474,27.453,27.567,27.525,27.448,27.649,27.536,27.453,27.463,27.474,27.231,27.132,27.08,27.375,27.5,26.992,26.456,26.795,26.127,26.002,25.76,25.745,25.86,25.471,25.408,25.419,25.297,25.318,25.355,25.429,25.434,25.534,25.492,25.576,25.487,25.371,25.682,25.592,25.724,25.703,25.787,25.766,26.017,26.253,26.79,26.951,26.628,26.394,26.514,26.389,26.597,26.779,26.883,26.628,26.571,26.55,26.576,26.503,26.524,26.477,26.498,26.508,26.43,26.498,26.472,26.467,26.42,26.467,26.482,26.498,26.54,26.55,26.535,26.524,26.769,27.174,27.034,26.68,26.488,26.696,26.836,26.81,26.628,26.597,26.597,26.561,26.561,26.555,26.555,26.561,26.566,26.566,26.571,26.576,26.576,26.581,26.592,26.597,26.602,26.607,26.613,26.618,26.628,26.623,26.628,26.888,27.194,27.07,26.93,27.029,27.091,26.712,26.784,26.764,26.758,26.748,26.748,26.748,26.748,26.748,26.753,26.753,26.758,26.758,26.758,26.753,26.769,26.722,26.758,26.774,26.727,27.013,27.763,27.824,27.783,27.788,27.747,27.726,27.706,27.623,27.706,27.778,27.706,27.711,27.572,27.5,27.412,27.334,27.251,27.205,27.143,27.101,27.06,27.013,26.982,26.945,26.925,26.894,26.873,26.852,26.831,26.81,26.795,26.79,26.784,26.779,26.774,26.764,26.758,26.748,26.738,26.727,26.706,26.696,26.675,26.66,26.649,26.634,26.628,26.623,26.618,26.607,26.607,26.607,26.602,26.597,26.592,26.587,26.581,26.576,26.571,26.571,26.571,26.571,26.571,26.571,26.571,26.566,26.566,26.561,26.55,26.55,26.55,26.55,26.555,26.555,26.561,26.555,26.555,26.545,26.535,26.524,26.519,26.519,26.519,26.524,26.524,26.524,26.524,26.524,26.524,26.529,26.529,26.524,26.514,26.498,26.488,26.482,26.477,26.477,26.477,26.477,26.477,26.472,26.467,26.456,26.451,26.441,26.435,26.43,26.43,26.425,26.425,26.43,26.435,26.441,26.446,26.451,26.451,26.451,26.441,26.446,26.446,26.446,26.446,26.446,26.441,26.435,26.43,26.42,26.409,26.399,26.394,26.389,26.389,26.383,26.389,26.389,26.394,26.404,26.404,26.415,26.42,26.415,26.415,26.383,26.373,26.368,26.357,26.362,26.347,26.352,26.362,26.383,26.409
,25.097,25.118,25.086,24.996,25.049,25.017,25.245,25.25,25.218,25.176,25.028,24.949,24.885,24.885,25.023,25.049,24.996,25.023,25.213,25.382,26.644,26.8,26.836,26.451,25.434,25.139,25.16,24.991,25.012,25.012,24.975,24.97,25.017,24.949,25.276,25.292,25.361,25.371,25.245,25.202,25.123,25.102,25.361,25.655,25.771,25.808,26.143,26.362,26.634,26.743,26.93,27.525,27.53,27.298,27.282,27.313,27.174,27.355,27.303,27.262,27.143,27.21,27.329,27.479,27.639,27.484,27.407,27.458,27.443,27.536,27.752,27.654,27.696,27.67,27.696,27.773,27.809,27.809,27.799,27.804,27.804,27.639,27.67,27.675,27.763,27.69,27.732,27.546,27.51,27.463,27.288,27.391,27.494,27.432,27.484,27.448,27.257,27.381,27.236,27.132,27.153,26.961,26.738,26.712,26.602,26.399,26.284,26.138,26.143,25.85,25.708,25.944,26.706,26.997,26.195,25.281,25.139,25.413,25.292,25.35,25.387,25.392,25.476,25.403,25.403,25.44,25.513,25.692,25.86,25.902,25.939,25.939,25.949,25.939,26.117,26.43,26.576,26.561,26.488,26.493,26.555,26.357,26.55,26.821,27.21,26.868,26.498,26.654,26.514,26.587,26.977,27.06,26.686,26.503,26.514,26.519,26.545,26.514,26.592,26.441,26.529,26.493,26.467,26.514,26.498,26.514,26.54,26.529,26.524,26.55,26.555,26.644,26.654,26.623,26.987,27.034,26.862,26.592,26.571,27.008,26.935,26.665,26.644,26.613,26.592,26.576,26.576,26.576,26.581,26.576,26.581,26.587,26.587,26.597,26.597,26.607,26.613,26.613,26.623,26.628,26.634,26.644,26.654,26.701,26.81,27.06,27.137,26.862,26.966,27.127,26.738,26.826,26.764,26.764,26.758,26.753,26.748,26.753,26.758,26.764,26.758,26.764,26.764,26.764,26.758,26.753,26.758,26.769,26.758,26.779,26.956,27.556,27.793,27.783,27.783,27.768,27.721,27.685,27.67,27.726,27.778,27.747,27.814,27.587,27.52,27.448,27.365,27.303,27.21,27.158,27.111,27.07,27.023,26.992,26.961,26.93,26.909,26.878,26.862,26.836,26.816,26.805,26.79,26.784,26.779,26.769,26.764,26.758,26.748,26.738,26.722,26.712,26.691,26.675,26.66,26.644,26.634,26.623,26.618,26.613,26.613,26.607,26.607,26.607,26.602,26.597,26.592,26.581,26.576,26.571,26.566,26.566,26.566,26.571,26.571,26.571,26.566,26.566,26.555,26.55,26.545,26.545,26.555,26.561,26.566,26.566,26.566,26.561,26.55,26.535,26.529,26.524,26.524,26.524,26.524,26.524,26.524,26.529,26.529,26.529,26.524,26.524,26.514,26.514,26.498,26.488,26.482,26.477,26.482,26.477,26.482,26.477,26.477,26.467,26.462,26.456,26.446,26.435,26.435,26.43,26.43,26.43,26.43,26.441,26.451,26.456,26.467,26.462,26.456,26.451,26.446,26.456,26.451,26.451,26.446,26.451,26.435,26.425,26.42,26.409,26.404,26.389,26.394,26.383,26.383,26.357,26.368,26.404,26.404,26.399,26.43,26.42,26.409,26.409,26.399,26.383,26.321,26.336,26.342,26.321,26.383,26.342,26.399,26.441
,25.039,25.086,25.039,25.002,25.017,25.028,25.192,25.292,25.266,25.266,25.102,24.949,24.996,24.975,24.943,25.012,25.06,25.144,25.044,25.181,26.033,27.039,27.101,27.034,26.143,25.297,25.276,25.15,25.118,25.229,25.334,25.392,25.434,25.592,25.661,26.07,26.451,26.456,26.472,26.904,26.961,26.93,27.023,27.163,27.122,27.505,27.505,27.469,27.386,27.438,27.386,27.381,27.567,27.577,27.577,27.598,27.592,27.53,27.639,27.592,27.592,27.479,27.618,27.783,27.742,27.757,27.649,27.716,27.747,27.752,27.649,27.696,27.701,27.721,27.711,27.711,27.654,27.67,27.561,27.582,27.701,27.685,27.654,27.752,27.592,27.696,27.773,27.757,27.675,27.484,27.241,26.997,26.925,26.92,26.607,26.253,26.352,26.159,26.237,25.776,25.813,25.755,25.697,25.534,25.508,25.461,25.355,25.192,25.271,25.26,25.202,25.403,26.248,27.111,26.66,25.682,25.524,25.508,25.86,25.981,26.012,26.279,26.373,26.195,26.19,26.206,26.237,26.441,26.482,26.498,26.451,26.535,26.535,26.451,26.456,26.409,26.477,26.441,26.467,26.498,26.451,26.545,26.467,26.779,27.282,27.2,26.634,26.503,26.493,26.592,26.868,26.977,26.701,26.602,26.566,26.566,26.561,26.592,26.571,26.561,26.566,26.571,26.55,26.519,26.55,26.545,26.545,26.555,26.576,26.576,26.587,26.571,26.607,26.67,27.013,27.246,26.92,26.67,26.696,26.883,26.873,26.748,26.654,26.639,26.613,26.602,26.592,26.592,26.587,26.592,26.597,26.602,26.602,26.607,26.613,26.623,26.634,26.639,26.644,26.644,26.644,26.66,26.67,26.691,26.753,27.111,27.251,27.013,26.883,27.039,26.914,26.784,26.795,26.774,26.764,26.753,26.748,26.753,26.753,26.758,26.764,26.764,26.764,26.764,26.758,26.764,26.764,26.769,26.779,26.774,26.951,27.551,27.773,27.814,27.788,27.783,27.788,27.69,27.68,27.711,27.891,27.83,27.773,27.629,27.556,27.458,27.381,27.303,27.241,27.179,27.137,27.086,27.044,26.997,26.966,26.94,26.92,26.888,26.868,26.847,26.826,26.81,26.795,26.79,26.779,26.764,26.758,26.758,26.748,26.738,26.727,26.712,26.691,26.675,26.66,26.649,26.634,26.623,26.618,26.618,26.613,26.613,26.613,26.607,26.607,26.597,26.592,26.581,26.576,26.571,26.566,26.566,26.566,26.571,26.571,26.576,26.571,26.566,26.561,26.555,26.55,26.55,26.561,26.566,26.571,26.571,26.571,26.571,26.561,26.55,26.535,26.529,26.529,26.529,26.529,26.529,26.529,26.529,26.529,26.524,26.524,26.519,26.514,26.503,26.493,26.488,26.482,26.472,26.472,26.472,26.477,26.477,26.472,26.467,26.462,26.456,26.451,26.446,26.435,26.43,26.43,26.425,26.43,26.441,26.451,26.462,26.467,26.462,26.462,26.451,26.451,26.451,26.462,26.462,26.456,26.435,26.446,26.425,26.404,26.415,26.399,26.368,26.394,26.378,26.383,26.315,26.404,26.378,26.409,26.336,26.451,26.347,26.305,26.404,26.42,26.378,26.3,26.373,26.326,26.331,26.331,26.342,26.357,26.519
,25.044,25.091,25.065,24.991,25.007,25.054,25.028,25.26,25.276,25.239,25.297,25.076,24.848,24.885,24.848,24.89,24.975,24.964,25.06,25.118,25.692,27.039,27.344,27.438,27.091,26.342,26.3,26.221,26.342,26.456,26.696,26.8,26.758,26.977,27.065,27.319,27.282,27.163,27.339,27.329,27.443,27.282,27.515,27.541,27.592,27.592,27.5,27.587,27.541,27.561,27.68,27.505,27.412,27.623,27.701,27.799,27.788,27.67,27.613,27.603,27.474,27.556,27.556,27.556,27.649,27.396,27.365,27.469,27.324,27.339,27.303,27.334,27.339,27.355,27.37,27.401,27.355,27.324,27.407,26.982,27.148,27.101,27.158,27.443,27.086,26.602,26.326,26.106,25.907,25.981,25.776,25.918,25.844,25.713,25.671,25.566,25.466,25.397,25.424,25.345,25.429,25.382,25.35,25.392,25.461,25.519,25.461,25.408,25.65,25.613,25.834,25.855,26.54,27.143,26.966,26.493,26.274,26.195,26.336,26.477,26.743,26.873,26.758,26.545,26.587,26.545,26.451,26.347,26.435,26.435,26.409,26.493,26.514,26.462,26.462,26.493,26.446,26.508,26.493,26.519,26.529,26.581,26.66,26.79,27.086,27.189,26.816,26.581,26.561,26.696,26.888,26.987,26.722,26.639,26.623,26.581,26.587,26.571,26.571,26.576,26.571,26.571,26.566,26.561,26.566,26.571,26.571,26.576,26.587,26.597,26.602,26.628,26.592,26.623,26.878,27.231,27.034,26.748,26.769,26.987,26.732,26.722,26.68,26.654,26.634,26.613,26.607,26.607,26.602,26.607,26.602,26.613,26.618,26.623,26.634,26.639,26.644,26.654,26.66,26.665,26.665,26.68,26.67,26.738,26.764,27.137,27.267,27.06,26.997,27.039,26.935,26.857,26.795,26.779,26.764,26.753,26.753,26.748,26.748,26.753,26.753,26.753,26.753,26.758,26.764,26.764,26.764,26.769,26.784,26.764,26.956,27.489,27.716,27.716,27.83,27.768,27.773,27.726,27.732,27.732,27.845,27.876,27.773,27.654,27.577,27.484,27.391,27.319,27.262,27.21,27.153,27.101,27.049,27.013,26.977,26.945,26.92,26.899,26.878,26.852,26.836,26.816,26.805,26.795,26.779,26.769,26.764,26.758,26.753,26.743,26.732,26.717,26.701,26.691,26.665,26.654,26.639,26.628,26.623,26.618,26.618,26.618,26.618,26.613,26.613,26.602,26.597,26.587,26.576,26.566,26.566,26.566,26.571,26.576,26.581,26.581,26.576,26.571,26.566,26.561,26.561,26.561,26.566,26.571,26.576,26.587,26.581,26.576,26.566,26.55,26.54,26.535,26.535,26.535,26.535,26.529,26.529,26.524,26.524,26.519,26.514,26.514,26.508,26.498,26.493,26.482,26.477,26.472,26.467,26.467,26.467,26.472,26.467,26.472,26.462,26.451,26.446,26.446,26.43,26.43,26.42,26.425,26.415,26.435,26.451,26.456,26.472,26.462,26.477,26.451,26.446,26.446,26.446,26.467,26.446,26.415,26.467,26.415,26.394,26.378,26.389,26.352,26.326,26.383,26.404,26.394,26.399,26.383,26.399,26.373,26.42,26.373,26.357,26.446,26.435,26.446,26.446,26.425,26.467,26.289,26.033,26.028,26.169,25.991
,25.139,25.15,25.155,24.975,24.906,24.991,25.155,25.165,25.202,25.429,25.624,25.534,25.413,25.492,26.028,26.049,26.221,26.248,26.404,26.732,26.607,27.117,27.35,27.494,27.463,27.396,27.117,27.329,27.313,27.386,27.324,27.334,27.334,27.386,27.453,27.52,27.618,27.556,27.546,27.644,27.603,27.608,27.716,27.974,27.876,27.871,27.783,27.912,27.763,27.732,27.726,27.551,27.587,27.592,27.711,27.701,27.752,27.747,27.726,27.582,27.35,27.375,27.35,27.401,27.51,27.293,27.277,27.117,26.992,26.945,27.07,26.816,26.748,26.493,26.221,26.216,26.2,26.075,25.755,25.76,25.771,25.734,26.462,27.205,26.779,25.666,25.524,25.45,25.382,25.271,25.392,25.382,25.487,25.823,25.676,25.576,25.587,25.482,25.713,25.76,26.3,26.3,26.064,26.153,26.038,26.321,26.274,26.248,26.441,26.477,26.477,26.535,26.545,26.852,27.313,26.774,26.524,26.42,26.675,26.535,26.634,26.888,26.821,26.644,26.55,26.545,26.503,26.498,26.482,26.488,26.498,26.514,26.519,26.508,26.54,26.529,26.529,26.545,26.529,26.535,26.545,26.571,26.571,26.67,27.013,27.215,26.894,26.597,26.696,26.66,27.013,27.044,26.738,26.623,26.634,26.613,26.602,26.592,26.587,26.587,26.587,26.587,26.587,26.587,26.581,26.587,26.592,26.597,26.607,26.613,26.618,26.639,26.644,26.634,26.774,27.205,27.184,26.847,26.753,26.977,26.883,26.748,26.727,26.68,26.644,26.634,26.623,26.613,26.613,26.613,26.618,26.623,26.628,26.634,26.649,26.649,26.66,26.665,26.67,26.675,26.68,26.691,26.712,26.701,26.758,26.987,27.282,27.101,27.044,27.029,26.899,26.857,26.821,26.779,26.764,26.753,26.743,26.743,26.743,26.743,26.748,26.748,26.753,26.758,26.764,26.764,26.764,26.764,26.769,26.769,26.821,27.334,27.69,27.768,27.783,27.809,27.757,27.737,27.732,27.716,27.845,27.871,27.788,27.737,27.572,27.494,27.412,27.329,27.267,27.22,27.168,27.111,27.065,27.018,26.982,26.956,26.935,26.909,26.883,26.862,26.836,26.821,26.81,26.795,26.784,26.774,26.769,26.764,26.758,26.753,26.738,26.727,26.712,26.696,26.675,26.66,26.644,26.634,26.628,26.623,26.623,26.628,26.623,26.623,26.613,26.607,26.597,26.587,26.576,26.571,26.571,26.576,26.581,26.587,26.587,26.587,26.587,26.581,26.571,26.566,26.566,26.571,26.576,26.581,26.581,26.592,26.587,26.581,26.566,26.55,26.545,26.529,26.529,26.535,26.535,26.529,26.524,26.519,26.514,26.514,26.514,26.503,26.503,26.493,26.482,26.477,26.467,26.462,26.462,26.451,26.462,26.451,26.467,26.435,26.425,26.451,26.441,26.435,26.441,26.42,26.409,26.389,26.462,26.415,26.441,26.456,26.446,26.446,26.482,26.425,26.451,26.446,26.415,26.42,26.409,26.467,26.352,26.279,26.305,26.404,26.362,26.389,26.368,26.347,26.295,26.289,26.169,26.342,26.132,25.97,25.792,25.844,25.886,25.65,25.408,25.461,25.313,25.382,25.281,25.113,25.076,25.012,24.996,25.144
,25.313,25.519,25.497,25.387,26.059,26.19,26.195,26.368,26.451,26.831,26.587,26.712,26.732,26.732,26.873,27.143,27.329,27.308,27.324,27.494,27.375,27.525,27.412,27.556,27.603,27.618,27.5,27.592,27.5,27.525,27.474,27.469,27.505,27.556,27.685,27.567,27.474,27.644,27.711,27.685,27.711,27.68,27.649,27.556,27.726,27.747,27.649,27.608,27.618,27.561,27.639,27.649,27.551,27.469,27.623,27.494,27.634,27.819,27.484,27.453,26.987,26.66,26.722,26.753,26.717,26.446,26.425,26.18,25.739,25.855,25.902,25.561,25.545,25.482,25.419,25.392,25.476,25.419,25.413,25.376,25.471,25.713,26.342,26.992,27.163,26.143,25.954,25.844,25.913,25.907,25.96,26.159,26.665,26.956,26.857,26.503,26.394,26.54,26.399,26.514,26.441,26.529,26.545,26.488,26.66,26.555,26.602,26.555,26.498,26.514,26.493,26.488,26.498,26.842,27.251,27.257,26.706,26.649,26.576,26.618,26.587,26.935,26.94,26.649,26.613,26.587,26.55,26.54,26.54,26.535,26.535,26.535,26.54,26.54,26.535,26.545,26.566,26.566,26.566,26.571,26.571,26.581,26.571,26.592,26.883,27.168,27.117,26.857,26.649,26.665,26.847,27.111,26.826,26.717,26.665,26.634,26.618,26.607,26.607,26.597,26.607,26.602,26.602,26.602,26.613,26.613,26.613,26.618,26.618,26.628,26.628,26.644,26.68,26.54,26.79,26.977,27.205,26.878,26.831,26.873,26.987,26.738,26.722,26.696,26.665,26.649,26.634,26.628,26.623,26.623,26.623,26.639,26.639,26.649,26.654,26.665,26.67,26.675,26.68,26.691,26.696,26.701,26.722,26.722,26.748,26.888,27.262,27.106,27.013,27.003,26.93,26.873,26.821,26.79,26.769,26.748,26.743,26.732,26.738,26.738,26.743,26.743,26.748,26.753,26.753,26.764,26.764,26.769,26.769,26.758,26.748,27.251,27.659,27.711,27.778,27.768,27.747,27.742,27.752,27.726,27.845,27.912,27.86,27.706,27.603,27.505,27.443,27.35,27.277,27.225,27.184,27.127,27.075,27.034,26.992,26.966,26.94,26.92,26.894,26.868,26.847,26.831,26.821,26.805,26.79,26.774,26.769,26.764,26.764,26.758,26.748,26.743,26.727,26.706,26.691,26.67,26.66,26.644,26.634,26.634,26.634,26.634,26.634,26.634,26.623,26.607,26.602,26.592,26.587,26.576,26.581,26.581,26.592,26.597,26.597,26.597,26.587,26.581,26.571,26.571,26.571,26.576,26.581,26.592,26.592,26.592,26.587,26.576,26.561,26.545,26.535,26.535,26.535,26.529,26.529,26.529,26.519,26.514,26.508,26.503,26.498,26.503,26.493,26.488,26.467,26.456,26.456,26.451,26.446,26.435,26.441,26.456,26.467,26.451,26.451,26.467,26.43,26.415,26.409,26.425,26.389,26.404,26.404,26.399,26.415,26.394,26.404,26.451,26.446,26.409,26.409,26.409,26.435,26.441,26.488,26.279,26.227,26.289,26.357,26.352,26.456,25.933,25.776,25.792,25.76,25.597,25.529,25.197,25.023,25.002,25.128,25.482,25.144,25.208,25.197,25.107,25.091,25.033,25.076,24.996,25.039,25.023,25.023,25.118
,26.862,27.215,27.06,27.21,27.2,27.132,27.158,27.225,27.189,27.158,27.158,27.298,27.386,27.391,27.443,27.463,27.53,27.551,27.536,27.551,27.706,27.51,27.598,27.618,27.639,27.53,27.644,27.623,27.546,27.525,27.515,27.365,27.422,27.391,27.391,27.412,27.474,27.52,27.432,27.308,27.313,27.443,27.572,27.448,27.427,27.479,27.494,27.339,27.396,27.479,27.412,27.143,26.852,27.391,27.329,26.857,26.43,26.357,26.253,26.017,25.97,25.618,25.692,25.571,25.492,25.229,25.26,25.134,25.192,25.192,25.313,25.529,25.545,25.497,25.413,25.597,25.876,25.949,25.886,25.981,25.975,26.258,26.18,26.873,27.153,27.163,26.748,26.508,26.446,26.42,26.602,26.477,26.81,26.92,26.769,26.628,26.529,26.467,26.482,26.389,26.368,26.451,26.508,26.508,26.55,26.55,26.555,26.602,26.55,26.529,26.561,26.529,26.566,26.831,27.179,27.2,26.842,26.623,26.706,26.696,26.675,26.883,27.013,26.675,26.639,26.618,26.581,26.571,26.566,26.561,26.561,26.55,26.55,26.555,26.566,26.576,26.581,26.587,26.592,26.587,26.587,26.592,26.571,26.607,26.904,27.148,27.205,26.894,26.691,26.686,26.899,27.08,26.878,26.696,26.675,26.665,26.639,26.628,26.623,26.623,26.623,26.623,26.628,26.628,26.634,26.634,26.634,26.639,26.639,26.649,26.654,26.66,26.67,26.675,26.727,26.945,27.251,27.018,26.904,26.904,27.07,26.779,26.743,26.712,26.675,26.654,26.644,26.639,26.634,26.634,26.634,26.644,26.649,26.654,26.665,26.665,26.675,26.686,26.691,26.696,26.706,26.712,26.722,26.738,26.764,26.914,27.21,27.153,27.117,27.023,26.945,26.883,26.826,26.784,26.764,26.748,26.738,26.732,26.732,26.732,26.738,26.738,26.748,26.748,26.758,26.758,26.758,26.764,26.758,26.826,26.795,27.018,27.525,27.757,27.763,27.742,27.747,27.742,27.763,27.721,27.866,27.902,27.824,27.742,27.623,27.536,27.458,27.37,27.293,27.241,27.205,27.153,27.101,27.039,27.008,26.982,26.956,26.925,26.904,26.878,26.857,26.842,26.826,26.81,26.8,26.79,26.779,26.774,26.769,26.769,26.769,26.753,26.743,26.722,26.701,26.68,26.665,26.66,26.649,26.644,26.644,26.644,26.649,26.639,26.634,26.607,26.602,26.597,26.592,26.587,26.592,26.597,26.607,26.607,26.607,26.597,26.592,26.576,26.571,26.566,26.566,26.576,26.587,26.597,26.592,26.597,26.581,26.561,26.55,26.529,26.524,26.519,26.524,26.535,26.519,26.519,26.503,26.503,26.472,26.451,26.477,26.472,26.488,26.482,26.446,26.441,26.441,26.462,26.425,26.462,26.446,26.399,26.362,26.451,26.409,26.399,26.284,26.446,26.315,26.279,26.362,26.326,26.295,26.378,26.347,26.404,26.164,25.97,26.232,26.174,26.064,25.634,25.582,25.434,25.676,25.666,25.534,25.128,25.076,24.986,24.996,25.012,25.054,24.901,25.017,24.943,24.954,25.039,24.996,24.912,24.89,24.943,24.975,24.943,24.954,24.954,25.023,25.012,24.949,24.996,24.959,25.007,25.039,24.964
,27.463,27.407,27.386,27.422,27.453,27.438,27.329,27.546,27.484,27.51,27.489,27.365,27.463,27.474,27.515,27.567,27.525,27.577,27.5,27.53,27.572,27.556,27.443,27.422,27.556,27.608,27.551,27.489,27.587,27.561,27.422,27.344,27.391,27.339,27.308,27.319,27.282,27.215,27.231,27.236,27.179,26.696,26.795,26.748,26.477,26.54,26.043,26.127,25.981,25.661,25.645,25.697,25.566,26.748,27.365,26.899,25.823,25.64,25.566,25.413,25.45,25.519,25.86,25.844,25.729,25.96,26.096,26.174,26.164,26.195,25.97,26.19,26.248,26.2,26.211,26.383,26.441,26.665,26.498,26.592,26.571,26.592,26.54,26.951,27.329,27.272,26.826,26.519,26.571,26.54,26.587,26.576,26.774,27.044,26.743,26.634,26.535,26.576,26.576,26.493,26.519,26.561,26.529,26.54,26.524,26.607,26.571,26.618,26.581,26.571,26.576,26.561,26.576,26.623,27.008,27.334,27.143,26.779,26.654,26.722,26.706,26.847,26.961,26.753,26.639,26.644,26.613,26.597,26.592,26.587,26.581,26.576,26.571,26.581,26.587,26.592,26.597,26.602,26.607,26.607,26.607,26.613,26.592,26.581,26.665,27.096,27.21,26.987,26.836,26.727,26.956,27.034,26.982,26.8,26.738,26.691,26.67,26.649,26.649,26.644,26.644,26.639,26.644,26.649,26.654,26.654,26.654,26.649,26.654,26.665,26.665,26.675,26.68,26.696,26.644,26.925,27.174,27.132,26.992,26.888,26.956,26.795,26.748,26.732,26.691,26.67,26.654,26.649,26.644,26.644,26.649,26.649,26.654,26.665,26.67,26.68,26.686,26.691,26.696,26.701,26.712,26.717,26.727,26.769,26.748,26.743,26.982,27.241,27.049,27.029,26.966,26.894,26.842,26.795,26.764,26.753,26.743,26.732,26.732,26.732,26.738,26.743,26.748,26.753,26.753,26.758,26.758,26.764,26.8,26.748,26.795,26.956,27.587,27.675,27.701,27.737,27.742,27.747,27.768,27.757,27.788,27.912,27.876,27.711,27.659,27.582,27.489,27.391,27.313,27.272,27.22,27.168,27.122,27.075,27.029,26.997,26.971,26.945,26.925,26.904,26.883,26.868,26.847,26.836,26.821,26.81,26.795,26.79,26.79,26.79,26.779,26.774,26.764,26.743,26.727,26.712,26.691,26.675,26.665,26.66,26.66,26.66,26.66,26.649,26.639,26.618,26.607,26.602,26.602,26.602,26.607,26.613,26.618,26.618,26.607,26.597,26.581,26.566,26.555,26.55,26.55,26.561,26.592,26.607,26.602,26.587,26.561,26.54,26.535,26.519,26.508,26.488,26.493,26.545,26.514,26.503,26.524,26.493,26.467,26.462,26.482,26.493,26.472,26.446,26.477,26.441,26.441,26.451,26.451,26.373,26.352,26.321,26.268,26.159,26.127,26.164,26.112,26.148,25.918,25.954,25.876,26.007,25.392,25.287,25.281,25.097,25.07,24.927,25.086,24.986,25.171,25.266,25.213,25.118,25.139,25.007,25.017,25.123,25.065,24.97,24.912,24.996,24.922,24.927,25.017,25.002,24.89,24.875,24.954,24.938,24.869,24.837,24.859,24.88,24.885,24.98,24.917,24.917,24.927,25.002,24.991,25.007,25.002,24.986
,27.778,27.701,27.53,27.458,27.448,27.386,27.479,27.453,27.417,27.505,27.51,27.443,27.561,27.448,27.412,27.381,27.339,27.561,27.391,27.608,27.463,27.536,27.443,27.339,27.463,27.546,27.567,26.883,27.148,27.143,27.127,27.06,26.722,26.675,26.55,26.232,26.362,25.939,25.76,25.624,25.613,25.571,25.508,25.54,25.55,25.118,25.445,25.576,25.519,25.592,25.529,25.455,25.771,26.284,27.262,27.189,26.571,26.195,26.211,26.148,26.117,26.085,26.117,26.305,26.524,26.769,26.8,26.43,26.456,26.368,26.607,26.368,26.514,26.566,26.587,26.555,26.566,26.467,26.566,26.529,26.441,26.566,26.576,26.738,27.21,27.277,27.148,26.706,26.498,26.607,26.514,26.722,26.79,27.008,26.961,26.743,26.639,26.467,26.592,26.508,26.55,26.566,26.571,26.581,26.581,26.587,26.597,26.597,26.592,26.592,26.587,26.587,26.607,26.644,26.909,27.257,27.158,26.925,26.67,26.607,26.732,26.951,26.992,26.862,26.686,26.665,26.628,26.623,26.613,26.607,26.597,26.597,26.597,26.597,26.602,26.607,26.618,26.623,26.628,26.634,26.628,26.623,26.634,26.613,26.68,26.956,27.2,27.257,26.862,26.847,26.894,27.075,27.065,26.847,26.758,26.712,26.691,26.67,26.67,26.66,26.665,26.66,26.665,26.665,26.665,26.67,26.67,26.67,26.665,26.675,26.686,26.696,26.706,26.738,26.738,26.904,27.22,27.127,26.982,27.008,26.961,26.878,26.795,26.743,26.701,26.68,26.665,26.66,26.66,26.654,26.66,26.665,26.665,26.675,26.675,26.686,26.691,26.696,26.701,26.706,26.717,26.727,26.732,26.769,26.722,26.743,26.987,27.2,27.132,27.08,26.982,26.909,26.847,26.81,26.779,26.764,26.753,26.743,26.732,26.732,26.743,26.748,26.748,26.753,26.758,26.758,26.764,26.769,26.779,26.784,26.81,26.852,27.21,27.68,27.721,27.716,27.742,27.747,27.757,27.793,27.84,27.932,27.85,27.799,27.711,27.623,27.53,27.432,27.355,27.282,27.246,27.194,27.137,27.101,27.054,27.023,26.992,26.971,26.951,26.925,26.909,26.894,26.878,26.857,26.847,26.836,26.821,26.81,26.81,26.81,26.805,26.8,26.79,26.769,26.748,26.727,26.712,26.691,26.68,26.675,26.675,26.675,26.67,26.654,26.644,26.623,26.623,26.607,26.602,26.607,26.607,26.613,26.623,26.623,26.613,26.592,26.571,26.54,26.535,26.524,26.519,26.519,26.566,26.602,26.602,26.576,26.545,26.524,26.493,26.514,26.462,26.362,26.482,26.456,26.508,26.54,26.54,26.404,26.425,26.435,26.315,26.352,26.321,26.258,26.122,26.169,26.106,25.928,25.902,25.939,25.781,25.76,25.65,25.345,25.371,25.339,25.06,25.028,25.134,25.081,25.002,24.991,25.012,24.996,24.959,25.15,25.012,25.086,25.202,25.033,24.991,24.864,25.012,25.012,24.943,24.98,25.028,24.959,24.97,24.98,24.959,24.922,24.986,24.917,24.859,24.779,24.806,24.901,24.827,24.912,24.864,24.906,24.88,24.912,24.875,24.959,25.007,25.012,25.023,25.023,24.954,25.002,25.017,24.954
,27.701,27.582,27.51,27.427,27.463,27.458,27.272,27.391,27.319,27.344,27.282,27.443,27.432,27.494,27.484,27.515,27.546,27.396,27.194,27.225,27.08,27.122,27.013,26.821,27.158,27.474,27.225,26.587,26.002,25.975,25.787,25.697,25.592,25.603,25.561,25.708,25.724,25.802,25.834,25.855,25.634,25.834,25.808,25.802,25.797,26.002,25.876,26.007,26.028,26.498,26.399,26.441,26.347,26.508,27.132,27.401,27.148,26.878,26.691,26.592,26.722,26.654,26.712,26.738,27.075,26.982,26.852,26.555,26.514,26.602,26.576,26.581,26.587,26.581,26.566,26.592,26.592,26.587,26.581,26.597,26.634,26.623,26.607,26.784,26.945,27.334,27.293,26.847,26.55,26.623,26.623,26.613,26.8,27.08,26.977,26.67,26.675,26.623,26.607,26.561,26.566,26.555,26.597,26.602,26.613,26.618,26.623,26.623,26.618,26.618,26.613,26.628,26.686,26.691,26.696,27.101,27.277,27.137,26.66,26.706,26.722,26.894,26.992,26.925,26.691,26.691,26.639,26.649,26.639,26.628,26.623,26.618,26.613,26.618,26.618,26.634,26.639,26.644,26.649,26.654,26.654,26.654,26.654,26.639,26.712,26.836,27.117,27.225,26.883,26.868,26.94,27.08,26.935,26.878,26.779,26.738,26.701,26.696,26.68,26.675,26.675,26.675,26.675,26.68,26.68,26.686,26.686,26.686,26.691,26.691,26.701,26.712,26.722,26.753,26.774,26.816,27.117,27.132,27.044,27.003,26.966,26.925,26.795,26.769,26.717,26.696,26.68,26.67,26.67,26.665,26.67,26.675,26.68,26.686,26.691,26.696,26.701,26.706,26.712,26.717,26.722,26.732,26.738,26.753,26.753,26.732,27.008,27.231,27.267,27.174,26.997,26.92,26.857,26.821,26.795,26.779,26.764,26.753,26.748,26.743,26.748,26.753,26.764,26.764,26.764,26.764,26.769,26.774,26.795,26.79,26.821,26.764,27.412,27.716,27.721,27.701,27.726,27.752,27.763,27.793,27.824,27.902,27.902,27.819,27.721,27.634,27.546,27.458,27.37,27.313,27.277,27.225,27.153,27.127,27.08,27.044,27.018,26.997,26.982,26.956,26.94,26.925,26.914,26.894,26.878,26.873,26.852,26.847,26.842,26.836,26.836,26.826,26.81,26.79,26.769,26.753,26.732,26.712,26.691,26.68,26.675,26.675,26.68,26.675,26.675,26.607,26.628,26.613,26.613,26.613,26.613,26.602,26.628,26.634,26.602,26.581,26.571,26.498,26.54,26.529,26.535,26.529,26.561,26.639,26.691,26.66,26.618,26.581,26.514,26.545,26.352,26.31,26.394,26.336,26.326,26.295,26.2,25.902,25.981,25.897,25.713,25.713,25.597,25.524,25.287,25.208,25.171,25.113,25.044,25.002,25.06,25.033,24.98,24.97,25.023,25.033,25.039,25.176,25.171,25.128,25.097,25.113,24.88,24.975,24.949,25.107,25.102,25.054,25.044,25.097,25.06,24.943,25.023,25.123,25.017,24.97,25.06,25.028,24.943,24.933,24.901,24.848,24.959,25.017,24.991,24.869,24.89,24.959,24.806,24.938,25.028,25.076,25.039,25.181,25.07,25.171,25.208,25.355,25.392,25.271,25.371,25.397,25.461,25.603
,27.711,27.659,27.551,27.479,27.479,27.391,27.494,27.474,27.469,27.407,27.344,27.075,26.842,26.592,26.67,26.508,26.644,26.503,25.97,26.195,26.028,26.049,25.897,25.75,26.524,27.494,27.096,26.352,25.466,25.645,25.797,25.918,25.745,25.907,26.164,26.117,26.258,26.514,26.519,26.248,26.232,26.561,26.503,26.576,26.717,26.816,26.498,26.774,26.613,26.639,26.66,26.592,26.665,26.738,26.821,27.407,27.494,27.039,26.722,26.691,26.67,26.686,26.706,26.566,26.935,27.106,27.111,26.743,26.649,26.623,26.618,26.607,26.607,26.618,26.623,26.613,26.607,26.613,26.613,26.623,26.628,26.639,26.644,26.628,26.779,27.308,27.494,27.246,26.914,26.722,26.712,26.66,26.81,27.143,27.018,26.758,26.717,26.68,26.623,26.628,26.618,26.628,26.634,26.644,26.644,26.649,26.649,26.649,26.644,26.634,26.639,26.654,26.717,26.654,26.717,27.039,27.257,27.179,26.836,26.66,26.758,26.92,27.06,26.852,26.868,26.691,26.696,26.675,26.66,26.649,26.644,26.639,26.639,26.639,26.644,26.654,26.66,26.665,26.67,26.675,26.675,26.675,26.691,26.717,26.753,26.758,27.106,27.215,26.94,26.862,26.992,27.132,27.003,26.826,26.79,26.748,26.722,26.706,26.696,26.686,26.686,26.686,26.691,26.696,26.696,26.696,26.696,26.696,26.701,26.701,26.712,26.722,26.738,26.753,26.774,26.743,27.003,27.22,27.054,27.034,26.977,26.894,26.847,26.79,26.738,26.712,26.691,26.686,26.68,26.68,26.68,26.686,26.691,26.696,26.706,26.712,26.712,26.722,26.727,26.727,26.732,26.738,26.743,26.753,26.758,26.805,26.836,27.106,27.267,27.189,26.945,26.894,26.878,26.836,26.816,26.795,26.774,26.769,26.764,26.764,26.764,26.769,26.774,26.779,26.774,26.779,26.748,26.79,26.8,26.805,26.842,26.81,27.158,27.639,27.618,27.788,27.726,27.752,27.752,27.773,27.835,27.881,27.953,27.855,27.809,27.685,27.613,27.494,27.417,27.355,27.303,27.251,27.205,27.143,27.117,27.08,27.054,27.034,27.013,26.997,26.977,26.966,26.951,26.935,26.925,26.914,26.894,26.878,26.868,26.862,26.873,26.857,26.868,26.816,26.784,26.764,26.743,26.717,26.712,26.665,26.706,26.696,26.701,26.68,26.696,26.592,26.634,26.613,26.618,26.576,26.607,26.566,26.618,26.644,26.607,26.535,26.587,26.618,26.514,26.488,26.54,26.409,26.535,26.409,26.106,26.059,26.007,26.049,25.823,25.923,25.687,25.76,25.645,25.566,25.592,25.571,25.424,25.297,25.266,25.245,25.366,25.197,25.171,25.165,25.25,25.139,25.186,25.192,25.16,25.165,25.123,25.15,25.128,25.06,25.081,25.16,25.07,25.118,25.139,25.091,25.118,25.081,25.081,25.144,25.134,25.128,25.097,25.086,25.16,25.039,25.012,25.065,25.033,24.991,24.986,25.017,25.065,24.986,25.049,25.044,25.012,25.429,25.213,25.118,25.297,25.292,25.303,25.361,25.292,25.382,25.466,25.655,25.682,25.734,25.666,25.708,25.739,25.933,25.865,25.876,25.85,25.75,25.913,25.86
,27.438,27.484,27.453,27.075,26.852,26.873,26.274,26.059,26.117,26.043,26.195,26.007,26.096,25.886,25.923,25.902,25.886,25.855,25.787,25.85,25.813,25.766,25.839,25.797,26.284,27.086,27.443,26.935,26.248,26.159,26.352,26.493,26.368,26.529,26.758,26.665,26.925,27.194,27.143,26.587,26.613,26.639,26.581,26.602,26.587,26.618,26.722,26.634,26.602,26.602,26.581,26.644,26.696,26.68,26.857,27.303,27.5,27.293,26.826,26.701,26.675,26.665,26.686,26.68,26.857,27.117,27.106,26.8,26.675,26.68,26.649,26.649,26.639,26.634,26.628,26.634,26.634,26.634,26.639,26.649,26.649,26.649,26.66,26.665,26.654,27.127,27.489,27.257,26.987,26.779,26.732,26.753,26.821,27.153,27.08,26.847,26.717,26.712,26.66,26.639,26.639,26.644,26.66,26.665,26.675,26.68,26.675,26.675,26.665,26.665,26.665,26.68,26.701,26.758,26.696,27.003,27.205,27.365,27.039,26.743,26.743,26.94,27.039,27.008,26.795,26.769,26.727,26.701,26.691,26.675,26.665,26.66,26.66,26.66,26.66,26.675,26.68,26.686,26.686,26.691,26.686,26.696,26.712,26.732,26.779,26.816,27.008,27.174,27.101,26.873,26.951,27.06,26.987,26.816,26.795,26.753,26.732,26.717,26.701,26.701,26.696,26.691,26.701,26.701,26.701,26.706,26.712,26.712,26.712,26.717,26.722,26.727,26.743,26.753,26.769,26.758,26.93,27.174,27.21,27.008,26.982,26.92,26.862,26.795,26.748,26.717,26.706,26.691,26.691,26.686,26.691,26.691,26.696,26.706,26.717,26.722,26.727,26.732,26.738,26.743,26.743,26.748,26.748,26.758,26.774,26.795,26.831,27.132,27.282,27.293,27.003,26.857,26.852,26.836,26.821,26.805,26.8,26.795,26.79,26.784,26.79,26.795,26.795,26.8,26.795,26.821,26.805,26.816,26.831,26.847,26.873,26.878,27.034,27.505,27.608,27.685,27.696,27.726,27.737,27.763,27.783,27.927,28.02,27.994,27.871,27.742,27.639,27.556,27.469,27.401,27.344,27.308,27.262,27.205,27.143,27.117,27.096,27.065,27.065,27.044,27.044,27.003,26.987,26.992,26.961,26.935,26.945,26.92,26.894,26.894,26.883,26.894,26.93,26.873,26.8,26.769,26.738,26.722,26.774,26.691,26.753,26.753,26.712,26.732,26.722,26.686,26.654,26.68,26.738,26.717,26.675,26.649,26.628,26.482,26.498,26.132,26.132,25.839,25.792,25.933,25.671,25.76,25.75,25.64,25.487,25.508,25.561,25.44,25.329,25.245,25.281,25.197,25.144,25.155,25.245,25.403,25.392,25.181,25.213,25.213,25.181,25.171,25.208,25.16,25.123,25.144,25.181,25.176,25.197,25.181,25.086,25.086,25.065,25.113,25.102,25.054,25.113,25.113,25.081,25.06,25.16,25.097,25.097,25.139,25.076,25.097,25.113,25.07,25.208,25.287,25.229,25.35,25.587,25.519,25.54,25.608,25.592,25.624,25.676,25.718,25.587,25.629,25.965,25.787,25.792,25.829,25.855,25.829,25.776,25.813,25.876,25.855,25.949,25.954,25.855,25.986,25.923,25.991,26.007,25.96,26.017,26.023,26.028,26.054
,26.101,26.106,25.876,25.802,25.85,25.886,25.703,25.781,25.708,25.818,25.886,25.918,26.017,25.965,26.028,26.174,26.373,26.602,26.415,26.467,26.576,26.54,26.587,26.472,26.508,26.925,27.458,27.344,26.909,26.701,26.602,26.561,26.618,26.634,26.732,26.592,26.883,27.179,27.065,26.753,26.654,26.628,26.587,26.618,26.623,26.561,26.66,26.623,26.691,26.665,26.628,26.634,26.748,26.686,26.769,27.148,27.546,27.448,27.101,26.753,26.712,26.701,26.696,26.654,26.842,27.065,27.111,26.836,26.665,26.717,26.67,26.665,26.654,26.649,26.649,26.644,26.649,26.654,26.66,26.665,26.665,26.665,26.66,26.649,26.686,27.101,27.448,27.391,27.303,26.945,26.753,26.758,26.831,27.2,27.06,26.842,26.686,26.66,26.67,26.67,26.67,26.675,26.686,26.696,26.706,26.712,26.706,26.696,26.686,26.686,26.686,26.691,26.686,26.68,26.738,26.816,27.236,27.257,27.22,26.795,26.836,26.847,27.029,26.997,26.795,26.784,26.748,26.717,26.701,26.686,26.675,26.67,26.67,26.675,26.68,26.686,26.691,26.691,26.696,26.696,26.701,26.712,26.722,26.748,26.769,26.774,26.951,27.194,27.096,26.997,27.023,27.194,26.956,26.805,26.81,26.774,26.743,26.727,26.712,26.706,26.701,26.701,26.701,26.712,26.712,26.717,26.712,26.712,26.717,26.722,26.727,26.738,26.753,26.758,26.758,26.727,26.842,27.122,27.257,27.101,27.122,26.909,26.857,26.795,26.758,26.732,26.712,26.706,26.696,26.696,26.696,26.706,26.712,26.722,26.727,26.738,26.738,26.753,26.753,26.758,26.764,26.758,26.764,26.764,26.784,26.784,26.8,27.148,27.319,27.267,27.194,26.826,26.852,26.878,26.831,26.842,26.826,26.826,26.826,26.826,26.821,26.831,26.831,26.836,26.831,26.821,26.795,26.842,26.836,26.862,26.888,26.888,26.951,27.479,27.618,27.608,27.665,27.696,27.716,27.757,27.726,27.86,28.071,27.912,27.871,27.737,27.701,27.598,27.494,27.443,27.401,27.365,27.272,27.22,27.174,27.168,27.096,27.143,27.075,27.091,27.075,27.08,27.101,27.039,26.992,26.997,26.977,26.951,26.904,26.894,26.883,26.914,26.847,26.92,26.8,26.758,26.769,26.764,26.696,26.732,26.587,26.587,26.55,26.717,26.378,26.211,26.493,26.42,25.96,25.802,25.708,25.55,25.671,25.545,25.781,25.613,25.597,25.355,25.408,25.334,25.35,25.408,25.366,25.35,25.329,25.287,25.334,25.266,25.276,25.281,25.208,25.192,25.097,25.139,25.139,25.223,25.25,25.197,25.197,25.15,25.229,25.223,25.139,25.165,25.171,25.144,25.16,25.15,25.181,25.139,25.128,25.06,25.134,25.155,25.113,25.181,25.102,25.06,25.107,25.039,25.07,25.118,25.376,25.144,25.334,25.661,25.524,25.661,25.729,25.781,25.75,25.808,25.939,25.865,25.86,26.002,25.897,25.986,25.96,25.965,25.86,26.028,26.002,25.96,25.939,25.981,25.996,26.043,26.064,26.106,26.023,26.043,26.153,26.132,26.091,26.138,26.059,26.028,26.075,26.122,26.012,26.127,26.117,26.153
,25.865,25.902,25.97,25.991,26.112,25.996,26.19,26.326,26.701,27.08,27.225,26.81,26.503,26.696,26.488,26.545,26.581,26.634,26.67,26.545,26.477,26.597,26.634,26.696,26.644,26.81,27.267,27.432,27.184,26.743,26.717,26.634,26.613,26.639,26.675,26.639,26.868,27.251,27.21,26.758,26.587,26.613,26.67,26.66,26.654,26.634,26.644,26.644,26.644,26.66,26.654,26.649,26.712,26.68,26.753,26.899,27.37,27.53,27.355,26.831,26.732,26.717,26.691,26.691,26.909,27.018,27.132,26.79,26.769,26.701,26.696,26.686,26.675,26.665,26.665,26.66,26.665,26.67,26.675,26.68,26.68,26.675,26.68,26.686,26.654,26.868,27.288,27.334,27.22,26.816,26.732,26.743,26.852,27.158,27.101,26.852,26.691,26.686,26.686,26.68,26.691,26.696,26.706,26.717,26.722,26.722,26.722,26.717,26.701,26.701,26.696,26.696,26.701,26.727,26.696,26.727,26.997,27.35,27.251,26.956,26.816,26.92,27.101,26.992,26.795,26.8,26.758,26.732,26.717,26.701,26.686,26.686,26.68,26.68,26.686,26.691,26.696,26.696,26.701,26.701,26.712,26.717,26.727,26.748,26.774,26.795,26.779,27.194,27.21,27.184,27.06,27.168,27.039,26.909,26.816,26.769,26.743,26.727,26.717,26.706,26.706,26.706,26.706,26.712,26.717,26.717,26.717,26.717,26.717,26.722,26.738,26.743,26.753,26.758,26.758,26.748,26.743,27.137,27.246,27.075,27.065,26.935,26.831,26.784,26.753,26.732,26.717,26.706,26.706,26.706,26.712,26.717,26.732,26.738,26.743,26.753,26.753,26.764,26.774,26.779,26.779,26.779,26.779,26.79,26.805,26.79,26.81,26.873,27.262,27.272,26.987,26.888,26.857,26.842,26.842,26.842,26.868,26.883,26.888,26.883,26.883,26.888,26.873,26.883,26.914,26.945,26.935,26.909,26.883,26.971,27.054,26.873,27.236,27.541,27.525,27.608,27.634,27.665,27.675,27.726,27.706,27.968,28.076,27.989,27.958,27.819,27.69,27.608,27.603,27.448,27.422,27.412,27.386,27.391,27.267,27.189,27.127,27.148,27.189,27.148,27.127,27.091,27.127,27.054,27.065,27.044,27.013,26.997,26.966,26.935,26.878,26.966,26.779,26.706,26.706,26.706,26.79,26.477,26.321,26.185,26.106,26.211,26.08,25.766,25.881,25.724,25.797,25.534,25.608,25.608,25.466,25.545,25.561,25.397,25.45,25.445,25.334,25.334,25.276,25.276,25.303,25.313,25.255,25.35,25.16,25.176,25.271,25.313,25.25,25.234,25.192,25.202,25.181,25.171,25.165,25.16,25.202,25.123,25.16,25.229,25.139,25.139,25.26,25.186,25.239,25.26,25.155,25.197,25.155,25.208,25.519,25.529,25.434,25.234,25.245,25.676,25.503,25.676,25.713,26.096,25.97,25.97,25.85,25.954,25.739,25.734,26.012,25.981,25.834,25.991,25.829,25.939,26.049,26.023,25.96,26.096,26.164,26.185,25.975,26.127,26.18,26.096,26.174,25.949,26.054,26.023,26.127,26.174,26.2,26.132,26.19,26.227,26.211,26.195,26.18,26.143,26.153,26.148,26.148,26.174,26.206,26.18,26.169,26.185
,26.519,26.581,26.467,26.315,26.686,26.67,26.665,26.68,26.93,27.262,27.2,26.94,26.748,26.675,26.706,26.701,26.717,26.68,26.66,26.665,26.613,26.55,26.555,26.623,26.712,26.732,27.148,27.36,27.37,27.07,26.67,26.618,26.66,26.748,26.686,26.706,26.888,27.2,27.262,26.81,26.675,26.706,26.68,26.67,26.665,26.654,26.654,26.654,26.654,26.66,26.665,26.67,26.675,26.706,26.701,26.774,27.158,27.494,27.427,27.148,26.753,26.727,26.774,26.68,26.909,27.127,27.168,26.701,26.743,26.738,26.717,26.701,26.691,26.68,26.68,26.675,26.68,26.686,26.691,26.701,26.701,26.696,26.701,26.701,26.686,26.753,27.251,27.282,27.303,27.044,26.842,26.774,26.81,27.153,27.111,26.862,26.712,26.732,26.712,26.706,26.706,26.712,26.717,26.727,26.732,26.738,26.727,26.722,26.717,26.712,26.706,26.706,26.706,26.706,26.722,26.774,26.826,27.298,27.236,27.054,26.93,26.925,27.029,27.003,26.784,26.769,26.758,26.738,26.722,26.712,26.696,26.691,26.686,26.691,26.691,26.696,26.701,26.701,26.706,26.706,26.712,26.717,26.732,26.748,26.758,26.774,26.769,27.029,27.189,27.106,27.044,27.184,26.971,26.836,26.821,26.774,26.748,26.727,26.722,26.712,26.712,26.712,26.712,26.717,26.717,26.717,26.717,26.717,26.717,26.727,26.738,26.753,26.758,26.764,26.769,26.738,26.675,26.992,27.251,27.22,27.153,26.914,26.779,26.769,26.758,26.738,26.717,26.712,26.706,26.706,26.717,26.732,26.753,26.764,26.769,26.769,26.774,26.779,26.8,26.805,26.805,26.816,26.795,26.8,26.8,26.862,26.826,26.899,27.236,27.324,27.132,26.92,26.894,26.883,26.852,26.888,26.894,26.935,26.94,27.003,27.07,26.935,26.987,27.127,27.054,27.075,27.2,27.324,27.288,27.241,27.267,27.288,27.282,27.5,27.52,27.598,27.598,27.613,27.629,27.68,27.711,27.871,28.143,28.051,28.03,27.83,27.726,27.721,27.525,27.474,27.427,27.422,27.412,27.401,27.355,27.267,27.236,27.205,27.174,27.184,27.039,27.054,26.997,27.049,26.956,26.966,26.852,26.535,26.675,26.696,26.331,26.07,26.043,26.049,25.991,25.907,25.85,25.808,25.813,25.834,25.844,25.881,25.671,25.566,25.592,25.603,25.587,25.561,25.482,25.497,25.482,25.513,25.419,25.424,25.397,25.361,25.313,25.281,25.287,25.26,25.313,25.271,25.234,25.308,25.35,25.281,25.255,25.239,25.234,25.197,25.186,25.144,25.165,25.192,25.218,25.229,25.345,25.324,25.266,25.223,25.218,25.366,25.313,25.355,25.587,25.566,25.571,25.419,25.555,25.561,25.618,25.703,25.965,25.771,26.002,25.892,25.886,25.991,25.981,25.865,25.975,25.996,25.996,26.028,26.049,26.07,25.996,26.085,26.049,26.075,26.054,26.033,26.122,26.242,26.253,26.18,26.122,26.216,26.143,26.232,26.253,26.195,26.159,26.169,26.122,26.153,26.237,26.148,26.216,26.221,26.227,26.237,26.258,26.263,26.227,26.211,26.2,26.195,26.206,26.19,26.19,26.206,26.216,26.227
,26.909,26.712,26.738,26.665,26.508,26.576,26.597,26.743,27.111,27.236,27.288,26.816,26.68,26.644,26.587,26.649,26.727,26.66,26.628,26.644,26.571,26.67,26.665,26.686,26.738,26.691,26.774,27.282,27.407,27.257,26.862,26.691,26.654,26.691,26.712,26.717,26.873,27.168,27.262,26.857,26.68,26.722,26.706,26.68,26.68,26.67,26.665,26.665,26.665,26.675,26.68,26.68,26.68,26.706,26.654,26.68,26.873,27.344,27.391,27.381,27.018,26.769,26.81,26.712,26.904,27.148,27.029,26.914,26.738,26.753,26.743,26.722,26.706,26.696,26.696,26.696,26.701,26.712,26.712,26.717,26.722,26.722,26.727,26.743,26.769,26.816,26.956,27.288,27.35,27.2,26.836,26.79,26.868,27.08,27.137,26.977,26.826,26.769,26.738,26.727,26.722,26.727,26.732,26.732,26.743,26.743,26.743,26.732,26.727,26.722,26.717,26.717,26.717,26.722,26.717,26.738,26.883,27.163,27.215,27.137,26.93,26.94,27.06,26.971,26.748,26.769,26.764,26.743,26.732,26.717,26.706,26.696,26.691,26.696,26.696,26.696,26.701,26.701,26.706,26.706,26.712,26.722,26.732,26.743,26.753,26.753,26.774,26.992,27.179,27.143,27.122,27.163,27.023,26.873,26.821,26.774,26.753,26.738,26.727,26.722,26.717,26.722,26.722,26.722,26.727,26.722,26.732,26.722,26.727,26.727,26.743,26.758,26.774,26.774,26.779,26.758,26.732,26.847,27.184,27.179,27.132,26.94,26.764,26.769,26.764,26.743,26.722,26.712,26.712,26.712,26.732,26.753,26.774,26.79,26.795,26.753,26.743,26.79,26.836,26.857,26.873,26.888,26.836,26.831,26.935,26.956,26.93,26.92,27.246,27.288,27.231,27.215,27.111,27.034,27.096,26.982,27.091,27.111,27.143,27.148,27.096,27.22,27.122,27.158,27.184,27.174,27.251,27.257,27.319,27.303,27.267,27.282,27.303,27.432,27.536,27.608,27.556,27.603,27.598,27.639,27.685,27.814,28.102,28.092,28.056,27.958,27.634,27.613,27.608,27.443,27.407,27.391,27.36,27.308,27.246,27.168,27.106,27.049,27.132,27.054,26.732,26.732,26.686,26.634,26.748,26.415,26.331,26.389,26.279,26.2,26.2,26.195,25.975,26.054,25.981,25.913,25.86,25.802,25.697,25.792,25.766,25.687,25.661,25.645,25.587,25.534,25.513,25.513,25.455,25.434,25.476,25.413,25.408,25.361,25.361,25.35,25.392,25.25,25.255,25.281,25.255,25.223,25.197,25.202,25.297,25.403,25.371,25.355,25.424,25.413,25.466,25.482,25.503,25.455,25.497,25.592,25.618,25.545,25.692,25.739,25.755,25.64,25.834,25.781,25.823,25.897,25.703,25.776,25.76,25.834,25.913,26.017,25.928,25.965,25.939,26.122,26.085,26.054,26.017,26.028,26.127,26.075,26.054,26.174,26.112,26.101,26.085,26.007,26.153,26.143,26.185,26.18,26.19,26.216,26.227,26.211,26.242,26.268,26.315,26.274,26.253,26.237,26.221,26.206,26.216,26.19,26.18,26.248,26.248,26.232,26.242,26.258,26.263,26.258,26.263,26.253,26.253,26.232,26.232,26.232,26.227,26.232,26.242,26.258
,26.935,26.555,26.727,26.67,26.701,26.644,26.712,26.696,27.039,27.293,27.303,26.888,26.821,26.743,26.691,26.732,26.732,26.686,26.644,26.675,26.67,26.67,26.675,26.686,26.686,26.675,26.764,27.148,27.453,27.458,27.179,26.795,26.743,26.691,26.753,26.665,26.945,27.163,27.189,26.847,26.727,26.727,26.712,26.701,26.691,26.686,26.68,26.68,26.68,26.686,26.686,26.686,26.696,26.67,26.68,26.675,26.743,27.163,27.438,27.453,27.153,26.758,26.753,26.8,26.92,27.153,27.137,27.137,26.79,26.769,26.753,26.732,26.727,26.712,26.717,26.722,26.727,26.732,26.738,26.743,26.743,26.748,26.753,26.764,26.753,26.779,26.899,27.272,27.391,27.277,26.956,26.94,26.904,27.127,27.091,26.93,26.795,26.784,26.758,26.738,26.732,26.727,26.732,26.738,26.743,26.748,26.748,26.748,26.743,26.738,26.732,26.722,26.717,26.727,26.732,26.748,26.753,26.961,27.231,27.236,27.039,27.013,27.091,27.086,26.764,26.764,26.774,26.748,26.738,26.722,26.712,26.712,26.701,26.706,26.706,26.706,26.706,26.701,26.706,26.706,26.717,26.727,26.738,26.743,26.748,26.753,26.753,26.852,27.137,27.179,27.148,27.215,27.003,26.857,26.826,26.774,26.753,26.738,26.738,26.732,26.738,26.738,26.743,26.738,26.738,26.732,26.732,26.738,26.722,26.738,26.758,26.784,26.79,26.795,26.779,26.769,26.774,26.722,27.106,27.189,27.137,27.018,26.857,26.81,26.764,26.748,26.706,26.712,26.712,26.722,26.743,26.764,26.769,26.81,26.805,26.914,26.81,26.847,26.909,27.018,26.992,27.003,27.003,27.023,27.277,27.215,27.137,27.184,27.344,27.375,27.272,27.272,27.236,27.267,27.231,27.282,27.427,27.365,27.282,27.205,27.205,27.184,27.194,27.205,27.22,27.225,27.21,27.267,27.298,27.303,27.277,27.293,27.319,27.412,27.489,27.561,27.51,27.561,27.556,27.592,27.618,27.592,27.68,27.84,27.793,27.654,27.453,27.365,27.267,27.194,27.272,27.293,27.225,27.091,27.034,26.94,26.8,26.883,26.971,26.883,26.712,26.581,26.508,26.482,26.425,26.394,26.342,26.31,26.221,26.138,26.064,26.064,25.897,25.907,25.876,25.844,25.766,25.629,25.655,25.613,25.613,25.608,25.561,25.587,25.55,25.54,25.597,25.534,25.445,25.445,25.487,25.397,25.419,25.429,25.408,25.35,25.419,25.408,25.55,25.566,25.519,25.497,25.471,25.55,25.708,25.766,25.682,25.587,25.739,25.991,25.808,25.923,25.97,25.913,25.996,26.096,26.075,25.996,26.064,26.148,26.085,25.954,26.054,25.933,25.96,26.075,26.059,25.991,25.986,25.981,26.059,26.18,26.033,26.143,26.101,26.195,26.195,26.174,26.2,26.237,26.227,26.153,26.164,26.232,26.2,26.211,26.211,26.19,26.2,26.2,26.227,26.237,26.242,26.248,26.258,26.263,26.268,26.274,26.284,26.289,26.279,26.268,26.258,26.248,26.242,26.253,26.253,26.248,26.258,26.263,26.274,26.279,26.279,26.279,26.279,26.279,26.279,26.263,26.263,26.258,26.258,26.263,26.274,26.284
,27.479,27.313,26.842,26.587,26.68,26.805,26.743,26.675,26.951,27.36,27.36,27.049,26.691,26.779,26.701,26.748,26.732,26.732,26.722,26.696,26.66,26.706,26.706,26.722,26.701,26.66,26.66,27.184,27.288,27.37,27.381,26.971,26.784,26.738,26.748,26.717,26.987,27.236,27.241,26.987,26.758,26.732,26.732,26.717,26.712,26.701,26.701,26.696,26.696,26.701,26.701,26.701,26.706,26.717,26.701,26.732,26.675,26.951,27.381,27.422,27.37,26.92,26.8,26.857,26.966,27.158,27.194,27.106,26.79,26.779,26.764,26.748,26.738,26.732,26.732,26.738,26.743,26.748,26.758,26.764,26.764,26.769,26.774,26.784,26.8,26.816,26.852,26.977,27.391,27.422,27.184,26.909,26.914,27.08,27.122,26.951,26.79,26.795,26.774,26.753,26.748,26.738,26.738,26.738,26.743,26.748,26.753,26.753,26.748,26.743,26.738,26.738,26.732,26.732,26.738,26.732,26.748,26.816,27.22,27.246,27.106,27.153,27.143,26.992,26.868,26.805,26.774,26.758,26.743,26.732,26.722,26.722,26.722,26.722,26.717,26.712,26.717,26.712,26.717,26.722,26.727,26.738,26.743,26.753,26.758,26.748,26.748,26.753,27.054,27.184,27.215,27.21,26.935,26.816,26.79,26.784,26.758,26.753,26.748,26.764,26.769,26.764,26.764,26.764,26.764,26.738,26.732,26.753,26.758,26.764,26.769,26.774,26.805,26.831,26.805,26.873,26.738,26.706,27.127,27.21,27.117,26.961,26.857,26.894,26.925,26.743,26.732,26.769,26.805,26.795,26.784,26.81,27.049,27.158,27.148,27.163,27.018,27.106,27.143,27.153,27.101,27.127,27.153,27.225,27.22,27.257,27.246,27.293,27.324,27.35,27.308,27.272,27.282,27.267,27.257,27.344,27.293,27.303,27.329,27.257,27.225,27.22,27.22,27.225,27.231,27.251,27.225,27.298,27.267,27.288,27.282,27.288,27.319,27.324,27.391,27.515,27.469,27.51,27.5,27.53,27.598,27.592,27.432,27.427,27.427,27.344,27.355,27.319,27.21,27.127,27.184,27.236,27.194,26.982,26.93,26.826,26.81,26.706,26.727,26.571,26.649,26.399,26.409,26.404,26.321,26.342,26.284,26.305,26.253,26.101,26.038,25.991,25.844,25.85,25.808,25.797,25.76,25.724,25.687,25.682,25.582,25.582,25.513,25.503,25.503,25.597,25.524,25.713,25.545,25.713,25.466,25.839,25.818,25.818,25.708,25.871,25.902,25.965,25.897,25.855,26.017,25.996,25.928,25.954,26.106,26.023,26.002,26.007,26.059,25.902,25.97,26.132,26.117,26.221,26.132,26.091,26.159,26.096,26.211,26.185,26.106,26.064,26.091,26.18,26.211,26.19,26.195,26.127,26.122,26.106,26.153,26.164,26.174,26.19,26.164,26.211,26.242,26.326,26.315,26.342,26.268,26.263,26.258,26.248,26.242,26.232,26.232,26.237,26.248,26.253,26.258,26.274,26.274,26.274,26.279,26.284,26.295,26.31,26.305,26.305,26.305,26.295,26.295,26.284,26.279,26.274,26.268,26.279,26.279,26.284,26.284,26.289,26.295,26.305,26.305,26.305,26.305,26.295,26.289,26.284,26.284,26.284,26.295,26.31
,27.592,27.484,27.044,26.774,26.691,26.816,26.779,26.753,26.977,27.375,27.344,27.034,26.888,26.8,26.758,26.774,26.758,26.758,26.748,26.748,26.732,26.748,26.743,26.753,26.743,26.748,26.836,26.914,27.194,27.308,27.505,27.2,26.784,26.816,26.66,26.706,26.94,27.174,27.21,27.111,26.769,26.774,26.753,26.738,26.727,26.722,26.717,26.712,26.717,26.722,26.722,26.717,26.717,26.722,26.743,26.764,26.79,26.816,27.179,27.401,27.37,27.07,26.888,26.826,26.987,27.096,27.091,26.909,26.795,26.81,26.774,26.758,26.753,26.753,26.748,26.753,26.764,26.764,26.774,26.774,26.779,26.779,26.784,26.79,26.8,26.826,26.821,26.894,27.21,27.365,27.396,26.956,26.94,27.153,27.101,27.091,26.847,26.8,26.784,26.758,26.748,26.743,26.738,26.743,26.743,26.748,26.753,26.764,26.758,26.753,26.753,26.743,26.743,26.743,26.738,26.738,26.727,26.79,27.194,27.257,27.2,27.2,27.194,27.023,26.883,26.826,26.79,26.769,26.758,26.743,26.743,26.738,26.738,26.732,26.727,26.732,26.722,26.722,26.732,26.738,26.748,26.753,26.764,26.769,26.774,26.795,26.764,26.753,27.044,27.148,27.2,27.246,26.945,26.836,26.816,26.774,26.774,26.779,26.774,26.779,26.79,26.816,26.821,26.831,26.784,26.81,26.743,26.816,26.878,26.888,26.847,26.836,26.831,26.862,26.956,26.951,27.049,27.106,27.122,27.215,27.174,27.143,27.143,27.106,27.153,27.096,26.795,26.451,25.913,26.315,26.727,26.868,27.282,27.215,27.174,27.241,27.225,27.236,27.225,27.189,27.241,27.22,27.215,27.241,27.231,27.246,27.308,27.313,27.334,27.324,27.319,27.334,27.303,27.308,27.319,27.303,27.365,27.313,27.298,27.282,27.241,27.231,27.231,27.236,27.241,27.241,27.246,27.257,27.246,27.257,27.267,27.272,27.298,27.319,27.36,27.396,27.432,27.432,27.474,27.417,27.505,27.551,27.438,27.339,27.339,27.324,27.293,27.2,27.143,27.08,27.143,27.122,26.961,26.914,26.909,26.836,26.769,26.618,26.639,26.623,26.472,26.425,26.399,26.362,26.326,26.3,26.279,26.263,26.221,26.159,26.038,26.002,25.965,25.965,25.954,25.829,25.829,25.844,25.839,26.122,25.86,26.185,26.185,25.97,26.028,26.2,26.2,26.169,26.117,26.169,26.059,26.248,26.153,26.169,26.164,26.295,26.19,26.248,26.132,26.216,26.153,26.049,26.127,26.038,26.169,26.211,26.216,26.242,26.258,26.185,26.185,26.237,26.221,26.31,26.342,26.284,26.274,26.237,26.237,26.211,26.216,26.211,26.232,26.221,26.221,26.216,26.2,26.174,26.18,26.19,26.206,26.221,26.232,26.232,26.253,26.253,26.279,26.305,26.31,26.315,26.289,26.3,26.284,26.279,26.279,26.274,26.274,26.274,26.279,26.289,26.295,26.3,26.305,26.305,26.305,26.31,26.315,26.326,26.331,26.326,26.321,26.321,26.315,26.315,26.305,26.3,26.3,26.295,26.3,26.305,26.31,26.31,26.315,26.321,26.326,26.326,26.326,26.326,26.326,26.315,26.315,26.321,26.326,26.336
,27.587,27.577,27.386,26.878,26.836,26.81,26.732,26.743,26.909,27.324,27.319,26.997,26.925,26.831,26.769,26.816,26.816,26.821,26.805,26.805,26.826,26.769,26.758,26.8,26.732,26.722,26.748,26.904,27.029,27.35,27.469,27.515,27.148,27.158,27.184,26.904,26.899,27.225,27.194,27.184,26.8,26.779,26.774,26.758,26.748,26.738,26.732,26.732,26.732,26.732,26.732,26.732,26.738,26.743,26.758,26.795,26.847,26.79,27.194,27.463,27.375,27.143,26.894,26.816,27.054,27.163,27.143,27.018,26.79,26.81,26.784,26.769,26.764,26.764,26.764,26.769,26.769,26.774,26.779,26.784,26.784,26.79,26.795,26.795,26.81,26.836,26.842,26.899,27.163,27.401,27.355,27.117,27.044,27.241,27.111,27.044,26.868,26.805,26.779,26.769,26.753,26.743,26.743,26.743,26.743,26.748,26.753,26.764,26.764,26.758,26.758,26.753,26.748,26.748,26.743,26.743,26.732,26.795,26.93,27.241,27.148,27.168,27.122,27.06,26.888,26.836,26.795,26.774,26.764,26.758,26.758,26.753,26.753,26.748,26.743,26.743,26.738,26.753,26.758,26.769,26.774,26.774,26.784,26.795,26.8,26.779,26.836,26.779,26.914,27.132,27.143,27.174,27.018,26.868,26.81,26.779,26.784,26.784,26.79,26.826,26.826,26.857,26.883,27.018,27.044,26.873,27.029,27.044,26.92,27.091,27.2,27.2,27.21,27.189,27.132,27.132,27.148,27.194,27.21,27.251,27.205,27.2,27.132,27.137,27.158,27.132,26.691,26.153,25.96,25.933,26.347,26.971,27.2,27.179,27.262,27.288,27.251,27.267,27.308,27.282,27.298,27.293,27.272,27.272,27.277,27.308,27.308,27.319,27.324,27.319,27.339,27.324,27.339,27.339,27.313,27.324,27.36,27.277,27.308,27.267,27.236,27.225,27.22,27.236,27.241,27.231,27.22,27.22,27.22,27.225,27.231,27.246,27.267,27.293,27.324,27.355,27.37,27.391,27.412,27.453,27.143,27.117,27.168,27.21,27.282,27.288,27.189,27.106,27.091,27.111,27.044,27.018,26.997,26.847,26.894,26.862,26.842,26.712,26.634,26.587,26.639,26.535,26.571,26.404,26.498,26.295,26.284,26.389,26.378,26.456,26.404,26.446,26.383,26.441,26.399,26.456,26.321,26.237,26.441,26.451,26.336,26.373,26.472,26.373,26.331,26.352,26.383,26.394,26.289,26.284,26.321,26.305,26.268,26.263,26.289,26.352,26.284,26.342,26.248,26.185,26.336,26.315,26.321,26.326,26.248,26.274,26.279,26.274,26.279,26.284,26.284,26.289,26.321,26.347,26.352,26.326,26.305,26.3,26.284,26.284,26.279,26.289,26.284,26.274,26.268,26.268,26.253,26.253,26.248,26.253,26.263,26.268,26.279,26.284,26.284,26.289,26.3,26.31,26.31,26.315,26.315,26.315,26.305,26.305,26.31,26.305,26.305,26.305,26.31,26.315,26.321,26.326,26.326,26.326,26.331,26.331,26.336,26.342,26.347,26.347,26.347,26.342,26.336,26.331,26.326,26.321,26.315,26.315,26.315,26.315,26.326,26.321,26.331,26.336,26.342,26.342,26.347,26.342,26.342,26.336,26.336,26.342,26.347,26.352
,27.649,27.634,27.608,27.086,26.795,26.79,26.769,26.774,26.982,27.298,27.319,27.22,26.951,26.862,26.816,26.816,26.852,26.883,26.904,26.904,26.935,26.982,27.008,27.091,27.06,26.966,27.111,27.101,27.205,27.267,27.5,27.5,27.35,27.298,27.22,26.795,26.94,27.132,27.153,27.267,26.784,26.8,26.8,26.774,26.758,26.753,26.748,26.748,26.738,26.743,26.743,26.743,26.748,26.758,26.769,26.795,26.826,26.836,26.914,27.334,27.422,27.308,27.075,26.795,27.029,27.111,27.225,26.971,26.784,26.79,26.784,26.784,26.774,26.774,26.774,26.779,26.779,26.784,26.784,26.795,26.79,26.795,26.8,26.805,26.816,26.831,26.857,26.909,27.158,27.458,27.37,27.153,27.054,27.246,27.091,26.997,26.862,26.826,26.779,26.764,26.758,26.748,26.743,26.738,26.743,26.748,26.753,26.764,26.764,26.758,26.758,26.753,26.753,26.753,26.748,26.774,26.743,26.878,26.904,27.241,27.262,27.267,27.148,27.065,26.831,26.831,26.831,26.795,26.784,26.784,26.779,26.779,26.784,26.779,26.764,26.764,26.691,26.81,26.816,26.81,26.805,26.784,26.779,26.805,26.81,26.842,26.795,26.862,27.075,27.163,27.163,27.153,27.205,26.971,26.925,26.878,26.888,26.977,26.977,26.894,27.075,27.034,27.091,27.106,27.122,27.205,27.158,27.132,27.163,27.194,27.194,27.246,27.236,27.22,27.194,27.189,27.2,27.215,27.241,27.231,27.2,27.2,27.189,27.21,27.179,27.21,27.184,27.132,27.065,27.06,27.22,27.179,27.2,27.277,27.267,27.267,27.288,27.313,27.277,27.298,27.303,27.319,27.257,27.236,27.277,27.329,27.329,27.344,27.319,27.329,27.293,27.319,27.308,27.303,27.324,27.288,27.272,27.236,27.241,27.225,27.215,27.205,27.22,27.241,27.215,27.236,27.184,27.168,27.158,27.174,27.184,27.194,27.215,27.251,27.282,27.303,27.324,27.329,27.329,27.324,27.054,27.143,27.148,27.143,27.179,27.241,27.262,27.194,27.158,27.194,27.096,27.106,27.075,27.163,27.127,27.075,26.836,27.054,27.194,26.784,27.153,26.79,26.665,26.816,26.686,26.68,26.81,26.561,26.644,26.529,26.587,26.644,26.607,26.571,26.545,26.555,26.498,26.462,26.514,26.462,26.503,26.451,26.451,26.493,26.415,26.472,26.42,26.357,26.404,26.435,26.425,26.425,26.404,26.378,26.373,26.347,26.31,26.399,26.336,26.347,26.462,26.394,26.368,26.373,26.362,26.357,26.342,26.342,26.347,26.336,26.342,26.347,26.347,26.352,26.347,26.352,26.342,26.342,26.336,26.331,26.331,26.331,26.326,26.321,26.315,26.31,26.3,26.295,26.295,26.295,26.305,26.305,26.315,26.31,26.31,26.315,26.315,26.315,26.315,26.321,26.321,26.321,26.326,26.331,26.326,26.331,26.326,26.326,26.326,26.336,26.342,26.347,26.342,26.347,26.342,26.347,26.347,26.357,26.357,26.357,26.357,26.352,26.347,26.342,26.336,26.336,26.336,26.331,26.336,26.336,26.336,26.342,26.342,26.347,26.352,26.352,26.352,26.357,26.357,26.357,26.357,26.362,26.368,26.368
,27.757,27.608,27.618,27.407,26.878,26.79,26.821,26.821,27.122,27.329,27.272,27.277,27.075,26.982,27.127,27.117,27.034,27.039,27.065,27.065,26.956,27.018,27.127,27.158,27.137,26.925,26.982,27.251,27.22,27.148,27.443,27.463,27.474,27.381,27.272,27.101,27.137,27.174,27.158,26.945,26.862,26.821,26.795,26.784,26.774,26.764,26.758,26.753,26.748,26.748,26.748,26.748,26.753,26.764,26.779,26.8,26.826,26.842,26.847,27.029,27.375,27.375,27.148,26.966,27.065,27.122,27.06,27.003,26.842,26.8,26.795,26.79,26.779,26.779,26.784,26.784,26.79,26.795,26.79,26.8,26.795,26.8,26.805,26.805,26.81,26.831,26.852,26.852,26.899,27.189,27.143,27.251,27.122,27.163,27.065,26.904,26.816,26.784,26.816,26.764,26.753,26.748,26.743,26.743,26.743,26.743,26.748,26.753,26.764,26.769,26.764,26.758,26.753,26.753,26.753,26.758,26.784,26.758,26.857,27.054,27.22,27.236,27.225,26.966,26.914,26.81,26.821,26.79,26.816,26.779,26.79,26.784,26.753,26.79,26.738,26.79,26.81,26.873,26.894,26.868,26.909,26.862,26.925,26.935,27.034,27.029,26.997,27.122,27.189,27.194,27.179,27.179,27.168,27.21,27.215,27.184,27.07,27.215,27.251,27.122,27.272,27.184,27.194,27.205,27.189,27.21,27.215,27.184,27.241,27.267,27.246,27.303,27.267,27.262,27.236,27.231,27.225,27.231,27.267,27.257,27.168,27.21,27.215,27.21,27.22,27.205,27.194,27.231,27.122,27.122,27.091,27.086,27.132,27.22,27.241,27.277,27.272,27.277,27.282,27.298,27.272,27.262,27.215,27.251,27.231,27.231,27.277,27.298,27.288,27.324,27.262,27.293,27.262,27.293,27.303,27.215,27.205,27.039,27.07,27.044,27.127,27.096,27.101,27.132,27.08,27.086,27.075,27.101,27.106,27.117,27.137,27.163,27.189,27.215,27.257,27.272,27.288,27.282,27.241,27.298,27.065,27.106,27.044,27.236,27.665,27.659,27.629,27.783,27.613,27.696,27.551,27.768,27.469,27.422,27.448,27.36,27.339,27.308,27.184,27.215,27.153,27.184,27.049,26.961,26.945,26.904,26.92,26.971,26.79,26.842,26.701,26.701,26.644,26.686,26.602,26.587,26.576,26.571,26.529,26.545,26.561,26.54,26.545,26.581,26.519,26.493,26.535,26.488,26.472,26.43,26.451,26.425,26.441,26.425,26.42,26.425,26.435,26.409,26.43,26.43,26.409,26.347,26.409,26.415,26.409,26.404,26.399,26.399,26.389,26.378,26.383,26.383,26.378,26.373,26.373,26.373,26.368,26.362,26.362,26.368,26.362,26.362,26.362,26.357,26.347,26.342,26.331,26.326,26.331,26.331,26.331,26.342,26.342,26.336,26.336,26.336,26.331,26.331,26.326,26.326,26.331,26.336,26.336,26.336,26.336,26.336,26.336,26.336,26.342,26.347,26.347,26.347,26.352,26.352,26.352,26.362,26.362,26.368,26.368,26.373,26.368,26.362,26.352,26.347,26.342,26.342,26.342,26.336,26.342,26.347,26.347,26.347,26.352,26.352,26.357,26.362,26.368,26.368,26.368,26.373,26.373,26.378,26.378,26.383
,27.324,27.644,27.603,27.701,26.997,26.774,26.816,26.842,27.086,27.324,27.35,27.288,27.132,27.034,27.324,27.298,27.06,27.086,27.231,27.179,27.023,27.08,27.132,27.137,27.127,27.174,27.215,27.37,27.386,27.267,27.313,27.5,27.469,27.339,27.293,27.143,27.075,27.179,27.225,27.111,26.816,26.81,26.805,26.79,26.779,26.764,26.758,26.753,26.743,26.743,26.748,26.748,26.758,26.764,26.774,26.795,26.821,26.868,26.878,26.914,27.313,27.355,27.257,27.111,27.101,27.086,27.117,26.977,26.816,26.847,26.816,26.79,26.795,26.79,26.795,26.8,26.8,26.8,26.8,26.8,26.8,26.805,26.81,26.81,26.821,26.826,26.831,26.842,26.868,27.117,27.334,27.267,27.282,27.2,27.101,27.029,26.836,26.821,26.774,26.758,26.769,26.764,26.758,26.743,26.743,26.764,26.779,26.758,26.821,26.79,26.748,26.748,26.748,26.753,26.743,26.727,26.805,26.909,26.961,27.013,27.22,27.205,27.231,26.966,26.94,26.873,26.914,26.81,26.805,26.805,26.847,26.961,26.94,26.868,27.054,26.945,26.982,27.111,27.003,27.122,27.127,27.039,27.215,27.205,27.246,27.189,27.215,27.215,27.251,27.225,27.22,27.215,27.2,27.2,27.215,27.257,27.205,27.225,27.184,27.225,27.257,27.262,27.293,27.277,27.257,27.22,27.22,27.303,27.241,27.293,27.303,27.313,27.293,27.277,27.277,27.262,27.251,27.241,27.288,27.267,27.241,27.241,27.215,27.21,27.21,27.205,27.21,27.168,27.127,27.101,27.096,27.122,27.168,27.21,27.194,27.251,27.298,27.308,27.313,27.329,27.272,27.277,27.272,27.251,27.267,27.288,27.298,27.174,26.992,27.08,27.044,26.987,26.904,26.894,26.92,26.816,26.826,26.68,26.68,26.67,26.821,26.706,26.748,26.821,26.831,26.945,26.992,27.044,27.07,27.091,27.122,27.143,27.168,27.2,27.231,27.251,27.257,27.241,27.22,27.168,27.029,26.997,27.049,27.484,27.866,27.835,27.793,27.788,27.757,27.696,27.726,27.639,27.515,27.51,27.386,27.334,27.298,27.267,27.236,27.174,27.127,27.106,27.039,26.966,27.029,26.961,26.977,26.925,26.925,26.873,26.8,26.774,26.727,26.722,26.701,26.665,26.618,26.613,26.592,26.581,26.576,26.581,26.581,26.566,26.571,26.555,26.524,26.514,26.503,26.493,26.472,26.467,26.477,26.467,26.472,26.462,26.456,26.456,26.456,26.451,26.456,26.462,26.446,26.441,26.441,26.441,26.435,26.435,26.425,26.415,26.409,26.399,26.399,26.389,26.389,26.389,26.389,26.383,26.389,26.389,26.389,26.389,26.383,26.378,26.373,26.362,26.357,26.352,26.352,26.352,26.352,26.357,26.357,26.357,26.357,26.352,26.347,26.342,26.342,26.342,26.342,26.342,26.347,26.342,26.342,26.347,26.342,26.342,26.347,26.347,26.357,26.357,26.357,26.357,26.362,26.368,26.373,26.378,26.378,26.378,26.368,26.362,26.362,26.352,26.347,26.347,26.347,26.347,26.347,26.352,26.357,26.357,26.357,26.357,26.362,26.368,26.368,26.373,26.378,26.383,26.383,26.389,26.389,26.394
,27.054,27.675,27.577,27.598,27.443,26.909,26.821,26.826,26.982,27.251,27.35,27.329,27.013,27.003,27.272,27.277,27.132,27.117,27.308,27.08,27.091,27.075,27.158,27.143,27.174,27.2,27.194,27.288,27.386,27.205,27.262,27.417,27.381,27.417,27.37,27.236,27.174,27.153,27.194,27.039,26.842,26.81,26.8,26.79,26.779,26.769,26.764,26.753,26.743,26.743,26.748,26.748,26.758,26.764,26.779,26.795,26.816,26.852,26.862,26.914,27.241,27.386,27.355,27.231,27.054,27.22,27.117,27.003,26.805,26.836,26.8,26.805,26.805,26.81,26.816,26.81,26.81,26.805,26.8,26.805,26.81,26.81,26.816,26.816,26.816,26.81,26.821,26.831,26.868,26.836,27.194,27.319,27.303,27.231,27.122,26.894,26.836,26.769,26.821,26.753,26.764,26.758,26.758,26.743,26.784,26.748,26.795,26.81,26.784,26.753,26.758,26.764,26.753,26.727,26.784,26.8,26.81,26.831,26.997,27.21,27.205,27.21,27.189,27.117,27.096,26.94,26.883,27.148,27.303,27.039,27.2,27.179,27.293,27.251,27.143,27.231,27.153,27.2,27.246,27.231,27.313,27.231,27.282,27.272,27.293,27.251,27.262,27.262,27.262,27.257,27.246,27.236,27.225,27.22,27.184,27.246,27.251,27.288,27.257,27.257,27.282,27.324,27.319,27.246,27.241,27.303,27.277,27.251,27.257,27.282,27.329,27.329,27.262,27.288,27.282,27.272,27.298,27.277,27.282,27.277,27.257,27.246,27.2,27.236,27.225,27.22,27.153,27.215,27.236,27.225,27.21,27.267,27.231,27.143,27.282,27.023,26.878,26.94,26.925,26.847,26.93,26.764,26.706,26.706,26.665,26.8,26.842,26.691,26.587,26.545,26.607,26.654,26.581,26.54,26.597,26.665,26.649,26.701,26.727,26.727,26.748,26.727,26.805,26.826,26.878,26.925,26.971,27.013,27.039,27.065,27.096,27.132,27.158,27.2,27.22,27.241,27.236,27.236,27.184,27.148,27.018,26.93,27.029,27.272,27.763,27.804,27.763,27.665,27.67,27.659,27.634,27.525,27.551,27.448,27.448,27.432,27.365,27.303,27.236,27.174,27.127,27.08,27.06,27.023,26.987,26.982,26.951,26.935,26.93,26.883,26.816,26.79,26.758,26.732,26.712,26.696,26.66,26.639,26.623,26.613,26.613,26.618,26.613,26.607,26.597,26.581,26.561,26.545,26.529,26.514,26.503,26.498,26.493,26.498,26.498,26.493,26.488,26.488,26.482,26.472,26.472,26.472,26.472,26.472,26.472,26.467,26.467,26.456,26.451,26.435,26.43,26.42,26.415,26.409,26.404,26.404,26.404,26.399,26.399,26.404,26.404,26.409,26.409,26.399,26.394,26.383,26.378,26.373,26.373,26.368,26.378,26.373,26.373,26.373,26.378,26.373,26.362,26.362,26.357,26.352,26.352,26.352,26.347,26.347,26.342,26.347,26.347,26.347,26.347,26.352,26.347,26.336,26.373,26.362,26.368,26.378,26.378,26.389,26.389,26.383,26.378,26.368,26.362,26.357,26.352,26.352,26.352,26.352,26.352,26.357,26.352,26.357,26.357,26.357,26.362,26.373,26.378,26.383,26.389,26.389,26.394,26.399,26.399,26.409
,26.92,27.438,27.577,27.613,27.623,27.08,26.842,26.836,27.013,27.288,27.298,27.313,27.003,27.013,27.277,27.205,27.091,27.189,27.174,27.122,27.034,27.143,27.184,27.174,27.2,27.225,27.272,27.262,27.288,27.21,27.174,27.37,27.458,27.381,27.365,27.319,27.189,27.179,27.179,27.065,26.821,26.821,26.81,26.795,26.784,26.774,26.764,26.753,26.748,26.748,26.748,26.753,26.764,26.774,26.784,26.805,26.821,26.852,26.904,26.873,26.997,27.412,27.365,27.225,27.189,27.277,27.288,26.956,26.821,26.847,26.8,26.816,26.821,26.831,26.842,26.831,26.836,26.821,26.805,26.816,26.816,26.826,26.831,26.826,26.81,26.836,26.852,26.857,26.888,26.935,27.174,27.334,27.246,27.277,27.189,26.94,26.883,26.831,26.779,26.779,26.743,26.805,26.81,26.836,26.868,26.951,27.034,27.013,26.987,27.054,27.122,26.945,27.153,27.21,27.231,27.257,27.168,27.174,27.272,27.205,27.231,27.225,27.22,27.215,27.184,27.148,27.324,27.282,27.22,27.308,27.262,27.344,27.303,27.257,27.293,27.277,27.298,27.298,27.319,27.334,27.308,27.293,27.329,27.35,27.329,27.365,27.37,27.303,27.308,27.293,27.257,27.251,27.236,27.246,27.282,27.262,27.225,27.277,27.272,27.257,27.282,27.308,27.293,27.277,27.241,27.225,27.225,27.334,27.282,27.267,27.303,27.215,27.262,27.282,27.272,27.282,27.293,27.308,27.257,27.303,27.282,27.313,27.293,27.205,27.262,27.044,27.101,26.925,26.519,26.571,26.581,26.498,26.43,26.435,26.43,26.727,26.467,26.561,26.508,26.514,26.43,26.462,26.446,26.446,26.462,26.472,26.524,26.55,26.519,26.566,26.498,26.581,26.639,26.644,26.66,26.691,26.675,26.701,26.748,26.753,26.774,26.779,26.805,26.821,26.868,26.909,26.935,26.977,27.013,27.044,27.086,27.122,27.168,27.205,27.236,27.251,27.257,27.054,26.992,26.93,26.852,26.894,26.857,27.106,27.515,27.752,27.696,27.665,27.644,27.603,27.572,27.51,27.5,27.438,27.407,27.36,27.391,27.303,27.231,27.174,27.122,27.08,27.054,27.023,26.997,26.977,26.956,26.94,26.909,26.878,26.847,26.816,26.784,26.758,26.732,26.712,26.686,26.665,26.644,26.639,26.639,26.639,26.634,26.634,26.618,26.602,26.587,26.576,26.561,26.535,26.524,26.514,26.508,26.514,26.519,26.519,26.519,26.508,26.498,26.493,26.493,26.488,26.493,26.493,26.493,26.488,26.482,26.472,26.467,26.456,26.446,26.435,26.425,26.425,26.42,26.42,26.42,26.415,26.42,26.415,26.42,26.425,26.425,26.425,26.415,26.409,26.399,26.394,26.389,26.389,26.389,26.389,26.394,26.389,26.389,26.389,26.383,26.378,26.373,26.362,26.362,26.362,26.352,26.352,26.347,26.352,26.347,26.352,26.357,26.342,26.315,26.347,26.357,26.373,26.378,26.389,26.383,26.389,26.389,26.383,26.378,26.373,26.362,26.357,26.352,26.352,26.352,26.352,26.362,26.357,26.357,26.357,26.362,26.362,26.368,26.378,26.383,26.389,26.389,26.394,26.394,26.399,26.409,26.415
,26.821,27.132,27.603,27.556,27.577,27.319,27.003,26.956,27.117,27.282,27.339,27.339,26.977,26.977,27.313,27.22,27.241,27.251,27.189,27.189,27.049,27.096,27.174,27.194,27.225,27.257,27.267,27.35,27.334,27.262,27.225,27.236,27.324,27.386,27.365,27.396,27.205,27.22,27.184,26.945,26.836,26.852,26.816,26.805,26.79,26.779,26.764,26.758,26.753,26.753,26.753,26.764,26.774,26.784,26.8,26.81,26.826,26.821,26.857,26.883,27.039,27.324,27.355,27.288,27.282,27.282,27.225,26.873,26.847,26.857,26.836,26.821,26.852,26.868,26.868,26.868,26.883,26.836,26.852,26.805,26.81,26.816,26.868,26.8,26.774,26.779,26.779,26.862,26.925,26.925,27.08,27.308,27.288,27.262,27.241,27.153,27.008,26.966,27.08,27.039,27.003,27.179,27.106,27.143,27.122,27.407,27.355,27.282,27.194,27.324,27.215,27.277,27.288,27.365,27.334,27.334,27.236,27.241,27.251,27.282,27.282,27.251,27.246,27.251,27.262,27.282,27.313,27.251,27.303,27.298,27.355,27.324,27.319,27.334,27.324,27.236,27.288,27.298,27.308,27.298,27.319,27.303,27.329,27.313,27.308,27.288,27.308,27.293,27.319,27.288,27.257,27.257,27.257,27.251,27.236,27.246,27.257,27.257,27.272,27.288,27.282,27.319,27.241,27.257,27.251,27.267,27.236,27.168,27.194,27.148,27.251,27.174,27.231,27.184,27.07,26.899,26.857,26.878,26.54,26.404,26.514,26.535,26.508,26.524,26.378,26.258,26.336,26.289,26.321,26.253,26.415,26.315,26.321,26.232,26.242,26.404,26.342,26.368,26.373,26.368,26.425,26.472,26.446,26.441,26.508,26.488,26.524,26.529,26.55,26.524,26.529,26.602,26.597,26.665,26.67,26.686,26.701,26.722,26.743,26.753,26.769,26.784,26.805,26.831,26.862,26.888,26.92,26.951,26.997,27.029,27.075,27.111,27.163,27.22,27.303,27.417,27.329,27.262,26.951,26.66,26.706,26.81,26.847,26.971,27.35,27.458,27.551,27.515,27.541,27.5,27.489,27.463,27.438,27.37,27.329,27.298,27.277,27.241,27.2,27.148,27.111,27.075,27.049,27.023,26.997,26.977,26.956,26.935,26.909,26.888,26.857,26.831,26.8,26.774,26.748,26.727,26.701,26.691,26.67,26.665,26.665,26.66,26.654,26.649,26.639,26.623,26.607,26.597,26.576,26.555,26.54,26.535,26.529,26.529,26.535,26.54,26.535,26.524,26.514,26.503,26.508,26.498,26.508,26.503,26.508,26.508,26.498,26.493,26.482,26.472,26.462,26.446,26.446,26.441,26.43,26.435,26.43,26.43,26.43,26.43,26.43,26.435,26.435,26.435,26.435,26.425,26.42,26.409,26.404,26.404,26.399,26.404,26.404,26.404,26.404,26.404,26.399,26.394,26.383,26.378,26.373,26.368,26.362,26.357,26.347,26.347,26.357,26.357,26.362,26.362,26.373,26.347,26.368,26.383,26.389,26.389,26.394,26.394,26.394,26.389,26.389,26.373,26.368,26.362,26.362,26.362,26.362,26.362,26.362,26.368,26.368,26.368,26.368,26.368,26.378,26.378,26.383,26.389,26.389,26.394,26.399,26.409,26.415,26.42
,26.821,27.003,27.448,27.556,27.572,27.556,27.023,26.94,27.117,27.412,27.432,27.339,27.054,26.992,27.272,27.277,27.205,27.225,27.236,27.096,27.158,27.153,27.179,27.205,27.241,27.339,27.391,27.381,27.36,27.298,27.272,27.205,27.313,27.412,27.458,27.257,27.262,27.225,27.205,27.075,26.925,26.862,26.826,26.805,26.795,26.784,26.774,26.769,26.764,26.758,26.769,26.769,26.779,26.8,26.81,26.852,26.883,26.93,26.836,26.826,26.888,27.127,27.407,27.319,27.329,27.282,27.267,26.945,26.81,26.816,26.842,26.873,26.857,26.842,26.847,26.904,26.888,26.836,26.842,26.753,26.81,26.862,26.81,26.909,27.049,27.075,27.127,27.111,27.07,27.246,27.303,27.282,27.298,27.267,27.236,27.21,27.179,27.132,27.225,27.257,27.427,27.298,27.344,27.313,27.303,27.313,27.308,27.36,27.463,27.417,27.251,27.344,27.375,27.344,27.36,27.365,27.37,27.344,27.35,27.293,27.298,27.267,27.277,27.262,27.282,27.277,27.324,27.293,27.288,27.288,27.324,27.262,27.319,27.293,27.303,27.267,27.282,27.257,27.288,27.257,27.282,27.225,27.277,27.334,27.319,27.334,27.35,27.319,27.35,27.298,27.267,27.257,27.272,27.277,27.282,27.246,27.293,27.2,27.148,27.091,27.096,27.086,27.018,27.013,27.003,26.977,27.044,26.576,26.488,26.409,26.561,26.399,26.221,26.321,26.248,26.169,26.237,26.263,26.216,26.279,26.321,26.216,26.253,26.263,26.279,26.242,26.206,26.216,26.305,26.321,26.289,26.284,26.315,26.362,26.373,26.357,26.383,26.383,26.383,26.404,26.43,26.462,26.43,26.446,26.451,26.488,26.524,26.545,26.535,26.587,26.597,26.628,26.654,26.67,26.691,26.696,26.717,26.727,26.743,26.764,26.774,26.79,26.816,26.836,26.857,26.883,26.909,26.94,26.971,27.013,27.06,27.106,27.153,27.215,27.303,27.463,27.443,26.966,26.764,26.774,26.576,26.779,26.66,26.904,27.313,27.386,27.36,27.432,27.438,27.432,27.422,27.391,27.375,27.339,27.293,27.267,27.231,27.2,27.158,27.122,27.086,27.06,27.034,27.008,26.982,26.966,26.945,26.93,26.904,26.883,26.862,26.842,26.805,26.779,26.758,26.738,26.717,26.696,26.686,26.686,26.68,26.675,26.67,26.665,26.649,26.639,26.623,26.607,26.592,26.571,26.55,26.54,26.545,26.545,26.545,26.55,26.545,26.529,26.524,26.514,26.514,26.514,26.519,26.519,26.519,26.519,26.519,26.508,26.493,26.482,26.477,26.467,26.456,26.451,26.451,26.446,26.446,26.446,26.446,26.446,26.446,26.451,26.451,26.451,26.441,26.441,26.43,26.42,26.415,26.409,26.409,26.409,26.415,26.415,26.415,26.415,26.409,26.404,26.394,26.389,26.383,26.378,26.368,26.362,26.352,26.352,26.352,26.357,26.362,26.368,26.373,26.383,26.383,26.389,26.389,26.394,26.389,26.394,26.394,26.389,26.383,26.378,26.373,26.362,26.368,26.368,26.368,26.368,26.368,26.368,26.373,26.373,26.373,26.378,26.373,26.378,26.389,26.389,26.394,26.394,26.399,26.409,26.42,26.42
,26.842,26.831,27.111,27.567,27.541,27.572,27.489,27.106,27.153,27.417,27.407,27.35,27.117,26.966,27.334,27.288,27.075,27.179,27.205,27.189,27.194,27.189,27.2,27.225,27.251,27.355,27.339,27.355,27.339,27.329,27.324,27.231,27.272,27.396,27.308,27.355,27.334,27.251,27.215,27.158,26.945,26.883,26.842,26.821,26.816,26.795,26.79,26.784,26.779,26.779,26.779,26.8,26.816,26.826,26.852,26.81,26.842,26.873,26.873,26.847,26.925,27.039,27.293,27.365,27.288,27.282,27.288,26.888,26.81,27.039,26.982,26.831,26.852,27.106,27.225,26.909,26.914,27.153,27.251,27.22,27.246,27.21,27.324,27.272,27.407,27.417,27.432,27.448,27.313,27.396,27.396,27.313,27.308,27.277,27.262,27.246,27.205,27.179,27.303,27.334,27.375,27.35,27.37,27.386,27.319,27.391,27.401,27.375,27.422,27.35,27.391,27.324,27.35,27.298,27.355,27.339,27.386,27.375,27.422,27.308,27.267,27.308,27.246,27.277,27.355,27.391,27.35,27.355,27.298,27.257,27.231,27.205,27.184,27.231,27.225,27.179,27.143,27.231,27.179,27.267,27.267,27.257,27.21,27.329,27.339,27.293,27.277,27.2,27.189,27.08,27.06,26.961,26.997,27.029,26.79,26.779,26.883,26.769,26.503,26.347,26.3,26.221,26.216,26.19,26.18,26.169,26.258,26.258,26.248,26.289,26.253,26.242,26.237,26.284,26.232,26.242,26.258,26.206,26.216,26.305,26.174,26.31,26.263,26.295,26.279,26.289,26.274,26.216,26.164,26.279,26.331,26.362,26.336,26.342,26.389,26.409,26.373,26.404,26.43,26.383,26.409,26.43,26.482,26.503,26.535,26.519,26.55,26.561,26.587,26.602,26.623,26.644,26.67,26.686,26.701,26.717,26.722,26.732,26.753,26.764,26.779,26.8,26.821,26.836,26.852,26.873,26.904,26.935,26.966,26.997,27.049,27.091,27.158,27.2,27.288,27.36,27.417,27.194,26.79,26.618,26.399,26.597,26.66,26.691,27.117,27.288,27.313,27.324,27.344,27.344,27.35,27.308,27.272,27.257,27.236,27.21,27.189,27.158,27.127,27.096,27.06,27.023,27.003,26.987,26.971,26.951,26.93,26.92,26.904,26.883,26.862,26.847,26.821,26.795,26.769,26.748,26.722,26.706,26.696,26.691,26.686,26.686,26.686,26.67,26.66,26.644,26.634,26.613,26.597,26.576,26.561,26.55,26.55,26.555,26.555,26.555,26.55,26.535,26.524,26.519,26.514,26.519,26.524,26.529,26.535,26.529,26.529,26.519,26.514,26.498,26.488,26.482,26.467,26.467,26.467,26.456,26.462,26.456,26.462,26.456,26.456,26.456,26.456,26.456,26.451,26.446,26.435,26.425,26.425,26.415,26.415,26.415,26.415,26.42,26.425,26.425,26.42,26.42,26.409,26.404,26.394,26.389,26.378,26.373,26.362,26.352,26.357,26.362,26.368,26.373,26.383,26.389,26.389,26.389,26.389,26.389,26.383,26.389,26.389,26.389,26.383,26.383,26.378,26.373,26.373,26.373,26.373,26.373,26.373,26.373,26.378,26.378,26.383,26.389,26.383,26.383,26.389,26.389,26.389,26.394,26.404,26.409,26.42,26.425
,26.842,26.873,26.888,27.355,27.567,27.582,27.505,27.293,27.324,27.479,27.401,27.344,26.894,26.997,27.334,27.225,27.174,27.241,27.231,27.179,27.215,27.205,27.22,27.241,27.272,27.324,27.339,27.35,27.35,27.339,27.329,27.293,27.257,27.272,27.412,27.381,27.329,27.282,27.241,27.106,26.888,26.899,26.842,26.81,26.81,26.81,26.795,26.816,26.821,26.79,26.8,26.784,26.805,26.821,26.883,26.92,26.878,26.862,27.023,27.054,27.044,27.044,27.225,27.427,27.37,27.246,27.282,27.246,27.277,27.355,27.438,27.391,27.339,27.313,27.308,27.438,27.432,27.401,27.35,27.313,27.407,27.37,27.324,27.407,27.277,27.438,27.494,27.407,27.453,27.422,27.427,27.35,27.324,27.293,27.282,27.231,27.231,27.35,27.36,27.401,27.386,27.396,27.427,27.448,27.438,27.386,27.412,27.463,27.422,27.401,27.412,27.288,27.277,27.293,27.375,27.391,27.417,27.443,27.329,27.365,27.236,27.225,27.257,27.231,27.22,26.847,26.987,27.054,27.091,27.029,27.231,27.257,27.215,27.241,27.251,27.251,27.288,27.262,27.163,26.982,26.914,26.956,26.945,26.945,26.717,26.691,26.628,26.545,26.524,26.435,26.404,26.462,26.394,26.409,26.096,26.242,26.211,26.357,26.279,26.253,26.279,26.315,26.284,26.305,26.295,26.263,26.258,26.232,26.248,26.263,26.279,26.305,26.237,26.284,26.268,26.284,26.221,26.211,26.242,26.221,26.185,26.263,26.295,26.31,26.295,26.305,26.331,26.284,26.284,26.279,26.321,26.373,26.389,26.399,26.409,26.425,26.435,26.456,26.467,26.503,26.514,26.514,26.524,26.529,26.55,26.561,26.587,26.602,26.613,26.639,26.644,26.67,26.691,26.706,26.717,26.727,26.732,26.743,26.753,26.764,26.784,26.8,26.816,26.831,26.857,26.873,26.894,26.92,26.956,26.987,27.023,27.06,27.117,27.168,27.251,27.365,27.313,27.215,26.79,26.592,26.561,26.535,26.581,26.43,26.847,27.241,27.262,27.262,27.277,27.282,27.272,27.251,27.22,27.205,27.179,27.163,27.143,27.122,27.091,27.06,27.034,27.008,26.987,26.966,26.945,26.94,26.925,26.909,26.899,26.878,26.862,26.847,26.821,26.8,26.774,26.748,26.727,26.706,26.701,26.691,26.691,26.691,26.686,26.675,26.665,26.649,26.634,26.613,26.597,26.576,26.566,26.561,26.555,26.555,26.561,26.555,26.55,26.535,26.524,26.519,26.519,26.519,26.529,26.535,26.54,26.54,26.535,26.529,26.519,26.508,26.503,26.493,26.482,26.477,26.472,26.472,26.467,26.472,26.467,26.467,26.467,26.467,26.467,26.462,26.456,26.451,26.441,26.43,26.43,26.425,26.42,26.42,26.425,26.43,26.43,26.43,26.43,26.425,26.42,26.409,26.404,26.394,26.383,26.378,26.373,26.368,26.362,26.368,26.373,26.378,26.383,26.389,26.389,26.389,26.389,26.389,26.383,26.389,26.389,26.389,26.389,26.383,26.383,26.378,26.383,26.383,26.378,26.378,26.383,26.378,26.383,26.389,26.389,26.389,26.389,26.389,26.389,26.383,26.389,26.394,26.404,26.415,26.425,26.43
,26.842,26.883,26.842,27.039,27.52,27.598,27.582,27.438,27.412,27.453,27.453,27.324,26.909,26.909,27.303,27.272,27.236,27.231,27.225,27.231,27.231,27.236,27.251,27.267,27.288,27.313,27.334,27.344,27.35,27.339,27.344,27.324,27.184,27.334,27.391,27.391,27.334,27.319,27.241,27.091,26.868,26.971,26.805,26.81,26.8,26.774,26.826,26.888,26.904,26.904,26.894,26.81,26.982,27.003,27.07,27.075,27.075,27.111,27.453,27.375,27.324,27.205,27.257,27.396,27.365,27.35,27.319,27.313,27.324,27.313,27.386,27.417,27.469,27.412,27.365,27.427,27.443,27.489,27.355,27.303,27.381,27.489,27.417,27.412,27.443,27.443,27.427,27.458,27.438,27.469,27.381,27.417,27.334,27.293,27.251,27.303,27.375,27.282,27.37,27.401,27.365,27.355,27.463,27.308,27.319,27.303,27.262,27.355,27.339,27.293,27.262,27.184,27.267,27.251,27.2,27.163,27.21,27.163,27.117,27.2,27.241,27.241,27.096,26.769,26.597,26.576,26.639,26.826,27.018,27.117,27.075,26.758,26.54,26.545,26.383,26.268,26.263,26.425,26.195,26.169,26.164,26.169,26.394,26.383,26.321,26.242,26.263,26.274,26.258,26.279,26.253,26.326,26.279,26.263,26.206,26.253,26.253,26.3,26.3,26.274,26.263,26.315,26.326,26.248,26.305,26.279,26.284,26.185,26.227,26.242,26.268,26.336,26.253,26.315,26.394,26.315,26.248,26.263,26.284,26.326,26.237,26.331,26.357,26.336,26.342,26.368,26.368,26.378,26.373,26.399,26.394,26.409,26.409,26.43,26.451,26.456,26.477,26.508,26.54,26.55,26.566,26.571,26.561,26.571,26.587,26.607,26.618,26.634,26.639,26.654,26.665,26.686,26.706,26.722,26.732,26.738,26.743,26.748,26.758,26.769,26.779,26.795,26.816,26.826,26.847,26.868,26.888,26.914,26.94,26.971,27.003,27.039,27.08,27.143,27.189,27.241,27.272,27.179,26.826,26.602,26.462,26.488,26.524,26.498,26.696,27.065,27.231,27.236,27.231,27.22,27.21,27.2,27.174,27.158,27.143,27.122,27.101,27.08,27.06,27.018,27.003,26.982,26.956,26.945,26.935,26.925,26.909,26.899,26.888,26.873,26.862,26.842,26.821,26.795,26.769,26.753,26.717,26.712,26.696,26.691,26.691,26.691,26.686,26.675,26.67,26.644,26.639,26.618,26.602,26.581,26.571,26.561,26.561,26.561,26.561,26.555,26.55,26.535,26.524,26.519,26.524,26.524,26.535,26.535,26.54,26.545,26.54,26.535,26.529,26.519,26.508,26.503,26.493,26.488,26.482,26.477,26.482,26.477,26.472,26.472,26.472,26.472,26.472,26.467,26.462,26.451,26.451,26.441,26.435,26.43,26.425,26.43,26.43,26.435,26.435,26.435,26.435,26.441,26.43,26.425,26.415,26.404,26.399,26.389,26.378,26.373,26.373,26.368,26.373,26.378,26.383,26.383,26.383,26.383,26.383,26.383,26.383,26.383,26.389,26.389,26.389,26.389,26.383,26.389,26.383,26.383,26.378,26.378,26.383,26.383,26.394,26.394,26.394,26.394,26.389,26.394,26.383,26.383,26.389,26.394,26.404,26.415,26.43,26.43
,26.873,26.894,26.847,26.821,27.344,27.603,27.567,27.53,27.417,27.432,27.469,27.417,27.029,26.951,27.319,27.277,27.251,27.257,27.251,27.246,27.257,27.262,27.262,27.293,27.313,27.329,27.339,27.35,27.355,27.35,27.344,27.339,27.303,27.246,27.396,27.391,27.35,27.339,27.303,27.137,27.018,26.977,26.94,27.091,27.018,26.997,27.101,27.174,27.106,27.282,27.262,27.07,27.319,27.401,27.36,27.453,27.448,27.427,27.36,27.407,27.422,27.36,27.334,27.407,27.386,27.339,27.329,27.339,27.37,27.422,27.401,27.407,27.453,27.458,27.474,27.422,27.438,27.443,27.386,27.386,27.417,27.438,27.453,27.401,27.438,27.443,27.448,27.458,27.422,27.386,27.474,27.396,27.344,27.246,27.272,27.257,27.205,27.174,27.298,27.241,27.231,27.065,27.205,27.184,27.308,27.277,27.282,27.288,27.101,27.143,27.163,27.163,27.189,27.205,27.225,27.2,27.137,27.091,27.003,26.977,26.935,26.868,26.592,26.524,26.467,26.153,26.336,26.425,26.336,26.227,26.206,26.148,26.2,26.138,26.038,26.012,26.012,26.043,26.085,26.028,26.017,26.19,26.227,26.211,26.232,26.227,26.211,26.258,26.268,26.258,26.263,26.2,26.248,26.185,26.263,26.148,26.315,26.274,26.237,26.279,26.242,26.362,26.279,26.268,26.274,26.242,26.347,26.347,26.305,26.321,26.378,26.373,26.394,26.394,26.394,26.31,26.336,26.357,26.368,26.404,26.373,26.394,26.383,26.394,26.409,26.409,26.43,26.435,26.435,26.441,26.441,26.456,26.456,26.467,26.477,26.498,26.519,26.55,26.566,26.581,26.592,26.602,26.602,26.623,26.639,26.654,26.66,26.66,26.665,26.68,26.686,26.706,26.717,26.732,26.743,26.748,26.753,26.758,26.764,26.769,26.779,26.79,26.805,26.821,26.842,26.857,26.878,26.904,26.93,26.956,26.982,27.013,27.054,27.106,27.153,27.2,27.267,27.241,26.784,26.634,26.477,26.378,26.462,26.399,26.774,26.914,27.184,27.189,27.174,27.174,27.163,27.143,27.122,27.106,27.096,27.075,27.06,27.034,27.029,26.992,26.977,26.956,26.94,26.93,26.92,26.909,26.899,26.888,26.878,26.868,26.852,26.831,26.816,26.79,26.769,26.743,26.717,26.706,26.691,26.691,26.691,26.691,26.686,26.68,26.665,26.649,26.639,26.618,26.597,26.587,26.571,26.566,26.561,26.561,26.555,26.55,26.545,26.535,26.524,26.524,26.519,26.524,26.535,26.54,26.545,26.545,26.54,26.535,26.529,26.519,26.514,26.508,26.503,26.498,26.488,26.488,26.482,26.488,26.482,26.477,26.477,26.472,26.472,26.472,26.467,26.462,26.456,26.451,26.441,26.435,26.435,26.435,26.441,26.441,26.441,26.441,26.446,26.441,26.435,26.43,26.425,26.415,26.404,26.399,26.389,26.383,26.378,26.378,26.378,26.378,26.383,26.383,26.383,26.383,26.383,26.383,26.383,26.383,26.383,26.383,26.389,26.394,26.389,26.389,26.389,26.383,26.383,26.383,26.389,26.394,26.394,26.399,26.399,26.399,26.394,26.394,26.389,26.389,26.389,26.394,26.399,26.409,26.43,26.43
,26.857,26.857,26.914,26.847,26.94,27.561,27.551,27.515,27.489,27.489,27.432,27.401,27.086,27.034,27.329,27.298,27.267,27.277,27.277,27.303,27.303,27.324,27.298,27.329,27.339,27.344,27.355,27.36,27.37,27.37,27.36,27.391,27.37,27.277,27.324,27.365,27.36,27.355,27.344,27.303,27.127,27.298,27.267,27.334,27.298,27.241,27.298,27.267,27.241,27.184,27.298,27.339,27.36,27.365,27.334,27.432,27.463,27.469,27.432,27.427,27.432,27.422,27.422,27.339,27.339,27.355,27.344,27.365,27.375,27.391,27.432,27.474,27.407,27.479,27.546,27.458,27.432,27.396,27.417,27.427,27.412,27.474,27.422,27.422,27.391,27.432,27.381,27.205,27.293,27.246,27.375,27.272,27.293,27.148,27.168,27.184,26.914,26.894,26.977,26.971,27.003,27.003,27.07,27.054,27.08,27.029,26.909,27.003,27.013,26.961,26.94,26.561,26.519,26.675,26.545,26.112,26.347,26.389,26.153,26.19,26.248,26.221,26.221,26.253,26.232,26.237,26.138,26.242,26.122,26.07,26.2,26.106,26.08,26.054,26.023,26.002,26.017,26.012,26.002,26.08,26.059,26.091,26.253,26.19,26.242,26.263,26.289,26.248,26.284,26.274,26.342,26.394,26.195,26.295,26.232,26.274,26.336,26.357,26.352,26.347,26.368,26.258,26.378,26.389,26.383,26.394,26.415,26.409,26.394,26.362,26.43,26.482,26.488,26.472,26.462,26.441,26.378,26.456,26.446,26.472,26.488,26.472,26.472,26.472,26.482,26.493,26.493,26.488,26.503,26.498,26.498,26.498,26.503,26.514,26.524,26.55,26.571,26.581,26.602,26.618,26.628,26.634,26.639,26.654,26.675,26.68,26.686,26.691,26.691,26.701,26.706,26.722,26.738,26.743,26.753,26.758,26.758,26.758,26.764,26.764,26.769,26.779,26.8,26.81,26.836,26.852,26.868,26.894,26.92,26.935,26.961,26.992,27.018,27.07,27.106,27.143,27.158,27.189,26.717,26.368,26.415,26.336,26.446,26.415,26.456,26.873,27.132,27.137,27.101,27.117,27.101,27.091,27.075,27.06,27.049,27.034,27.018,27.003,26.987,26.971,26.956,26.935,26.925,26.914,26.904,26.894,26.888,26.878,26.868,26.862,26.847,26.831,26.805,26.779,26.764,26.738,26.717,26.706,26.691,26.691,26.691,26.691,26.686,26.675,26.665,26.649,26.634,26.618,26.602,26.587,26.571,26.571,26.561,26.555,26.55,26.55,26.54,26.529,26.524,26.519,26.524,26.524,26.535,26.54,26.54,26.54,26.54,26.535,26.529,26.519,26.514,26.508,26.508,26.503,26.498,26.493,26.493,26.488,26.488,26.482,26.482,26.477,26.477,26.477,26.472,26.467,26.462,26.456,26.456,26.446,26.446,26.446,26.446,26.446,26.446,26.446,26.446,26.441,26.441,26.435,26.43,26.425,26.415,26.404,26.394,26.394,26.389,26.389,26.383,26.378,26.383,26.378,26.378,26.378,26.378,26.378,26.378,26.383,26.383,26.389,26.389,26.389,26.389,26.389,26.383,26.383,26.383,26.389,26.389,26.394,26.399,26.404,26.404,26.404,26.404,26.399,26.399,26.394,26.394,26.399,26.399,26.415,26.42,26.43
,26.904,26.883,26.925,26.951,26.857,27.262,27.536,27.587,27.494,27.489,27.5,27.432,27.086,26.966,27.308,27.308,27.319,27.329,27.329,27.35,27.35,27.36,27.365,27.391,27.386,27.386,27.386,27.396,27.396,27.396,27.391,27.381,27.319,27.329,27.35,27.36,27.365,27.36,27.375,27.396,27.344,27.36,27.313,27.303,27.282,27.313,27.241,27.329,27.334,27.272,27.272,27.324,27.381,27.391,27.412,27.443,27.422,27.5,27.453,27.448,27.391,27.489,27.453,27.344,27.35,27.344,27.339,27.375,27.412,27.432,27.432,27.52,27.479,27.401,27.215,27.194,27.225,27.267,27.282,27.344,27.355,27.324,27.355,27.324,27.365,27.319,27.422,27.07,27.308,27.329,27.282,27.257,27.236,26.961,26.951,26.966,26.904,26.732,26.634,26.508,26.618,26.581,26.597,26.373,26.352,26.258,26.153,26.404,26.493,26.3,26.091,26.127,26.159,26.153,26.023,26.023,26.085,26.206,26.232,26.211,26.31,26.331,26.321,26.242,26.237,26.242,26.274,26.227,26.263,26.216,26.174,26.007,26.059,26.096,26.08,26.132,25.991,26.064,26.091,26.117,26.085,26.096,26.326,26.331,26.31,26.347,26.404,26.347,26.362,26.336,26.347,26.43,26.399,26.477,26.274,26.435,26.389,26.441,26.446,26.378,26.462,26.456,26.462,26.446,26.467,26.462,26.462,26.482,26.493,26.514,26.524,26.529,26.54,26.54,26.545,26.529,26.623,26.587,26.555,26.545,26.54,26.555,26.571,26.576,26.545,26.555,26.545,26.535,26.55,26.54,26.545,26.555,26.555,26.576,26.602,26.602,26.607,26.623,26.634,26.644,26.654,26.665,26.675,26.68,26.696,26.706,26.706,26.712,26.712,26.717,26.722,26.732,26.743,26.753,26.758,26.758,26.758,26.758,26.758,26.758,26.758,26.774,26.784,26.805,26.816,26.831,26.852,26.883,26.894,26.92,26.94,26.966,26.992,27.029,27.065,27.096,27.132,27.127,26.779,26.514,26.321,26.284,26.315,26.378,26.378,26.873,26.971,27.075,27.034,27.07,27.06,27.039,27.029,27.013,27.008,26.987,26.977,26.971,26.961,26.945,26.93,26.92,26.909,26.899,26.894,26.883,26.873,26.862,26.857,26.852,26.836,26.81,26.795,26.764,26.748,26.732,26.717,26.706,26.691,26.691,26.686,26.686,26.68,26.675,26.66,26.649,26.634,26.618,26.607,26.592,26.576,26.566,26.555,26.55,26.545,26.54,26.54,26.535,26.524,26.524,26.524,26.529,26.529,26.535,26.54,26.54,26.535,26.529,26.524,26.519,26.514,26.514,26.508,26.508,26.503,26.503,26.498,26.493,26.488,26.488,26.482,26.482,26.488,26.482,26.482,26.472,26.467,26.462,26.462,26.462,26.456,26.451,26.456,26.451,26.446,26.446,26.441,26.446,26.441,26.435,26.43,26.425,26.42,26.409,26.409,26.399,26.399,26.394,26.389,26.389,26.378,26.373,26.378,26.373,26.378,26.378,26.378,26.383,26.378,26.383,26.389,26.389,26.383,26.378,26.383,26.383,26.383,26.383,26.394,26.399,26.404,26.404,26.409,26.409,26.409,26.404,26.399,26.399,26.399,26.399,26.399,26.409,26.42,26.43
,26.847,26.899,27.049,27.003,26.93,27.106,27.561,27.587,27.541,27.525,27.489,27.417,27.37,27.432,27.298,27.386,27.355,27.37,27.37,27.417,27.427,27.443,27.443,27.427,27.422,27.458,27.52,27.412,27.443,27.432,27.438,27.391,27.432,27.329,27.334,27.344,27.37,27.401,27.36,27.396,27.355,27.344,27.339,27.262,27.189,27.231,27.215,27.308,27.2,27.262,27.329,27.386,27.365,27.375,27.381,27.401,27.401,27.422,27.51,27.494,27.453,27.469,27.438,27.417,27.36,27.365,27.272,27.288,27.246,27.225,27.132,26.982,27.132,27.039,26.951,26.992,27.086,27.148,27.355,27.375,27.422,27.375,27.329,27.298,27.174,27.215,26.966,26.971,26.888,26.857,26.607,26.482,26.399,26.336,26.425,26.331,26.373,26.19,26.127,25.918,26.012,26.049,26.143,26.043,26.085,26.138,26.248,26.2,26.153,26.164,26.153,26.153,26.164,26.143,26.143,26.153,26.101,26.274,26.227,26.284,26.305,26.295,26.279,26.232,26.3,26.268,26.321,26.216,26.206,26.263,26.321,26.263,26.2,26.295,26.331,26.42,26.211,26.227,26.347,26.399,26.378,26.289,26.493,26.514,26.399,26.482,26.472,26.472,26.456,26.42,26.462,26.576,26.607,26.498,26.508,26.498,26.498,26.493,26.482,26.503,26.493,26.498,26.508,26.498,26.514,26.514,26.519,26.535,26.545,26.561,26.571,26.581,26.587,26.592,26.613,26.602,26.613,26.649,26.613,26.607,26.607,26.607,26.618,26.613,26.607,26.592,26.587,26.592,26.581,26.587,26.587,26.592,26.602,26.613,26.618,26.628,26.639,26.649,26.66,26.67,26.675,26.686,26.691,26.701,26.706,26.717,26.722,26.722,26.727,26.727,26.732,26.743,26.748,26.758,26.758,26.758,26.748,26.748,26.748,26.748,26.753,26.758,26.774,26.79,26.8,26.821,26.831,26.852,26.873,26.888,26.909,26.93,26.961,26.977,27.023,27.044,27.065,27.065,26.795,26.378,26.227,26.19,26.185,26.216,26.268,26.639,26.977,27.029,27.023,27.003,27.003,26.992,26.987,26.977,26.971,26.961,26.951,26.94,26.93,26.92,26.909,26.899,26.888,26.883,26.873,26.868,26.862,26.852,26.842,26.831,26.816,26.8,26.779,26.758,26.743,26.722,26.712,26.701,26.691,26.686,26.68,26.68,26.67,26.67,26.654,26.644,26.634,26.623,26.607,26.592,26.576,26.555,26.55,26.545,26.54,26.535,26.529,26.524,26.524,26.519,26.514,26.519,26.529,26.524,26.535,26.529,26.529,26.519,26.514,26.519,26.514,26.514,26.508,26.508,26.508,26.503,26.503,26.498,26.488,26.488,26.488,26.488,26.488,26.488,26.482,26.472,26.467,26.462,26.467,26.467,26.467,26.462,26.456,26.451,26.451,26.441,26.446,26.441,26.441,26.435,26.435,26.435,26.425,26.409,26.409,26.404,26.404,26.399,26.394,26.383,26.378,26.373,26.373,26.373,26.378,26.373,26.378,26.383,26.383,26.389,26.383,26.383,26.378,26.383,26.373,26.373,26.378,26.383,26.394,26.399,26.404,26.409,26.415,26.415,26.415,26.409,26.404,26.404,26.399,26.399,26.399,26.409,26.42,26.425
,27.339,27.319,27.541,27.505,27.313,27.401,27.474,27.618,27.556,27.546,27.515,27.489,27.443,27.417,27.407,27.5,27.391,27.463,27.469,27.5,27.474,27.463,27.484,27.484,27.474,27.453,27.438,27.463,27.479,27.432,27.448,27.541,27.324,27.386,27.277,27.293,27.319,27.365,27.375,27.386,27.344,27.329,27.298,27.319,27.262,27.174,27.2,27.148,27.158,27.215,27.184,27.153,27.2,27.163,27.22,27.096,27.272,27.179,26.639,26.613,26.639,26.535,26.951,27.148,27.101,27.08,27.158,27.194,27.184,27.2,27.205,27.101,27.049,27.013,27.008,27.029,26.899,26.748,26.383,26.545,26.55,26.409,26.321,26.153,26.07,25.996,26.023,25.991,26.064,26.153,25.986,26.237,25.949,26.002,25.97,25.949,25.907,25.85,25.897,25.97,26.049,26.091,26.049,26.112,26.153,26.19,26.216,26.248,26.274,26.237,26.148,26.112,26.127,26.153,26.148,26.195,26.268,26.31,26.295,26.284,26.342,26.399,26.258,26.477,26.352,26.404,26.467,26.613,26.592,26.467,26.446,26.566,26.493,26.519,26.383,26.467,26.446,26.425,26.435,26.43,26.477,26.529,26.519,26.597,26.644,26.54,26.524,26.519,26.54,26.561,26.607,26.607,26.587,26.566,26.555,26.55,26.555,26.55,26.55,26.561,26.566,26.555,26.555,26.55,26.555,26.555,26.555,26.566,26.581,26.592,26.607,26.618,26.628,26.639,26.644,26.649,26.649,26.649,26.634,26.639,26.628,26.639,26.644,26.639,26.628,26.623,26.613,26.613,26.613,26.613,26.618,26.618,26.628,26.639,26.649,26.654,26.66,26.665,26.67,26.68,26.686,26.691,26.696,26.712,26.717,26.722,26.727,26.732,26.732,26.738,26.738,26.748,26.753,26.753,26.753,26.748,26.743,26.743,26.738,26.743,26.743,26.748,26.764,26.769,26.784,26.795,26.805,26.826,26.847,26.868,26.888,26.904,26.925,26.945,26.982,26.966,26.997,27.023,26.722,26.342,26.242,26.305,26.153,26.18,26.227,26.675,26.956,26.956,26.935,26.966,26.971,26.966,26.956,26.945,26.945,26.935,26.925,26.914,26.914,26.894,26.883,26.873,26.868,26.868,26.862,26.857,26.852,26.842,26.831,26.821,26.8,26.784,26.764,26.753,26.738,26.717,26.706,26.696,26.686,26.68,26.68,26.675,26.665,26.665,26.649,26.639,26.628,26.618,26.607,26.597,26.576,26.561,26.545,26.54,26.529,26.529,26.524,26.519,26.519,26.514,26.514,26.514,26.524,26.524,26.524,26.529,26.524,26.519,26.514,26.508,26.508,26.503,26.508,26.508,26.508,26.508,26.503,26.503,26.493,26.493,26.493,26.493,26.493,26.493,26.488,26.477,26.472,26.467,26.467,26.472,26.467,26.462,26.456,26.451,26.446,26.441,26.441,26.435,26.441,26.435,26.425,26.43,26.425,26.415,26.409,26.409,26.404,26.404,26.394,26.389,26.383,26.373,26.373,26.368,26.373,26.373,26.373,26.378,26.383,26.383,26.378,26.378,26.378,26.373,26.373,26.368,26.373,26.383,26.394,26.399,26.415,26.415,26.415,26.42,26.415,26.415,26.409,26.409,26.404,26.404,26.399,26.415,26.42,26.425
,27.953,27.814,27.685,27.659,27.685,27.675,27.572,27.603,27.613,27.577,27.525,27.546,27.505,27.494,27.422,27.494,27.448,27.484,27.536,27.525,27.469,27.52,27.546,27.52,27.5,27.448,27.448,27.484,27.463,27.463,27.494,27.448,27.391,27.365,27.401,27.329,27.339,27.267,27.303,27.319,27.184,27.096,26.961,26.966,26.982,26.883,26.899,26.842,26.665,26.634,26.368,26.143,26.227,26.064,26.023,26.049,26.289,26.268,26.3,26.305,26.362,26.399,26.826,27.086,26.997,26.94,26.93,26.686,26.524,26.409,26.446,26.248,26.321,26.326,26.227,25.902,26.012,26.023,26.064,26.002,25.975,25.918,25.933,25.933,25.928,25.939,25.933,25.897,26.075,25.902,25.933,25.923,25.892,25.871,25.944,25.907,25.818,25.923,25.907,25.944,25.965,25.996,26.059,26.132,26.159,26.195,26.248,26.258,26.253,26.3,26.232,26.258,26.378,26.206,26.148,26.352,26.368,26.404,26.451,26.482,26.493,26.378,26.623,26.607,26.628,26.592,26.514,26.545,26.691,26.618,26.597,26.592,26.581,26.607,26.581,26.55,26.508,26.524,26.524,26.55,26.571,26.597,26.602,26.618,26.618,26.602,26.602,26.592,26.597,26.602,26.628,26.644,26.634,26.634,26.623,26.613,26.613,26.607,26.613,26.613,26.618,26.607,26.597,26.592,26.592,26.587,26.592,26.602,26.613,26.623,26.634,26.644,26.66,26.665,26.66,26.67,26.67,26.665,26.665,26.654,26.654,26.66,26.66,26.654,26.649,26.644,26.639,26.634,26.634,26.634,26.634,26.639,26.644,26.654,26.665,26.67,26.675,26.68,26.68,26.686,26.696,26.696,26.706,26.712,26.717,26.727,26.727,26.732,26.738,26.738,26.738,26.743,26.743,26.743,26.743,26.743,26.732,26.727,26.732,26.727,26.732,26.743,26.743,26.753,26.764,26.774,26.79,26.805,26.826,26.836,26.862,26.873,26.899,26.92,26.94,26.977,26.987,27.018,26.508,26.237,26.268,26.2,26.132,26.138,26.106,26.597,26.909,26.868,26.93,26.935,26.935,26.935,26.93,26.92,26.92,26.909,26.909,26.899,26.888,26.873,26.868,26.857,26.857,26.847,26.852,26.842,26.836,26.826,26.821,26.8,26.784,26.774,26.758,26.743,26.732,26.712,26.701,26.686,26.68,26.675,26.67,26.67,26.66,26.654,26.639,26.634,26.623,26.618,26.607,26.592,26.571,26.555,26.545,26.535,26.529,26.529,26.519,26.519,26.514,26.508,26.508,26.508,26.514,26.524,26.519,26.519,26.519,26.519,26.514,26.508,26.503,26.503,26.503,26.503,26.508,26.508,26.508,26.503,26.498,26.498,26.498,26.498,26.498,26.498,26.488,26.482,26.472,26.472,26.472,26.472,26.467,26.467,26.462,26.451,26.446,26.441,26.435,26.435,26.43,26.43,26.43,26.425,26.425,26.415,26.415,26.409,26.409,26.404,26.399,26.389,26.378,26.373,26.373,26.368,26.373,26.373,26.368,26.373,26.378,26.378,26.378,26.378,26.373,26.368,26.373,26.373,26.373,26.378,26.389,26.399,26.409,26.415,26.415,26.415,26.415,26.415,26.404,26.409,26.399,26.404,26.404,26.415,26.42,26.425
,27.932,27.804,27.835,27.783,27.726,27.726,27.644,27.623,27.629,27.551,27.546,27.515,27.53,27.587,27.536,27.582,27.525,27.515,27.561,27.561,27.561,27.53,27.582,27.629,27.556,27.556,27.592,27.463,27.463,27.35,27.117,27.2,26.956,26.738,26.805,26.842,27.049,26.971,26.821,26.67,26.508,26.409,26.153,26.195,26.08,26.248,26.148,26.174,26.143,26.127,26.216,26.18,26.185,26.211,26.19,26.106,26.373,26.373,26.415,26.415,26.352,26.279,26.315,25.975,26.08,26.216,26.012,26.148,26.143,26.138,26.07,26.007,25.897,25.855,25.876,25.981,26.023,26.002,25.975,25.986,26.017,25.975,25.949,25.902,25.913,25.949,25.865,25.913,25.876,25.913,25.933,25.886,25.928,25.923,25.907,25.949,25.986,25.97,25.876,25.975,25.96,25.996,26.106,26.206,26.216,26.268,26.289,26.321,26.326,26.331,26.352,26.295,26.326,26.519,26.482,26.488,26.524,26.545,26.561,26.618,26.644,26.706,26.67,26.753,26.67,26.686,26.727,26.712,26.706,26.686,26.67,26.654,26.654,26.644,26.628,26.623,26.602,26.607,26.628,26.628,26.639,26.665,26.66,26.66,26.66,26.66,26.66,26.649,26.654,26.66,26.67,26.675,26.686,26.68,26.675,26.665,26.66,26.665,26.67,26.654,26.649,26.644,26.634,26.623,26.618,26.618,26.623,26.628,26.634,26.644,26.654,26.665,26.67,26.675,26.68,26.68,26.68,26.68,26.675,26.67,26.665,26.665,26.665,26.67,26.665,26.66,26.654,26.654,26.649,26.644,26.644,26.649,26.66,26.665,26.67,26.675,26.675,26.686,26.686,26.691,26.696,26.696,26.706,26.712,26.717,26.717,26.727,26.727,26.732,26.732,26.732,26.732,26.732,26.738,26.727,26.727,26.722,26.717,26.722,26.717,26.722,26.727,26.732,26.738,26.743,26.753,26.769,26.779,26.795,26.816,26.836,26.852,26.868,26.883,26.899,26.914,26.92,26.925,26.79,26.279,26.138,26.148,26.138,26.132,26.075,26.315,26.743,26.868,26.883,26.914,26.909,26.914,26.914,26.899,26.899,26.894,26.894,26.878,26.868,26.852,26.847,26.842,26.836,26.831,26.831,26.826,26.816,26.81,26.805,26.795,26.779,26.769,26.753,26.738,26.722,26.706,26.691,26.68,26.675,26.67,26.665,26.665,26.654,26.644,26.639,26.628,26.618,26.613,26.602,26.592,26.571,26.55,26.54,26.535,26.529,26.524,26.524,26.514,26.514,26.508,26.503,26.498,26.508,26.514,26.514,26.519,26.519,26.514,26.514,26.508,26.508,26.508,26.508,26.508,26.508,26.508,26.508,26.508,26.503,26.503,26.503,26.508,26.503,26.498,26.493,26.488,26.482,26.477,26.472,26.472,26.467,26.467,26.462,26.451,26.451,26.446,26.441,26.435,26.435,26.43,26.43,26.425,26.425,26.415,26.415,26.415,26.409,26.404,26.394,26.389,26.373,26.368,26.368,26.368,26.368,26.373,26.373,26.378,26.378,26.378,26.378,26.378,26.368,26.373,26.373,26.373,26.368,26.378,26.383,26.394,26.404,26.404,26.415,26.415,26.415,26.415,26.404,26.409,26.404,26.409,26.409,26.415,26.42,26.425
,27.932,27.891,27.866,27.721,27.701,27.696,27.68,27.654,27.634,27.608,27.525,27.541,27.644,27.675,27.701,27.623,27.618,27.659,27.515,27.407,27.303,27.324,26.784,26.805,26.748,27.065,26.732,26.68,26.675,26.555,26.368,26.482,26.263,26.2,26.31,26.404,26.816,26.857,26.462,26.336,26.253,26.242,26.263,26.216,26.174,26.289,26.248,26.284,26.253,26.258,26.248,26.232,26.221,26.206,26.211,26.206,26.148,26.174,26.227,26.227,26.127,26.08,26.08,26.017,26.043,26.012,25.886,25.902,26.028,26.017,26.049,26.033,25.981,26.028,26.043,25.918,25.975,25.923,25.965,25.923,26.017,25.949,25.928,25.954,25.918,26.023,26.049,25.881,25.97,26.012,25.981,25.881,26.19,25.949,26.085,26.07,26.195,26.18,26.153,26.132,26.138,26.143,26.185,26.279,26.295,26.368,26.378,26.409,26.404,26.42,26.451,26.477,26.488,26.488,26.535,26.545,26.561,26.597,26.634,26.675,26.717,26.743,26.743,26.758,26.748,26.748,26.732,26.738,26.727,26.717,26.701,26.691,26.686,26.68,26.67,26.665,26.665,26.67,26.67,26.68,26.691,26.706,26.706,26.706,26.701,26.696,26.701,26.701,26.701,26.706,26.706,26.712,26.712,26.717,26.712,26.706,26.701,26.701,26.701,26.701,26.696,26.686,26.67,26.66,26.649,26.644,26.649,26.649,26.66,26.665,26.67,26.675,26.686,26.691,26.691,26.691,26.691,26.686,26.686,26.68,26.675,26.675,26.675,26.675,26.67,26.67,26.67,26.66,26.66,26.654,26.649,26.66,26.66,26.665,26.67,26.68,26.68,26.68,26.686,26.686,26.691,26.696,26.701,26.706,26.706,26.712,26.717,26.717,26.722,26.722,26.722,26.722,26.722,26.722,26.717,26.712,26.706,26.706,26.701,26.706,26.706,26.712,26.722,26.727,26.727,26.738,26.743,26.758,26.774,26.79,26.805,26.826,26.836,26.852,26.873,26.888,26.904,26.899,26.686,26.232,26.19,26.122,26.023,26.028,26.064,26.127,26.81,26.899,26.878,26.878,26.894,26.894,26.894,26.883,26.883,26.878,26.868,26.862,26.852,26.836,26.826,26.816,26.816,26.816,26.816,26.81,26.8,26.8,26.79,26.779,26.774,26.764,26.748,26.738,26.722,26.706,26.691,26.675,26.67,26.66,26.654,26.649,26.649,26.639,26.634,26.628,26.613,26.607,26.592,26.587,26.566,26.545,26.54,26.535,26.529,26.524,26.519,26.508,26.508,26.503,26.498,26.498,26.503,26.508,26.514,26.514,26.519,26.514,26.514,26.514,26.519,26.519,26.514,26.519,26.514,26.514,26.514,26.514,26.508,26.514,26.514,26.508,26.508,26.503,26.498,26.488,26.482,26.477,26.477,26.472,26.472,26.472,26.467,26.462,26.451,26.451,26.446,26.446,26.441,26.435,26.425,26.43,26.425,26.425,26.42,26.42,26.415,26.409,26.399,26.389,26.378,26.373,26.368,26.368,26.368,26.373,26.373,26.378,26.378,26.378,26.378,26.378,26.368,26.373,26.373,26.373,26.368,26.368,26.383,26.389,26.399,26.404,26.409,26.409,26.409,26.409,26.409,26.409,26.409,26.409,26.409,26.415,26.42,26.42
,27.721,27.747,27.778,27.752,27.68,27.701,27.649,27.572,27.53,27.608,27.541,27.484,26.914,26.795,26.743,26.712,26.66,26.467,26.477,26.508,26.446,26.472,26.211,26.42,26.508,26.456,26.456,26.389,26.373,26.383,26.352,26.362,26.315,26.383,26.378,26.378,26.597,26.649,26.482,26.352,26.237,26.3,26.3,26.3,26.284,26.268,26.279,26.242,26.258,26.237,26.221,26.232,26.232,26.159,26.185,26.117,26.211,26.206,26.148,26.085,26.091,26.117,26.122,26.101,26.138,26.096,26.033,25.996,26.07,26.012,26.007,26.054,26.127,26.153,26.085,25.96,26.017,26.023,26.148,26.017,26.127,26.043,25.949,25.939,26.043,26.096,26.112,26.075,26.138,26.138,26.169,26.043,26.289,26.185,26.321,26.289,26.315,26.378,26.368,26.399,26.404,26.315,26.31,26.368,26.383,26.409,26.441,26.446,26.456,26.472,26.493,26.529,26.529,26.561,26.576,26.592,26.623,26.654,26.675,26.706,26.727,26.743,26.753,26.764,26.764,26.769,26.769,26.764,26.748,26.743,26.732,26.727,26.717,26.706,26.696,26.691,26.686,26.691,26.696,26.712,26.717,26.727,26.732,26.732,26.727,26.732,26.732,26.727,26.732,26.727,26.732,26.738,26.738,26.738,26.732,26.732,26.732,26.732,26.732,26.727,26.722,26.706,26.691,26.68,26.67,26.665,26.67,26.67,26.67,26.68,26.686,26.691,26.691,26.696,26.696,26.691,26.691,26.691,26.686,26.686,26.675,26.675,26.675,26.675,26.675,26.67,26.665,26.665,26.66,26.66,26.654,26.649,26.66,26.665,26.665,26.67,26.67,26.68,26.68,26.686,26.686,26.691,26.696,26.696,26.696,26.691,26.696,26.701,26.712,26.712,26.712,26.712,26.712,26.706,26.706,26.701,26.696,26.686,26.686,26.686,26.696,26.696,26.706,26.712,26.722,26.722,26.732,26.738,26.748,26.764,26.779,26.8,26.81,26.826,26.831,26.836,26.816,26.816,26.753,26.274,26.096,25.954,25.986,25.975,26.033,26.064,26.706,26.706,26.805,26.873,26.857,26.868,26.868,26.868,26.868,26.862,26.852,26.847,26.831,26.821,26.81,26.81,26.805,26.795,26.8,26.79,26.79,26.784,26.784,26.774,26.769,26.758,26.748,26.732,26.717,26.701,26.686,26.675,26.66,26.66,26.649,26.649,26.644,26.639,26.623,26.618,26.607,26.607,26.597,26.576,26.561,26.55,26.54,26.535,26.529,26.524,26.519,26.508,26.503,26.493,26.493,26.493,26.498,26.508,26.514,26.514,26.514,26.514,26.519,26.519,26.519,26.519,26.524,26.519,26.519,26.519,26.519,26.519,26.519,26.519,26.519,26.514,26.514,26.514,26.503,26.498,26.488,26.482,26.477,26.472,26.472,26.472,26.472,26.467,26.467,26.462,26.462,26.451,26.446,26.441,26.435,26.435,26.43,26.425,26.425,26.42,26.415,26.409,26.404,26.389,26.378,26.373,26.368,26.368,26.368,26.373,26.373,26.378,26.378,26.378,26.378,26.378,26.378,26.378,26.373,26.373,26.368,26.373,26.378,26.383,26.389,26.394,26.399,26.404,26.404,26.404,26.409,26.409,26.409,26.409,26.409,26.415,26.415,26.425
,27.401,27.355,27.319,26.868,26.665,26.571,26.561,26.571,27.08,26.992,26.602,26.441,26.55,26.597,26.581,26.592,26.435,26.441,26.456,26.498,26.571,26.508,26.602,26.738,26.602,26.519,26.54,26.441,26.462,26.451,26.477,26.383,26.404,26.404,26.389,26.373,26.425,26.42,26.409,26.383,26.263,26.331,26.295,26.289,26.19,26.232,26.274,26.258,26.263,26.253,26.258,26.221,26.206,26.18,26.138,26.174,26.248,26.206,26.143,26.185,26.112,26.112,26.148,26.195,26.091,26.091,26.07,26.153,26.07,26.284,26.18,26.07,26.18,26.106,26.038,26.033,26.122,26.112,26.19,26.185,26.211,26.216,26.169,26.138,26.195,26.2,26.211,26.227,26.242,26.253,26.268,26.295,26.394,26.368,26.362,26.378,26.352,26.362,26.373,26.383,26.409,26.425,26.435,26.425,26.456,26.472,26.482,26.508,26.514,26.524,26.535,26.561,26.581,26.602,26.618,26.639,26.654,26.686,26.701,26.722,26.743,26.753,26.769,26.779,26.779,26.784,26.779,26.774,26.769,26.758,26.743,26.743,26.732,26.727,26.712,26.706,26.701,26.701,26.712,26.717,26.727,26.743,26.748,26.748,26.748,26.748,26.748,26.748,26.743,26.743,26.743,26.743,26.743,26.743,26.748,26.738,26.743,26.748,26.743,26.743,26.738,26.722,26.712,26.701,26.686,26.68,26.68,26.68,26.686,26.691,26.691,26.696,26.696,26.691,26.686,26.686,26.686,26.68,26.68,26.675,26.67,26.675,26.67,26.665,26.67,26.665,26.665,26.66,26.654,26.649,26.654,26.654,26.654,26.654,26.66,26.665,26.67,26.67,26.675,26.675,26.675,26.675,26.675,26.67,26.675,26.67,26.675,26.68,26.68,26.691,26.691,26.696,26.691,26.691,26.686,26.68,26.675,26.665,26.665,26.665,26.665,26.675,26.686,26.691,26.701,26.706,26.712,26.717,26.727,26.732,26.748,26.769,26.784,26.795,26.805,26.81,26.769,26.738,26.67,26.221,25.949,25.939,25.939,25.954,25.907,25.996,26.597,26.831,26.758,26.81,26.831,26.842,26.842,26.847,26.847,26.847,26.842,26.831,26.816,26.81,26.795,26.784,26.779,26.779,26.779,26.774,26.769,26.764,26.764,26.758,26.764,26.753,26.743,26.727,26.712,26.696,26.68,26.67,26.654,26.649,26.644,26.639,26.634,26.634,26.623,26.613,26.607,26.597,26.587,26.576,26.561,26.55,26.54,26.535,26.529,26.524,26.508,26.503,26.488,26.482,26.482,26.482,26.493,26.498,26.503,26.503,26.514,26.514,26.519,26.519,26.519,26.519,26.519,26.519,26.508,26.514,26.519,26.519,26.524,26.524,26.524,26.519,26.514,26.514,26.508,26.498,26.488,26.482,26.472,26.477,26.477,26.477,26.477,26.472,26.472,26.472,26.472,26.467,26.462,26.456,26.446,26.441,26.43,26.43,26.43,26.42,26.42,26.409,26.399,26.389,26.378,26.373,26.368,26.368,26.373,26.373,26.373,26.378,26.373,26.373,26.368,26.378,26.378,26.378,26.378,26.373,26.368,26.368,26.373,26.373,26.383,26.389,26.394,26.394,26.404,26.404,26.399,26.404,26.404,26.409,26.404,26.409,26.415,26.42
,26.206,26.211,26.127,26.253,26.441,26.493,26.42,26.514,26.79,27.096,26.925,26.665,26.623,26.649,26.654,26.545,26.675,26.628,26.566,26.628,26.613,26.613,26.592,26.607,26.644,26.503,26.493,26.503,26.456,26.451,26.394,26.357,26.456,26.342,26.425,26.342,26.315,26.279,26.326,26.284,26.263,26.295,26.3,26.3,26.315,26.331,26.3,26.305,26.268,26.248,26.227,26.31,26.289,26.185,26.153,26.321,26.342,26.331,26.368,26.404,26.174,26.268,26.258,26.315,26.3,26.284,26.31,26.3,26.295,26.321,26.31,26.295,26.258,26.305,26.284,26.19,26.221,26.164,26.268,26.326,26.315,26.31,26.321,26.373,26.342,26.326,26.357,26.342,26.347,26.357,26.404,26.42,26.462,26.43,26.425,26.43,26.435,26.441,26.446,26.462,26.477,26.493,26.493,26.503,26.514,26.535,26.55,26.555,26.561,26.571,26.581,26.597,26.613,26.634,26.649,26.665,26.68,26.701,26.717,26.727,26.743,26.758,26.774,26.784,26.784,26.795,26.79,26.784,26.779,26.769,26.758,26.748,26.738,26.732,26.722,26.712,26.706,26.706,26.712,26.722,26.727,26.743,26.753,26.748,26.748,26.748,26.748,26.748,26.748,26.748,26.748,26.748,26.748,26.748,26.748,26.748,26.748,26.748,26.748,26.748,26.743,26.727,26.717,26.706,26.696,26.691,26.686,26.691,26.696,26.696,26.696,26.691,26.696,26.686,26.686,26.68,26.68,26.675,26.67,26.67,26.665,26.665,26.66,26.66,26.66,26.654,26.654,26.654,26.644,26.644,26.644,26.644,26.644,26.644,26.649,26.649,26.649,26.66,26.66,26.665,26.665,26.66,26.66,26.66,26.66,26.654,26.66,26.66,26.665,26.675,26.675,26.675,26.675,26.675,26.67,26.665,26.654,26.649,26.644,26.649,26.649,26.654,26.665,26.68,26.686,26.691,26.696,26.706,26.701,26.722,26.727,26.743,26.753,26.764,26.774,26.758,26.764,26.821,26.712,26.227,25.939,25.918,25.913,25.892,25.923,25.923,26.347,26.748,26.732,26.774,26.8,26.816,26.821,26.821,26.831,26.826,26.821,26.816,26.805,26.79,26.784,26.779,26.769,26.764,26.764,26.758,26.753,26.748,26.748,26.748,26.748,26.743,26.738,26.722,26.701,26.686,26.675,26.66,26.649,26.644,26.639,26.639,26.628,26.623,26.618,26.607,26.602,26.592,26.587,26.576,26.561,26.55,26.54,26.529,26.524,26.514,26.503,26.488,26.477,26.472,26.472,26.477,26.493,26.488,26.498,26.498,26.503,26.508,26.514,26.514,26.514,26.514,26.508,26.508,26.503,26.508,26.514,26.519,26.524,26.524,26.524,26.524,26.524,26.519,26.508,26.503,26.493,26.482,26.472,26.477,26.472,26.477,26.477,26.477,26.477,26.477,26.477,26.477,26.472,26.467,26.451,26.446,26.441,26.43,26.425,26.42,26.415,26.409,26.394,26.389,26.378,26.373,26.373,26.373,26.373,26.373,26.368,26.368,26.362,26.362,26.368,26.373,26.378,26.378,26.373,26.368,26.368,26.368,26.373,26.373,26.378,26.383,26.389,26.389,26.394,26.399,26.399,26.404,26.404,26.404,26.404,26.409,26.415,26.42
,26.42,26.415,26.451,26.498,26.561,26.623,26.66,26.623,26.738,26.847,26.847,26.701,26.566,26.618,26.545,26.597,26.644,26.55,26.628,26.581,26.602,26.566,26.54,26.545,26.561,26.54,26.545,26.54,26.493,26.43,26.441,26.462,26.446,26.394,26.389,26.389,26.399,26.378,26.425,26.389,26.441,26.399,26.394,26.602,26.404,26.362,26.336,26.508,26.508,26.362,26.488,26.467,26.404,26.54,26.545,26.545,26.524,26.472,26.482,26.493,26.383,26.498,26.462,26.42,26.42,26.441,26.425,26.441,26.415,26.435,26.451,26.42,26.42,26.435,26.54,26.331,26.378,26.409,26.389,26.389,26.404,26.404,26.399,26.399,26.409,26.409,26.43,26.441,26.441,26.456,26.482,26.503,26.503,26.519,26.514,26.503,26.514,26.508,26.514,26.524,26.535,26.545,26.55,26.561,26.571,26.587,26.587,26.592,26.597,26.602,26.618,26.628,26.644,26.66,26.67,26.68,26.696,26.712,26.722,26.732,26.743,26.753,26.769,26.784,26.795,26.8,26.795,26.79,26.779,26.769,26.764,26.748,26.743,26.732,26.722,26.712,26.706,26.701,26.706,26.712,26.727,26.738,26.743,26.743,26.743,26.743,26.743,26.743,26.743,26.743,26.743,26.748,26.748,26.743,26.743,26.738,26.738,26.743,26.748,26.738,26.738,26.727,26.722,26.706,26.701,26.696,26.691,26.691,26.696,26.696,26.696,26.686,26.686,26.68,26.675,26.67,26.665,26.665,26.66,26.66,26.649,26.649,26.649,26.649,26.649,26.644,26.644,26.639,26.639,26.634,26.634,26.628,26.639,26.634,26.639,26.639,26.644,26.644,26.654,26.649,26.654,26.649,26.644,26.639,26.639,26.639,26.639,26.644,26.649,26.654,26.654,26.654,26.654,26.654,26.649,26.644,26.639,26.634,26.628,26.628,26.628,26.639,26.649,26.66,26.67,26.68,26.68,26.686,26.686,26.696,26.701,26.712,26.727,26.732,26.738,26.732,26.727,26.675,26.654,26.315,25.97,25.881,25.881,25.892,25.881,25.823,26.211,26.607,26.753,26.727,26.758,26.784,26.795,26.795,26.805,26.8,26.8,26.795,26.795,26.779,26.774,26.764,26.753,26.753,26.753,26.743,26.738,26.732,26.732,26.738,26.738,26.738,26.727,26.717,26.701,26.68,26.665,26.654,26.639,26.639,26.634,26.628,26.628,26.618,26.613,26.602,26.592,26.587,26.581,26.576,26.561,26.55,26.54,26.529,26.519,26.508,26.498,26.488,26.477,26.467,26.472,26.477,26.482,26.482,26.488,26.493,26.498,26.503,26.503,26.508,26.508,26.508,26.503,26.498,26.498,26.498,26.508,26.514,26.514,26.519,26.524,26.524,26.519,26.519,26.508,26.503,26.493,26.488,26.477,26.472,26.477,26.477,26.477,26.482,26.488,26.482,26.488,26.482,26.477,26.472,26.467,26.451,26.446,26.435,26.43,26.42,26.415,26.404,26.394,26.383,26.378,26.373,26.373,26.368,26.368,26.368,26.362,26.362,26.357,26.357,26.362,26.368,26.368,26.368,26.368,26.362,26.362,26.362,26.362,26.373,26.373,26.378,26.383,26.383,26.394,26.399,26.394,26.399,26.399,26.399,26.399,26.409,26.409,26.415
,26.535,26.555,26.566,26.628,26.628,26.66,26.607,26.587,26.535,26.644,26.613,26.404,26.576,26.54,26.618,26.561,26.55,26.592,26.587,26.561,26.587,26.472,26.503,26.535,26.54,26.571,26.581,26.581,26.529,26.623,26.701,26.743,26.628,26.743,26.738,26.701,26.654,26.566,26.639,26.545,26.764,26.706,26.561,26.691,26.623,26.571,26.581,26.566,26.618,26.623,26.581,26.571,26.566,26.55,26.555,26.519,26.592,26.597,26.576,26.576,26.618,26.555,26.571,26.571,26.576,26.566,26.566,26.55,26.535,26.514,26.514,26.519,26.514,26.529,26.597,26.618,26.587,26.503,26.493,26.493,26.488,26.498,26.493,26.503,26.519,26.524,26.503,26.514,26.524,26.529,26.545,26.55,26.561,26.581,26.587,26.587,26.576,26.571,26.576,26.581,26.587,26.602,26.602,26.607,26.613,26.623,26.623,26.634,26.634,26.639,26.639,26.654,26.67,26.68,26.696,26.696,26.706,26.717,26.722,26.732,26.743,26.748,26.769,26.774,26.784,26.8,26.795,26.784,26.779,26.774,26.758,26.748,26.738,26.727,26.712,26.706,26.701,26.691,26.696,26.701,26.717,26.722,26.732,26.732,26.732,26.727,26.727,26.727,26.732,26.732,26.738,26.738,26.738,26.738,26.732,26.732,26.727,26.727,26.732,26.732,26.732,26.727,26.717,26.712,26.701,26.701,26.696,26.696,26.691,26.691,26.686,26.68,26.675,26.67,26.665,26.665,26.66,26.649,26.649,26.639,26.639,26.634,26.634,26.634,26.634,26.634,26.628,26.628,26.628,26.618,26.618,26.618,26.628,26.623,26.628,26.634,26.634,26.639,26.644,26.639,26.639,26.634,26.628,26.623,26.618,26.623,26.623,26.628,26.634,26.634,26.639,26.639,26.639,26.634,26.628,26.623,26.623,26.613,26.607,26.607,26.613,26.618,26.628,26.644,26.654,26.665,26.665,26.67,26.67,26.675,26.68,26.686,26.696,26.706,26.706,26.696,26.654,26.665,26.66,26.274,25.907,25.844,25.802,25.834,25.787,25.855,25.928,26.524,26.686,26.738,26.738,26.748,26.764,26.769,26.784,26.784,26.79,26.779,26.774,26.764,26.753,26.748,26.743,26.738,26.738,26.727,26.722,26.722,26.717,26.727,26.727,26.727,26.717,26.706,26.691,26.675,26.66,26.649,26.639,26.634,26.623,26.623,26.618,26.613,26.607,26.597,26.592,26.581,26.581,26.571,26.561,26.55,26.535,26.529,26.519,26.508,26.493,26.482,26.472,26.467,26.472,26.472,26.477,26.482,26.482,26.482,26.493,26.498,26.503,26.498,26.498,26.498,26.493,26.488,26.488,26.493,26.503,26.508,26.514,26.519,26.519,26.524,26.524,26.519,26.508,26.498,26.493,26.482,26.477,26.472,26.477,26.477,26.482,26.488,26.488,26.488,26.488,26.482,26.482,26.477,26.467,26.456,26.451,26.441,26.43,26.425,26.415,26.404,26.389,26.383,26.383,26.373,26.373,26.373,26.368,26.362,26.352,26.352,26.352,26.352,26.352,26.357,26.357,26.357,26.357,26.357,26.357,26.357,26.362,26.362,26.368,26.373,26.378,26.383,26.389,26.394,26.399,26.399,26.399,26.399,26.399,26.399,26.404,26.415
,26.571,26.561,26.561,26.498,26.592,26.623,26.649,26.623,26.597,26.623,26.639,26.545,26.607,26.79,26.519,26.498,26.535,26.488,26.701,26.857,26.665,27.008,27.003,26.67,26.597,26.597,26.602,26.607,26.628,27.029,27.401,27.106,26.925,27.023,27.096,27.054,26.935,26.784,26.826,26.68,26.81,26.769,26.758,26.738,26.727,26.68,26.67,26.602,26.623,26.628,26.644,26.628,26.634,26.639,26.644,26.644,26.67,26.654,26.68,26.691,26.649,26.644,26.66,26.644,26.644,26.649,26.623,26.628,26.613,26.602,26.607,26.597,26.613,26.613,26.602,26.571,26.55,26.576,26.566,26.561,26.566,26.545,26.55,26.555,26.561,26.566,26.581,26.576,26.581,26.587,26.592,26.597,26.613,26.613,26.628,26.623,26.613,26.613,26.618,26.613,26.628,26.639,26.639,26.644,26.644,26.649,26.644,26.649,26.649,26.654,26.66,26.67,26.68,26.691,26.701,26.701,26.706,26.717,26.722,26.727,26.732,26.738,26.753,26.764,26.774,26.779,26.784,26.779,26.769,26.758,26.748,26.732,26.722,26.722,26.706,26.701,26.691,26.686,26.691,26.696,26.701,26.712,26.717,26.712,26.717,26.712,26.712,26.706,26.717,26.717,26.717,26.722,26.727,26.727,26.722,26.722,26.717,26.717,26.717,26.722,26.722,26.722,26.717,26.712,26.701,26.696,26.696,26.691,26.686,26.686,26.68,26.67,26.665,26.665,26.654,26.654,26.644,26.639,26.634,26.628,26.623,26.623,26.623,26.623,26.623,26.623,26.618,26.618,26.613,26.607,26.607,26.607,26.613,26.613,26.623,26.623,26.628,26.628,26.634,26.634,26.628,26.623,26.607,26.607,26.607,26.613,26.613,26.618,26.618,26.618,26.618,26.613,26.613,26.613,26.602,26.607,26.597,26.592,26.592,26.587,26.592,26.602,26.613,26.628,26.639,26.644,26.649,26.654,26.654,26.654,26.66,26.665,26.675,26.675,26.675,26.67,26.665,26.602,26.545,26.404,26.002,25.771,25.75,25.766,25.797,25.75,25.949,26.467,26.67,26.701,26.67,26.701,26.732,26.748,26.753,26.758,26.764,26.764,26.758,26.743,26.738,26.732,26.727,26.722,26.722,26.717,26.717,26.712,26.717,26.712,26.717,26.712,26.712,26.696,26.686,26.67,26.654,26.639,26.634,26.628,26.623,26.618,26.613,26.607,26.602,26.597,26.587,26.581,26.576,26.571,26.561,26.55,26.54,26.529,26.519,26.508,26.493,26.482,26.472,26.462,26.467,26.467,26.472,26.477,26.477,26.477,26.482,26.488,26.493,26.493,26.493,26.488,26.482,26.482,26.482,26.482,26.498,26.503,26.514,26.519,26.519,26.519,26.519,26.514,26.503,26.498,26.493,26.488,26.477,26.477,26.482,26.488,26.488,26.488,26.488,26.488,26.488,26.488,26.482,26.477,26.472,26.462,26.451,26.441,26.43,26.425,26.409,26.404,26.389,26.378,26.378,26.373,26.373,26.373,26.368,26.362,26.357,26.347,26.342,26.342,26.347,26.352,26.352,26.352,26.352,26.352,26.352,26.352,26.357,26.362,26.368,26.368,26.373,26.378,26.389,26.394,26.394,26.394,26.394,26.389,26.394,26.399,26.404,26.409
,26.613,26.555,26.649,26.634,26.634,26.696,26.561,26.649,26.613,26.68,26.774,26.712,26.971,26.748,27.054,27.086,26.977,27.179,27.148,27.034,27.293,27.603,27.329,27.003,26.66,26.623,26.561,26.592,26.628,26.914,27.329,27.303,27.288,27.329,27.215,27.246,27.08,26.961,26.935,26.904,26.878,26.847,26.826,26.8,26.784,26.769,26.743,26.717,26.701,26.701,26.701,26.691,26.691,26.691,26.701,26.701,26.712,26.722,26.743,26.743,26.717,26.727,26.717,26.712,26.706,26.696,26.691,26.68,26.67,26.67,26.665,26.665,26.665,26.66,26.644,26.623,26.602,26.613,26.607,26.613,26.602,26.597,26.597,26.597,26.602,26.613,26.613,26.618,26.623,26.623,26.634,26.639,26.644,26.654,26.649,26.649,26.644,26.644,26.644,26.644,26.649,26.654,26.66,26.665,26.665,26.67,26.665,26.67,26.665,26.665,26.67,26.675,26.691,26.696,26.706,26.706,26.712,26.712,26.712,26.717,26.722,26.727,26.732,26.748,26.753,26.758,26.764,26.758,26.753,26.743,26.727,26.727,26.717,26.712,26.701,26.696,26.686,26.686,26.68,26.686,26.686,26.691,26.696,26.696,26.696,26.691,26.691,26.696,26.696,26.696,26.701,26.701,26.706,26.706,26.706,26.701,26.701,26.701,26.701,26.706,26.712,26.706,26.706,26.701,26.696,26.686,26.686,26.68,26.675,26.67,26.66,26.66,26.66,26.654,26.649,26.644,26.639,26.628,26.613,26.607,26.613,26.607,26.613,26.607,26.607,26.607,26.602,26.597,26.592,26.592,26.592,26.592,26.602,26.607,26.607,26.613,26.623,26.623,26.623,26.623,26.613,26.607,26.602,26.602,26.602,26.607,26.607,26.607,26.607,26.607,26.607,26.602,26.597,26.592,26.592,26.587,26.581,26.581,26.571,26.571,26.576,26.587,26.592,26.613,26.618,26.628,26.634,26.634,26.639,26.639,26.644,26.649,26.654,26.654,26.649,26.634,26.602,26.566,26.618,26.279,26.112,25.661,25.813,25.771,25.75,25.708,25.739,26.368,26.378,26.555,26.649,26.675,26.701,26.722,26.732,26.743,26.743,26.743,26.738,26.727,26.717,26.712,26.712,26.712,26.712,26.706,26.706,26.701,26.701,26.701,26.701,26.701,26.701,26.691,26.675,26.665,26.644,26.628,26.623,26.618,26.618,26.613,26.607,26.602,26.592,26.592,26.587,26.576,26.571,26.566,26.555,26.545,26.54,26.524,26.519,26.508,26.493,26.488,26.477,26.472,26.467,26.467,26.467,26.477,26.477,26.482,26.482,26.482,26.488,26.488,26.488,26.477,26.477,26.477,26.477,26.482,26.488,26.493,26.503,26.514,26.514,26.514,26.514,26.503,26.498,26.493,26.493,26.488,26.488,26.488,26.488,26.488,26.488,26.488,26.488,26.488,26.488,26.488,26.482,26.477,26.472,26.467,26.456,26.446,26.435,26.43,26.415,26.404,26.394,26.378,26.378,26.378,26.373,26.373,26.368,26.362,26.352,26.347,26.336,26.336,26.336,26.342,26.336,26.347,26.347,26.347,26.347,26.352,26.352,26.357,26.362,26.368,26.378,26.383,26.389,26.389,26.389,26.389,26.389,26.389,26.389,26.394,26.399,26.404
,27.148,27.137,27.153,27.065,27.106,27.225,27.225,27.225,27.158,27.148,27.023,27.044,27.132,27.039,27.054,27.086,27.08,27.039,27.096,27.251,27.272,27.36,27.401,27.2,26.769,26.634,26.571,26.587,26.613,26.769,27.215,27.339,27.355,27.313,27.334,27.215,27.111,27.08,27.023,26.987,26.961,26.925,26.899,26.878,26.847,26.831,26.795,26.769,26.753,26.738,26.732,26.732,26.727,26.732,26.732,26.738,26.748,26.769,26.774,26.774,26.774,26.764,26.758,26.753,26.743,26.743,26.732,26.722,26.722,26.717,26.712,26.706,26.696,26.691,26.686,26.665,26.66,26.649,26.644,26.644,26.639,26.639,26.628,26.628,26.639,26.639,26.639,26.649,26.649,26.654,26.665,26.665,26.67,26.675,26.67,26.67,26.665,26.66,26.66,26.66,26.665,26.67,26.67,26.675,26.68,26.675,26.675,26.675,26.675,26.675,26.675,26.686,26.691,26.696,26.701,26.701,26.701,26.701,26.706,26.706,26.706,26.712,26.717,26.722,26.732,26.738,26.743,26.743,26.738,26.732,26.717,26.712,26.712,26.706,26.696,26.691,26.68,26.68,26.68,26.675,26.68,26.68,26.686,26.686,26.68,26.68,26.675,26.675,26.675,26.675,26.68,26.686,26.686,26.691,26.686,26.686,26.691,26.686,26.686,26.696,26.696,26.701,26.696,26.696,26.691,26.686,26.675,26.67,26.66,26.66,26.649,26.649,26.644,26.644,26.644,26.639,26.628,26.618,26.607,26.602,26.597,26.597,26.597,26.597,26.597,26.597,26.592,26.587,26.576,26.571,26.576,26.581,26.587,26.597,26.602,26.607,26.607,26.613,26.607,26.607,26.597,26.592,26.592,26.592,26.597,26.597,26.602,26.602,26.597,26.592,26.587,26.587,26.581,26.581,26.576,26.571,26.566,26.566,26.561,26.561,26.561,26.566,26.581,26.592,26.602,26.607,26.613,26.613,26.618,26.618,26.628,26.628,26.628,26.628,26.623,26.613,26.602,26.628,26.566,26.451,25.981,25.703,25.787,25.724,25.687,25.692,25.734,26.326,26.462,26.514,26.581,26.623,26.66,26.686,26.706,26.717,26.722,26.722,26.717,26.712,26.706,26.701,26.696,26.696,26.696,26.696,26.691,26.691,26.686,26.686,26.691,26.691,26.686,26.68,26.67,26.654,26.644,26.634,26.623,26.623,26.618,26.613,26.607,26.602,26.587,26.581,26.576,26.571,26.566,26.561,26.55,26.545,26.535,26.529,26.519,26.508,26.493,26.488,26.477,26.472,26.467,26.472,26.472,26.477,26.477,26.482,26.482,26.482,26.482,26.482,26.482,26.482,26.477,26.477,26.477,26.482,26.488,26.493,26.498,26.503,26.508,26.514,26.508,26.503,26.498,26.493,26.488,26.488,26.488,26.488,26.488,26.488,26.482,26.488,26.488,26.488,26.488,26.488,26.482,26.477,26.472,26.467,26.456,26.446,26.441,26.43,26.415,26.404,26.389,26.383,26.378,26.378,26.378,26.373,26.373,26.362,26.352,26.347,26.336,26.331,26.336,26.336,26.347,26.347,26.342,26.347,26.347,26.347,26.352,26.357,26.362,26.368,26.373,26.373,26.378,26.383,26.383,26.378,26.378,26.378,26.383,26.389,26.394,26.399
,27.184,27.143,27.272,27.174,27.111,27.205,27.205,27.308,27.205,27.236,27.22,27.153,27.096,27.111,27.101,27.122,27.179,27.101,27.246,27.308,27.344,27.375,27.448,27.293,26.821,26.649,26.456,26.482,26.566,26.571,27.018,27.432,27.329,27.427,27.262,27.251,27.205,27.148,27.111,27.065,27.018,27.003,26.966,26.94,26.914,26.878,26.847,26.821,26.795,26.784,26.774,26.764,26.758,26.758,26.758,26.764,26.779,26.79,26.8,26.805,26.8,26.79,26.784,26.784,26.774,26.774,26.764,26.758,26.758,26.753,26.748,26.732,26.727,26.717,26.706,26.691,26.68,26.675,26.67,26.665,26.665,26.66,26.654,26.654,26.66,26.66,26.665,26.665,26.675,26.675,26.68,26.68,26.691,26.686,26.691,26.686,26.675,26.675,26.67,26.665,26.665,26.67,26.68,26.68,26.68,26.68,26.68,26.68,26.68,26.68,26.675,26.686,26.691,26.696,26.696,26.696,26.696,26.696,26.696,26.696,26.691,26.696,26.701,26.706,26.712,26.717,26.727,26.727,26.722,26.717,26.706,26.706,26.701,26.696,26.696,26.686,26.68,26.675,26.675,26.675,26.675,26.675,26.675,26.675,26.67,26.665,26.654,26.654,26.654,26.654,26.66,26.665,26.665,26.67,26.67,26.67,26.67,26.67,26.675,26.68,26.686,26.686,26.686,26.686,26.68,26.675,26.67,26.654,26.649,26.644,26.639,26.639,26.644,26.639,26.639,26.634,26.623,26.613,26.602,26.592,26.587,26.587,26.587,26.592,26.592,26.587,26.581,26.576,26.566,26.566,26.571,26.571,26.576,26.587,26.597,26.597,26.602,26.602,26.602,26.592,26.587,26.581,26.581,26.581,26.592,26.597,26.597,26.597,26.592,26.587,26.581,26.576,26.576,26.576,26.566,26.566,26.561,26.555,26.555,26.55,26.55,26.555,26.566,26.576,26.587,26.587,26.592,26.597,26.602,26.602,26.613,26.613,26.618,26.613,26.613,26.592,26.566,26.498,26.524,26.394,25.97,25.666,25.676,25.692,25.682,25.692,25.729,26.012,26.456,26.503,26.55,26.592,26.639,26.66,26.675,26.691,26.696,26.696,26.701,26.691,26.691,26.691,26.686,26.686,26.686,26.686,26.68,26.68,26.68,26.68,26.686,26.68,26.68,26.675,26.665,26.649,26.639,26.628,26.623,26.618,26.623,26.618,26.613,26.597,26.587,26.576,26.571,26.566,26.561,26.55,26.545,26.54,26.535,26.524,26.519,26.508,26.503,26.488,26.482,26.477,26.472,26.472,26.477,26.477,26.482,26.482,26.482,26.482,26.482,26.482,26.482,26.482,26.482,26.482,26.482,26.482,26.488,26.493,26.498,26.498,26.508,26.508,26.503,26.498,26.493,26.493,26.488,26.488,26.488,26.488,26.482,26.482,26.488,26.488,26.488,26.488,26.488,26.488,26.482,26.482,26.477,26.467,26.456,26.451,26.435,26.435,26.42,26.409,26.394,26.383,26.383,26.383,26.378,26.378,26.373,26.368,26.362,26.352,26.342,26.336,26.336,26.336,26.342,26.342,26.347,26.347,26.347,26.347,26.347,26.357,26.362,26.368,26.373,26.378,26.378,26.378,26.378,26.378,26.373,26.378,26.378,26.383,26.389,26.389
,27.272,27.251,27.158,27.163,27.21,27.277,27.236,27.189,27.251,27.189,27.179,27.174,27.153,27.143,27.137,27.153,27.158,27.236,27.251,27.272,27.308,27.344,27.37,27.422,27.262,26.732,26.623,26.415,26.415,26.592,26.997,27.308,27.355,27.298,27.308,27.257,27.225,27.189,27.153,27.111,27.091,27.039,27.008,26.977,26.945,26.914,26.883,26.852,26.826,26.81,26.795,26.79,26.779,26.779,26.774,26.784,26.795,26.8,26.81,26.816,26.816,26.81,26.805,26.8,26.795,26.795,26.79,26.784,26.779,26.774,26.769,26.764,26.753,26.738,26.722,26.706,26.701,26.696,26.691,26.691,26.686,26.68,26.675,26.675,26.675,26.675,26.68,26.68,26.686,26.691,26.686,26.696,26.696,26.691,26.691,26.686,26.68,26.675,26.67,26.67,26.665,26.665,26.675,26.675,26.68,26.68,26.686,26.68,26.68,26.675,26.68,26.686,26.686,26.691,26.691,26.691,26.68,26.68,26.675,26.686,26.68,26.68,26.686,26.691,26.691,26.696,26.701,26.701,26.701,26.701,26.696,26.696,26.696,26.696,26.691,26.686,26.68,26.675,26.67,26.67,26.67,26.665,26.665,26.66,26.654,26.649,26.644,26.639,26.639,26.639,26.644,26.639,26.644,26.644,26.649,26.654,26.654,26.66,26.665,26.665,26.67,26.67,26.67,26.67,26.665,26.66,26.66,26.649,26.644,26.634,26.634,26.634,26.639,26.634,26.634,26.623,26.613,26.607,26.597,26.587,26.581,26.581,26.581,26.576,26.581,26.576,26.571,26.566,26.561,26.561,26.561,26.566,26.576,26.581,26.587,26.587,26.592,26.592,26.592,26.581,26.576,26.571,26.571,26.571,26.581,26.587,26.597,26.592,26.592,26.581,26.576,26.571,26.566,26.566,26.566,26.561,26.555,26.555,26.545,26.545,26.545,26.55,26.555,26.561,26.571,26.576,26.576,26.581,26.581,26.592,26.597,26.602,26.602,26.602,26.592,26.581,26.571,26.503,26.482,26.462,26.122,25.634,25.682,25.676,25.613,25.587,25.661,26.023,26.389,26.488,26.529,26.566,26.607,26.639,26.654,26.67,26.675,26.675,26.686,26.68,26.68,26.68,26.68,26.675,26.675,26.675,26.67,26.67,26.67,26.67,26.67,26.675,26.67,26.66,26.66,26.649,26.639,26.628,26.628,26.623,26.623,26.618,26.613,26.602,26.592,26.576,26.566,26.555,26.55,26.54,26.54,26.529,26.535,26.529,26.519,26.514,26.498,26.488,26.482,26.477,26.477,26.477,26.482,26.482,26.482,26.482,26.482,26.488,26.488,26.488,26.488,26.488,26.488,26.488,26.488,26.488,26.493,26.493,26.493,26.498,26.498,26.498,26.498,26.493,26.493,26.488,26.482,26.488,26.477,26.477,26.477,26.477,26.482,26.488,26.488,26.493,26.493,26.493,26.488,26.482,26.477,26.467,26.467,26.456,26.446,26.441,26.43,26.42,26.404,26.394,26.394,26.389,26.389,26.389,26.383,26.378,26.368,26.362,26.352,26.347,26.342,26.342,26.342,26.347,26.342,26.347,26.347,26.347,26.347,26.357,26.362,26.373,26.373,26.378,26.378,26.378,26.378,26.378,26.373,26.373,26.373,26.373,26.378,26.383
,27.2,27.257,27.215,27.2,27.236,27.163,27.262,27.184,27.21,27.189,27.184,27.168,27.158,27.153,27.153,27.163,27.174,27.21,27.236,27.257,27.2,27.355,27.381,27.396,27.355,26.977,26.654,26.362,26.347,26.404,26.691,27.008,27.184,27.272,27.293,27.272,27.241,27.205,27.174,27.132,27.106,27.06,27.039,27.013,26.971,26.94,26.904,26.878,26.842,26.826,26.81,26.8,26.795,26.784,26.784,26.79,26.8,26.805,26.816,26.816,26.816,26.81,26.805,26.805,26.805,26.805,26.805,26.8,26.795,26.79,26.784,26.774,26.758,26.748,26.732,26.722,26.712,26.706,26.701,26.701,26.696,26.686,26.686,26.68,26.68,26.68,26.686,26.691,26.691,26.691,26.691,26.691,26.696,26.691,26.691,26.686,26.68,26.675,26.665,26.66,26.654,26.66,26.66,26.67,26.67,26.675,26.675,26.68,26.68,26.68,26.68,26.68,26.686,26.686,26.686,26.675,26.67,26.67,26.665,26.67,26.67,26.67,26.67,26.67,26.67,26.675,26.68,26.68,26.68,26.68,26.68,26.68,26.686,26.686,26.686,26.68,26.675,26.67,26.665,26.665,26.665,26.66,26.66,26.644,26.639,26.628,26.628,26.618,26.618,26.618,26.618,26.623,26.623,26.623,26.634,26.639,26.639,26.644,26.644,26.649,26.654,26.66,26.649,26.654,26.649,26.644,26.649,26.639,26.634,26.634,26.628,26.628,26.628,26.623,26.618,26.618,26.607,26.597,26.587,26.581,26.576,26.576,26.571,26.571,26.571,26.566,26.561,26.561,26.555,26.555,26.561,26.561,26.571,26.571,26.576,26.576,26.581,26.581,26.576,26.571,26.566,26.555,26.555,26.561,26.571,26.581,26.587,26.592,26.581,26.576,26.571,26.561,26.566,26.566,26.561,26.561,26.555,26.55,26.545,26.54,26.535,26.535,26.545,26.55,26.555,26.561,26.561,26.571,26.576,26.581,26.587,26.592,26.592,26.587,26.576,26.566,26.55,26.514,26.482,26.347,26.117,25.676,25.566,25.608,25.582,25.571,25.529,25.86,26.425,26.477,26.535,26.55,26.587,26.618,26.634,26.644,26.654,26.66,26.665,26.665,26.665,26.665,26.665,26.67,26.67,26.665,26.665,26.665,26.665,26.665,26.665,26.665,26.66,26.66,26.654,26.644,26.634,26.628,26.623,26.623,26.623,26.623,26.618,26.607,26.592,26.576,26.561,26.555,26.545,26.535,26.535,26.529,26.529,26.524,26.519,26.508,26.498,26.488,26.482,26.482,26.482,26.482,26.482,26.493,26.488,26.488,26.488,26.488,26.493,26.493,26.493,26.493,26.493,26.493,26.498,26.493,26.493,26.493,26.488,26.493,26.493,26.493,26.488,26.493,26.488,26.488,26.482,26.477,26.472,26.472,26.472,26.472,26.477,26.482,26.493,26.488,26.493,26.493,26.488,26.482,26.477,26.467,26.462,26.462,26.451,26.446,26.435,26.425,26.415,26.409,26.399,26.399,26.399,26.399,26.389,26.383,26.378,26.378,26.362,26.362,26.352,26.347,26.342,26.347,26.347,26.342,26.342,26.347,26.352,26.357,26.362,26.368,26.373,26.378,26.378,26.378,26.378,26.373,26.373,26.373,26.373,26.373,26.373,26.373
,27.132,27.189,27.2,27.153,27.158,27.163,27.194,27.184,27.179,27.174,27.174,27.163,27.158,27.153,27.153,27.163,27.179,27.184,27.194,27.2,27.246,27.215,27.303,27.412,27.412,27.288,26.722,26.42,26.336,26.305,26.482,26.613,27.013,27.257,27.298,27.293,27.21,27.205,27.184,27.148,27.106,27.08,27.044,27.013,26.982,26.956,26.92,26.883,26.857,26.836,26.821,26.805,26.795,26.79,26.79,26.79,26.8,26.805,26.81,26.81,26.805,26.805,26.805,26.805,26.8,26.805,26.81,26.805,26.8,26.8,26.79,26.779,26.769,26.753,26.738,26.727,26.717,26.712,26.712,26.706,26.706,26.696,26.696,26.686,26.686,26.686,26.691,26.686,26.691,26.691,26.686,26.691,26.686,26.691,26.686,26.68,26.67,26.66,26.654,26.649,26.649,26.644,26.649,26.654,26.66,26.66,26.665,26.67,26.67,26.675,26.675,26.67,26.68,26.675,26.67,26.67,26.665,26.654,26.654,26.654,26.66,26.665,26.66,26.66,26.654,26.654,26.66,26.66,26.66,26.66,26.665,26.67,26.675,26.675,26.675,26.675,26.665,26.66,26.66,26.66,26.654,26.654,26.649,26.639,26.623,26.618,26.607,26.607,26.602,26.602,26.602,26.602,26.607,26.607,26.618,26.613,26.618,26.628,26.634,26.639,26.639,26.639,26.639,26.634,26.634,26.628,26.628,26.628,26.623,26.623,26.623,26.618,26.618,26.607,26.602,26.602,26.597,26.581,26.576,26.576,26.566,26.566,26.566,26.561,26.561,26.55,26.55,26.55,26.55,26.55,26.555,26.555,26.561,26.561,26.566,26.566,26.566,26.566,26.566,26.555,26.55,26.545,26.545,26.55,26.561,26.571,26.576,26.576,26.576,26.571,26.566,26.566,26.561,26.561,26.566,26.561,26.55,26.545,26.54,26.529,26.529,26.529,26.535,26.54,26.545,26.55,26.55,26.555,26.561,26.571,26.576,26.576,26.576,26.576,26.566,26.55,26.535,26.503,26.456,26.331,26.18,25.708,25.561,25.582,25.545,25.524,25.519,25.697,26.274,26.415,26.514,26.529,26.576,26.597,26.613,26.628,26.639,26.644,26.649,26.649,26.654,26.654,26.66,26.654,26.654,26.654,26.654,26.66,26.66,26.66,26.66,26.654,26.654,26.654,26.644,26.639,26.634,26.618,26.618,26.618,26.618,26.623,26.613,26.613,26.592,26.581,26.566,26.555,26.545,26.54,26.529,26.529,26.529,26.524,26.519,26.508,26.493,26.488,26.482,26.488,26.482,26.488,26.488,26.493,26.493,26.493,26.493,26.493,26.498,26.503,26.503,26.498,26.503,26.498,26.498,26.493,26.493,26.488,26.488,26.488,26.488,26.493,26.488,26.493,26.488,26.482,26.482,26.467,26.462,26.462,26.462,26.467,26.477,26.488,26.493,26.498,26.498,26.493,26.488,26.482,26.477,26.467,26.462,26.462,26.456,26.451,26.446,26.435,26.425,26.42,26.409,26.409,26.409,26.404,26.399,26.394,26.389,26.389,26.378,26.378,26.368,26.352,26.347,26.342,26.342,26.342,26.342,26.347,26.352,26.357,26.362,26.368,26.378,26.378,26.378,26.378,26.378,26.373,26.368,26.368,26.368,26.368,26.368,26.373
,27.086,27.096,27.117,27.117,27.127,27.132,27.132,27.132,27.143,27.143,27.143,27.143,27.143,27.148,27.137,27.143,27.148,27.153,27.158,27.168,27.189,27.153,27.272,27.303,27.319,27.303,26.571,26.389,26.321,26.159,26.206,26.477,26.81,27.22,27.303,27.22,27.257,27.215,27.163,27.143,27.111,27.08,27.044,27.018,26.987,26.951,26.925,26.888,26.862,26.836,26.821,26.81,26.795,26.79,26.784,26.79,26.795,26.8,26.8,26.795,26.795,26.79,26.795,26.79,26.795,26.8,26.805,26.8,26.8,26.8,26.79,26.774,26.769,26.758,26.743,26.738,26.727,26.722,26.717,26.717,26.701,26.701,26.691,26.691,26.691,26.691,26.691,26.686,26.691,26.691,26.686,26.691,26.68,26.68,26.675,26.67,26.66,26.649,26.644,26.634,26.634,26.634,26.639,26.639,26.649,26.654,26.654,26.66,26.66,26.66,26.665,26.665,26.665,26.665,26.66,26.654,26.649,26.644,26.644,26.649,26.649,26.654,26.649,26.649,26.639,26.639,26.644,26.639,26.644,26.644,26.649,26.654,26.654,26.66,26.66,26.654,26.649,26.644,26.644,26.644,26.639,26.639,26.634,26.623,26.613,26.602,26.597,26.587,26.587,26.581,26.587,26.587,26.587,26.587,26.592,26.592,26.602,26.607,26.613,26.618,26.618,26.618,26.613,26.607,26.607,26.607,26.613,26.613,26.613,26.613,26.607,26.607,26.607,26.597,26.592,26.587,26.581,26.576,26.571,26.566,26.561,26.561,26.555,26.545,26.55,26.54,26.54,26.535,26.545,26.545,26.55,26.55,26.55,26.55,26.55,26.55,26.555,26.555,26.555,26.545,26.54,26.54,26.54,26.545,26.555,26.566,26.566,26.571,26.566,26.566,26.555,26.561,26.561,26.561,26.561,26.561,26.55,26.54,26.535,26.524,26.519,26.519,26.529,26.529,26.535,26.54,26.545,26.55,26.555,26.566,26.576,26.571,26.571,26.566,26.555,26.54,26.524,26.488,26.441,26.331,26.18,25.787,25.576,25.529,25.54,25.54,25.524,25.608,26.19,26.467,26.503,26.514,26.55,26.581,26.597,26.607,26.613,26.623,26.628,26.628,26.634,26.639,26.644,26.649,26.649,26.649,26.649,26.654,26.654,26.654,26.654,26.649,26.644,26.639,26.634,26.628,26.618,26.613,26.607,26.607,26.613,26.618,26.613,26.607,26.602,26.587,26.576,26.561,26.55,26.54,26.535,26.535,26.529,26.519,26.514,26.503,26.498,26.488,26.488,26.482,26.493,26.488,26.493,26.493,26.498,26.498,26.493,26.498,26.503,26.503,26.503,26.503,26.503,26.498,26.498,26.488,26.482,26.482,26.482,26.482,26.482,26.488,26.493,26.493,26.488,26.482,26.477,26.467,26.456,26.456,26.462,26.467,26.477,26.482,26.493,26.493,26.498,26.493,26.488,26.482,26.477,26.472,26.467,26.462,26.462,26.456,26.451,26.435,26.435,26.425,26.42,26.42,26.415,26.415,26.409,26.399,26.399,26.394,26.389,26.383,26.373,26.357,26.352,26.342,26.342,26.336,26.342,26.342,26.347,26.357,26.362,26.373,26.373,26.378,26.378,26.378,26.378,26.373,26.368,26.368,26.368,26.368,26.368,26.373
,27.034,27.039,27.06,27.065,27.075,27.08,27.086,27.08,27.096,27.096,27.101,27.106,27.111,27.122,27.122,27.122,27.117,27.122,27.117,27.122,27.127,27.168,27.236,27.189,27.267,27.319,27.029,26.415,26.331,26.153,26.122,26.227,26.43,27.013,27.22,27.189,27.205,27.168,27.148,27.122,27.091,27.065,27.034,27.008,26.977,26.951,26.92,26.883,26.857,26.831,26.81,26.8,26.795,26.79,26.779,26.779,26.784,26.79,26.784,26.784,26.779,26.774,26.774,26.769,26.779,26.779,26.79,26.79,26.795,26.79,26.784,26.774,26.769,26.753,26.743,26.743,26.732,26.727,26.722,26.712,26.701,26.696,26.696,26.696,26.691,26.691,26.691,26.691,26.691,26.691,26.686,26.686,26.68,26.675,26.665,26.654,26.644,26.639,26.634,26.628,26.623,26.623,26.628,26.634,26.639,26.644,26.644,26.644,26.644,26.644,26.649,26.649,26.654,26.649,26.644,26.644,26.634,26.634,26.634,26.634,26.644,26.644,26.644,26.644,26.639,26.628,26.628,26.623,26.628,26.628,26.634,26.639,26.644,26.644,26.639,26.634,26.628,26.634,26.634,26.634,26.628,26.628,26.618,26.607,26.597,26.592,26.581,26.576,26.576,26.571,26.571,26.576,26.576,26.576,26.581,26.581,26.581,26.587,26.597,26.597,26.602,26.597,26.592,26.592,26.592,26.587,26.597,26.597,26.597,26.597,26.597,26.597,26.592,26.581,26.576,26.571,26.561,26.555,26.555,26.55,26.55,26.545,26.545,26.535,26.535,26.529,26.529,26.529,26.529,26.535,26.535,26.535,26.535,26.535,26.535,26.535,26.54,26.54,26.54,26.54,26.535,26.529,26.529,26.54,26.545,26.55,26.555,26.555,26.561,26.555,26.555,26.555,26.555,26.561,26.561,26.555,26.545,26.54,26.524,26.519,26.514,26.508,26.519,26.519,26.524,26.529,26.529,26.54,26.55,26.555,26.561,26.566,26.561,26.555,26.54,26.529,26.503,26.482,26.441,26.368,26.305,25.907,25.466,25.555,25.571,25.471,25.529,25.545,26.002,26.404,26.43,26.477,26.524,26.555,26.576,26.587,26.597,26.602,26.613,26.618,26.623,26.628,26.634,26.634,26.644,26.644,26.649,26.644,26.649,26.649,26.649,26.649,26.639,26.634,26.623,26.618,26.607,26.597,26.597,26.602,26.607,26.618,26.618,26.607,26.602,26.592,26.576,26.566,26.555,26.55,26.535,26.529,26.524,26.519,26.514,26.508,26.498,26.493,26.488,26.482,26.488,26.488,26.493,26.493,26.493,26.493,26.498,26.503,26.503,26.508,26.508,26.503,26.498,26.498,26.493,26.482,26.477,26.477,26.477,26.482,26.477,26.482,26.488,26.493,26.488,26.482,26.472,26.467,26.456,26.456,26.462,26.467,26.472,26.477,26.488,26.493,26.488,26.488,26.482,26.477,26.472,26.472,26.472,26.467,26.467,26.462,26.451,26.446,26.435,26.43,26.43,26.425,26.42,26.415,26.415,26.409,26.409,26.404,26.399,26.389,26.378,26.368,26.357,26.347,26.336,26.336,26.331,26.342,26.347,26.352,26.357,26.362,26.368,26.368,26.378,26.373,26.368,26.368,26.362,26.357,26.357,26.362,26.368,26.373
,26.992,26.997,26.997,27.013,27.018,27.029,27.039,27.044,27.044,27.054,27.054,27.054,27.065,27.08,27.086,27.08,27.08,27.075,27.075,27.08,27.091,27.091,27.158,27.163,27.184,27.251,27.075,26.488,26.268,26.049,25.991,26.075,26.2,26.758,27.044,27.137,27.174,27.111,27.096,27.096,27.07,27.044,27.013,26.987,26.966,26.935,26.909,26.873,26.852,26.821,26.805,26.795,26.784,26.774,26.769,26.774,26.774,26.769,26.769,26.764,26.758,26.753,26.748,26.748,26.748,26.753,26.769,26.769,26.779,26.779,26.774,26.764,26.753,26.748,26.743,26.738,26.738,26.727,26.722,26.712,26.706,26.696,26.691,26.691,26.691,26.691,26.691,26.686,26.691,26.691,26.68,26.68,26.675,26.67,26.66,26.649,26.634,26.628,26.623,26.613,26.618,26.623,26.623,26.628,26.634,26.634,26.628,26.628,26.628,26.628,26.634,26.634,26.639,26.639,26.628,26.623,26.618,26.618,26.623,26.634,26.639,26.639,26.639,26.634,26.628,26.623,26.618,26.613,26.613,26.618,26.618,26.623,26.628,26.628,26.623,26.623,26.618,26.618,26.623,26.623,26.618,26.618,26.607,26.597,26.592,26.581,26.576,26.571,26.566,26.566,26.566,26.571,26.576,26.571,26.571,26.571,26.571,26.576,26.581,26.581,26.587,26.576,26.576,26.571,26.571,26.576,26.576,26.576,26.576,26.581,26.576,26.576,26.576,26.571,26.561,26.555,26.55,26.54,26.54,26.54,26.54,26.54,26.535,26.529,26.524,26.524,26.519,26.524,26.524,26.524,26.529,26.529,26.519,26.519,26.524,26.524,26.529,26.535,26.535,26.535,26.529,26.524,26.524,26.529,26.529,26.54,26.55,26.55,26.55,26.55,26.545,26.555,26.55,26.55,26.55,26.545,26.535,26.529,26.519,26.508,26.503,26.503,26.503,26.514,26.519,26.519,26.524,26.529,26.535,26.545,26.555,26.561,26.55,26.545,26.535,26.519,26.503,26.467,26.425,26.362,26.295,26.064,25.471,25.534,25.534,25.413,25.508,25.54,25.745,26.227,26.409,26.43,26.503,26.535,26.555,26.571,26.581,26.592,26.602,26.607,26.618,26.623,26.628,26.628,26.639,26.639,26.639,26.644,26.644,26.649,26.649,26.639,26.634,26.628,26.618,26.607,26.597,26.592,26.587,26.597,26.602,26.607,26.607,26.607,26.597,26.592,26.576,26.566,26.561,26.55,26.54,26.535,26.529,26.524,26.519,26.508,26.503,26.493,26.493,26.488,26.488,26.493,26.493,26.498,26.498,26.498,26.498,26.498,26.503,26.503,26.498,26.498,26.498,26.493,26.488,26.477,26.477,26.477,26.477,26.477,26.477,26.482,26.488,26.488,26.488,26.482,26.477,26.467,26.462,26.462,26.462,26.467,26.477,26.477,26.482,26.488,26.482,26.482,26.472,26.472,26.472,26.467,26.472,26.472,26.472,26.462,26.456,26.451,26.441,26.43,26.425,26.425,26.42,26.42,26.42,26.415,26.415,26.409,26.399,26.394,26.389,26.368,26.362,26.347,26.342,26.336,26.336,26.342,26.342,26.347,26.357,26.362,26.368,26.368,26.373,26.373,26.368,26.362,26.357,26.352,26.357,26.357,26.368,26.373
,26.951,26.94,26.951,26.961,26.971,26.982,26.997,26.997,26.992,26.992,27.008,27.003,27.018,27.029,27.034,27.039,27.034,27.034,27.034,27.029,27.049,27.06,27.08,27.143,27.174,27.158,27.2,26.701,26.289,26.091,26.054,26.007,26.028,26.336,26.987,27.003,27.106,27.091,27.065,27.054,27.029,27.003,26.987,26.966,26.94,26.92,26.888,26.862,26.831,26.805,26.79,26.779,26.769,26.769,26.758,26.758,26.764,26.758,26.758,26.748,26.743,26.732,26.727,26.722,26.722,26.727,26.743,26.748,26.753,26.758,26.758,26.753,26.743,26.743,26.738,26.738,26.738,26.738,26.727,26.712,26.701,26.686,26.686,26.686,26.691,26.691,26.691,26.691,26.686,26.686,26.686,26.68,26.675,26.66,26.654,26.644,26.628,26.623,26.618,26.618,26.618,26.618,26.618,26.623,26.623,26.623,26.618,26.613,26.607,26.607,26.613,26.618,26.623,26.618,26.613,26.607,26.602,26.607,26.618,26.623,26.628,26.639,26.634,26.628,26.618,26.613,26.607,26.607,26.597,26.607,26.602,26.607,26.613,26.613,26.607,26.613,26.613,26.613,26.613,26.613,26.613,26.607,26.602,26.592,26.581,26.576,26.571,26.571,26.566,26.561,26.566,26.566,26.566,26.571,26.566,26.566,26.566,26.566,26.566,26.571,26.571,26.571,26.561,26.561,26.555,26.561,26.566,26.566,26.561,26.561,26.561,26.561,26.561,26.555,26.55,26.545,26.535,26.529,26.524,26.524,26.524,26.529,26.524,26.519,26.519,26.514,26.514,26.514,26.514,26.514,26.519,26.519,26.514,26.514,26.514,26.519,26.524,26.529,26.535,26.529,26.524,26.524,26.519,26.524,26.529,26.535,26.54,26.545,26.54,26.54,26.545,26.545,26.545,26.545,26.545,26.54,26.535,26.519,26.508,26.503,26.493,26.498,26.498,26.503,26.514,26.514,26.519,26.524,26.529,26.54,26.545,26.545,26.54,26.535,26.524,26.514,26.498,26.472,26.42,26.362,26.336,26.096,25.513,25.44,25.587,25.455,25.413,25.45,25.661,26.242,26.362,26.446,26.456,26.508,26.54,26.555,26.571,26.587,26.592,26.602,26.602,26.613,26.623,26.623,26.634,26.634,26.639,26.644,26.639,26.644,26.644,26.639,26.634,26.623,26.613,26.607,26.597,26.587,26.581,26.592,26.597,26.602,26.607,26.602,26.597,26.587,26.576,26.571,26.561,26.555,26.545,26.535,26.535,26.535,26.524,26.519,26.514,26.503,26.498,26.488,26.482,26.488,26.493,26.488,26.493,26.493,26.498,26.493,26.498,26.498,26.498,26.493,26.493,26.488,26.488,26.477,26.477,26.477,26.477,26.477,26.477,26.477,26.488,26.482,26.488,26.482,26.477,26.472,26.462,26.462,26.467,26.467,26.472,26.477,26.482,26.482,26.477,26.472,26.467,26.462,26.462,26.467,26.467,26.472,26.472,26.472,26.467,26.456,26.441,26.435,26.43,26.425,26.42,26.42,26.42,26.42,26.415,26.409,26.404,26.399,26.389,26.373,26.368,26.352,26.342,26.336,26.336,26.342,26.342,26.347,26.352,26.357,26.362,26.368,26.373,26.373,26.362,26.357,26.352,26.352,26.352,26.357,26.362,26.373
,26.904,26.904,26.909,26.914,26.925,26.935,26.951,26.951,26.956,26.956,26.961,26.966,26.977,26.987,26.992,26.992,26.997,26.992,26.992,27.003,27.013,27.023,27.054,27.075,27.101,27.08,27.106,26.805,26.42,26.227,26.017,25.954,25.923,26.169,26.576,27.044,27.003,27.039,27.018,27.003,26.992,26.982,26.966,26.951,26.925,26.904,26.878,26.852,26.821,26.795,26.779,26.769,26.753,26.753,26.748,26.753,26.753,26.748,26.743,26.738,26.727,26.717,26.701,26.701,26.701,26.701,26.712,26.722,26.727,26.732,26.732,26.727,26.727,26.727,26.727,26.727,26.727,26.727,26.717,26.706,26.691,26.686,26.68,26.68,26.686,26.691,26.691,26.686,26.68,26.686,26.68,26.68,26.675,26.66,26.649,26.644,26.634,26.623,26.618,26.618,26.618,26.618,26.618,26.618,26.618,26.613,26.613,26.607,26.597,26.597,26.597,26.597,26.597,26.597,26.592,26.587,26.592,26.597,26.602,26.607,26.623,26.623,26.623,26.618,26.607,26.602,26.597,26.597,26.592,26.592,26.597,26.597,26.597,26.602,26.602,26.597,26.597,26.602,26.607,26.607,26.607,26.602,26.592,26.581,26.576,26.576,26.571,26.566,26.561,26.561,26.561,26.561,26.566,26.571,26.561,26.561,26.561,26.561,26.561,26.555,26.555,26.555,26.55,26.55,26.545,26.545,26.55,26.545,26.545,26.545,26.55,26.545,26.55,26.545,26.54,26.529,26.519,26.514,26.514,26.508,26.514,26.514,26.514,26.514,26.514,26.508,26.508,26.508,26.508,26.508,26.508,26.508,26.508,26.508,26.508,26.514,26.519,26.524,26.524,26.524,26.514,26.508,26.514,26.514,26.519,26.524,26.529,26.535,26.535,26.535,26.535,26.545,26.54,26.54,26.54,26.529,26.524,26.514,26.503,26.493,26.493,26.493,26.498,26.498,26.508,26.508,26.508,26.514,26.524,26.529,26.529,26.535,26.535,26.529,26.524,26.514,26.498,26.472,26.425,26.368,26.336,26.169,25.529,25.376,25.566,25.424,25.445,25.345,25.561,26.096,26.336,26.362,26.446,26.493,26.524,26.545,26.566,26.581,26.592,26.597,26.602,26.607,26.618,26.623,26.634,26.634,26.634,26.639,26.639,26.644,26.644,26.634,26.628,26.623,26.613,26.602,26.592,26.581,26.581,26.587,26.592,26.597,26.602,26.597,26.597,26.587,26.581,26.571,26.561,26.55,26.545,26.545,26.54,26.54,26.535,26.529,26.524,26.508,26.498,26.493,26.488,26.488,26.488,26.488,26.493,26.493,26.493,26.498,26.493,26.493,26.493,26.493,26.488,26.488,26.482,26.482,26.477,26.472,26.477,26.477,26.477,26.482,26.488,26.488,26.488,26.482,26.477,26.472,26.467,26.467,26.462,26.472,26.472,26.472,26.472,26.477,26.477,26.472,26.467,26.462,26.462,26.462,26.467,26.467,26.472,26.472,26.467,26.462,26.451,26.435,26.435,26.43,26.425,26.42,26.425,26.42,26.415,26.409,26.404,26.399,26.394,26.378,26.368,26.357,26.352,26.347,26.336,26.342,26.342,26.347,26.352,26.357,26.362,26.368,26.373,26.373,26.362,26.357,26.352,26.352,26.347,26.357,26.362,26.368
,26.868,26.873,26.873,26.883,26.894,26.899,26.904,26.909,26.914,26.925,26.92,26.93,26.935,26.94,26.94,26.951,26.956,26.956,26.961,26.971,26.977,26.992,27.008,27.013,27.049,27.07,27.086,26.836,26.467,26.127,26.028,25.876,25.834,26.096,26.446,26.842,26.956,26.925,26.925,26.951,26.956,26.951,26.94,26.925,26.914,26.894,26.862,26.836,26.81,26.79,26.774,26.758,26.748,26.748,26.743,26.743,26.748,26.743,26.732,26.727,26.717,26.706,26.691,26.686,26.68,26.686,26.696,26.696,26.706,26.712,26.712,26.712,26.712,26.712,26.717,26.722,26.722,26.722,26.717,26.706,26.691,26.68,26.68,26.675,26.686,26.691,26.686,26.68,26.68,26.68,26.68,26.675,26.665,26.654,26.644,26.639,26.628,26.623,26.618,26.618,26.618,26.613,26.607,26.607,26.607,26.602,26.602,26.597,26.587,26.581,26.576,26.576,26.576,26.576,26.566,26.566,26.571,26.581,26.592,26.597,26.607,26.613,26.607,26.607,26.597,26.592,26.592,26.587,26.587,26.587,26.587,26.592,26.592,26.592,26.592,26.592,26.592,26.602,26.602,26.597,26.607,26.602,26.592,26.587,26.581,26.576,26.571,26.566,26.566,26.561,26.561,26.561,26.566,26.571,26.566,26.566,26.561,26.555,26.555,26.55,26.545,26.545,26.54,26.54,26.54,26.54,26.535,26.535,26.535,26.529,26.529,26.529,26.535,26.529,26.524,26.514,26.508,26.498,26.493,26.498,26.498,26.503,26.503,26.508,26.508,26.508,26.498,26.503,26.503,26.503,26.503,26.503,26.503,26.503,26.508,26.508,26.519,26.519,26.519,26.519,26.514,26.503,26.498,26.503,26.508,26.519,26.519,26.519,26.519,26.529,26.529,26.529,26.535,26.535,26.529,26.524,26.519,26.514,26.498,26.488,26.488,26.493,26.493,26.498,26.503,26.503,26.503,26.508,26.508,26.519,26.519,26.519,26.524,26.524,26.519,26.514,26.503,26.472,26.43,26.404,26.336,26.174,25.571,25.397,25.424,25.424,25.492,25.392,25.434,25.876,26.122,26.326,26.435,26.472,26.503,26.529,26.55,26.571,26.581,26.592,26.602,26.607,26.618,26.628,26.634,26.628,26.634,26.639,26.644,26.644,26.644,26.639,26.628,26.623,26.613,26.602,26.592,26.581,26.576,26.581,26.592,26.592,26.597,26.602,26.592,26.592,26.581,26.571,26.566,26.555,26.55,26.55,26.545,26.545,26.545,26.54,26.535,26.519,26.503,26.498,26.493,26.488,26.488,26.488,26.488,26.493,26.493,26.493,26.493,26.493,26.493,26.488,26.488,26.482,26.482,26.482,26.477,26.477,26.477,26.477,26.477,26.477,26.482,26.488,26.482,26.488,26.482,26.477,26.467,26.462,26.462,26.467,26.467,26.477,26.472,26.477,26.477,26.472,26.467,26.462,26.462,26.462,26.462,26.467,26.472,26.472,26.467,26.462,26.456,26.446,26.435,26.43,26.43,26.425,26.425,26.42,26.415,26.415,26.409,26.399,26.394,26.378,26.368,26.357,26.352,26.352,26.342,26.347,26.342,26.347,26.357,26.362,26.368,26.373,26.373,26.373,26.362,26.362,26.352,26.342,26.352,26.357,26.362,26.373
,26.831,26.836,26.842,26.847,26.857,26.862,26.868,26.868,26.873,26.883,26.888,26.888,26.899,26.899,26.904,26.909,26.914,26.92,26.925,26.93,26.94,26.951,26.971,26.971,27.003,26.997,26.961,26.883,26.566,26.043,26.023,25.865,25.766,26.127,26.227,26.508,26.852,26.878,26.847,26.899,26.93,26.92,26.92,26.914,26.899,26.878,26.857,26.831,26.8,26.784,26.769,26.753,26.738,26.732,26.732,26.738,26.738,26.738,26.732,26.722,26.712,26.696,26.686,26.68,26.675,26.67,26.68,26.68,26.686,26.686,26.691,26.696,26.696,26.701,26.706,26.712,26.717,26.712,26.706,26.706,26.691,26.68,26.675,26.675,26.68,26.686,26.686,26.686,26.68,26.675,26.67,26.665,26.66,26.654,26.644,26.639,26.628,26.623,26.618,26.607,26.607,26.607,26.607,26.602,26.602,26.597,26.597,26.592,26.587,26.576,26.576,26.571,26.561,26.555,26.555,26.55,26.555,26.561,26.571,26.576,26.587,26.597,26.597,26.597,26.592,26.592,26.592,26.587,26.587,26.587,26.581,26.581,26.587,26.581,26.581,26.587,26.587,26.592,26.597,26.597,26.597,26.597,26.592,26.587,26.581,26.576,26.571,26.571,26.566,26.561,26.561,26.555,26.566,26.566,26.566,26.561,26.555,26.555,26.55,26.545,26.54,26.535,26.535,26.535,26.535,26.535,26.529,26.529,26.519,26.514,26.519,26.514,26.519,26.514,26.508,26.503,26.498,26.493,26.488,26.488,26.488,26.498,26.498,26.503,26.503,26.503,26.503,26.498,26.498,26.498,26.498,26.498,26.498,26.503,26.508,26.514,26.514,26.514,26.514,26.503,26.498,26.493,26.488,26.493,26.498,26.503,26.514,26.514,26.514,26.514,26.514,26.524,26.524,26.524,26.524,26.519,26.514,26.503,26.493,26.488,26.488,26.488,26.493,26.493,26.498,26.503,26.498,26.498,26.503,26.503,26.503,26.514,26.514,26.519,26.519,26.514,26.503,26.482,26.446,26.389,26.383,26.206,25.608,25.324,25.392,25.455,25.424,25.276,25.334,25.844,26.096,26.31,26.446,26.451,26.488,26.514,26.54,26.561,26.571,26.581,26.597,26.602,26.613,26.618,26.634,26.634,26.634,26.634,26.639,26.639,26.644,26.634,26.628,26.623,26.613,26.602,26.592,26.587,26.581,26.581,26.587,26.592,26.597,26.597,26.597,26.592,26.581,26.571,26.566,26.555,26.561,26.555,26.555,26.555,26.561,26.555,26.54,26.524,26.519,26.503,26.493,26.488,26.488,26.488,26.488,26.493,26.488,26.488,26.488,26.488,26.488,26.488,26.477,26.482,26.482,26.482,26.477,26.477,26.472,26.467,26.472,26.482,26.482,26.488,26.488,26.488,26.482,26.477,26.467,26.462,26.462,26.467,26.472,26.472,26.482,26.482,26.482,26.477,26.472,26.467,26.462,26.456,26.456,26.462,26.467,26.467,26.467,26.467,26.456,26.451,26.451,26.446,26.441,26.43,26.43,26.425,26.42,26.415,26.409,26.404,26.394,26.383,26.373,26.362,26.357,26.347,26.347,26.352,26.347,26.357,26.362,26.368,26.368,26.373,26.373,26.368,26.368,26.357,26.352,26.347,26.352,26.362,26.368,26.373
,26.805,26.805,26.81,26.816,26.821,26.826,26.831,26.836,26.842,26.842,26.852,26.852,26.857,26.862,26.868,26.878,26.883,26.883,26.888,26.894,26.909,26.92,26.925,26.935,26.945,26.925,26.951,26.92,26.722,26.378,26.038,25.913,25.661,25.865,25.834,26.289,26.592,26.738,26.857,26.914,26.894,26.894,26.894,26.888,26.888,26.873,26.847,26.821,26.8,26.784,26.764,26.748,26.738,26.732,26.732,26.727,26.727,26.727,26.722,26.712,26.696,26.686,26.675,26.665,26.665,26.665,26.67,26.67,26.67,26.67,26.67,26.68,26.68,26.691,26.696,26.701,26.701,26.706,26.706,26.696,26.686,26.686,26.675,26.68,26.68,26.68,26.68,26.68,26.675,26.665,26.66,26.654,26.654,26.649,26.644,26.634,26.623,26.618,26.613,26.607,26.602,26.602,26.597,26.597,26.597,26.592,26.597,26.592,26.581,26.576,26.566,26.561,26.555,26.55,26.54,26.54,26.535,26.545,26.555,26.561,26.571,26.581,26.587,26.587,26.587,26.592,26.592,26.587,26.587,26.587,26.576,26.576,26.576,26.576,26.581,26.587,26.587,26.592,26.592,26.597,26.592,26.592,26.587,26.581,26.581,26.576,26.571,26.571,26.566,26.561,26.561,26.555,26.561,26.566,26.566,26.561,26.555,26.55,26.55,26.54,26.535,26.535,26.535,26.535,26.529,26.524,26.529,26.519,26.514,26.508,26.508,26.508,26.503,26.503,26.503,26.498,26.493,26.488,26.482,26.482,26.488,26.488,26.493,26.493,26.498,26.498,26.493,26.493,26.488,26.488,26.493,26.493,26.498,26.498,26.503,26.508,26.508,26.503,26.498,26.498,26.482,26.488,26.482,26.488,26.493,26.498,26.498,26.503,26.503,26.503,26.498,26.508,26.508,26.514,26.514,26.519,26.503,26.498,26.488,26.488,26.488,26.488,26.493,26.498,26.503,26.498,26.498,26.493,26.493,26.493,26.498,26.508,26.508,26.514,26.514,26.508,26.498,26.482,26.435,26.43,26.368,26.19,25.792,25.45,25.376,25.434,25.334,25.355,25.292,25.703,26.237,26.362,26.43,26.42,26.467,26.493,26.519,26.545,26.566,26.581,26.587,26.597,26.607,26.623,26.623,26.628,26.628,26.628,26.634,26.639,26.639,26.639,26.634,26.623,26.607,26.602,26.597,26.587,26.581,26.581,26.592,26.597,26.597,26.597,26.592,26.587,26.581,26.576,26.571,26.566,26.561,26.561,26.566,26.566,26.566,26.566,26.55,26.54,26.524,26.514,26.498,26.493,26.493,26.488,26.488,26.488,26.493,26.493,26.493,26.488,26.488,26.482,26.482,26.482,26.482,26.482,26.482,26.472,26.472,26.472,26.472,26.477,26.482,26.488,26.488,26.488,26.482,26.477,26.472,26.467,26.467,26.472,26.477,26.477,26.482,26.482,26.482,26.477,26.472,26.467,26.462,26.456,26.456,26.456,26.456,26.467,26.467,26.467,26.467,26.462,26.462,26.456,26.451,26.441,26.435,26.43,26.425,26.42,26.42,26.404,26.399,26.389,26.383,26.373,26.362,26.362,26.357,26.357,26.357,26.362,26.368,26.373,26.378,26.378,26.378,26.373,26.362,26.357,26.352,26.352,26.357,26.362,26.368,26.373
,26.779,26.779,26.784,26.79,26.795,26.795,26.795,26.805,26.81,26.81,26.81,26.816,26.821,26.831,26.836,26.836,26.842,26.847,26.852,26.862,26.868,26.873,26.883,26.894,26.894,26.894,26.894,26.904,26.878,26.618,26.08,25.944,25.771,25.697,25.766,25.928,26.415,26.712,26.805,26.764,26.831,26.847,26.862,26.873,26.868,26.852,26.831,26.81,26.79,26.774,26.764,26.753,26.738,26.732,26.727,26.722,26.722,26.717,26.712,26.701,26.691,26.675,26.67,26.66,26.654,26.654,26.654,26.654,26.654,26.654,26.66,26.66,26.665,26.68,26.68,26.691,26.696,26.696,26.696,26.691,26.686,26.68,26.68,26.68,26.68,26.68,26.68,26.675,26.665,26.66,26.654,26.649,26.649,26.644,26.639,26.628,26.623,26.613,26.607,26.602,26.597,26.597,26.592,26.592,26.592,26.597,26.592,26.592,26.581,26.576,26.566,26.555,26.545,26.54,26.54,26.535,26.524,26.535,26.535,26.545,26.555,26.566,26.576,26.581,26.581,26.592,26.587,26.592,26.587,26.587,26.581,26.581,26.581,26.581,26.581,26.581,26.581,26.581,26.587,26.587,26.581,26.581,26.581,26.581,26.581,26.576,26.571,26.566,26.561,26.561,26.555,26.561,26.561,26.561,26.561,26.555,26.555,26.55,26.545,26.54,26.535,26.535,26.529,26.535,26.529,26.524,26.524,26.519,26.514,26.508,26.503,26.498,26.498,26.493,26.493,26.493,26.488,26.477,26.482,26.482,26.488,26.493,26.493,26.488,26.493,26.488,26.488,26.482,26.482,26.482,26.488,26.488,26.488,26.493,26.498,26.498,26.498,26.493,26.493,26.488,26.477,26.477,26.482,26.482,26.488,26.498,26.498,26.498,26.493,26.493,26.488,26.493,26.498,26.508,26.508,26.508,26.503,26.498,26.488,26.488,26.488,26.493,26.493,26.498,26.503,26.503,26.498,26.498,26.498,26.498,26.498,26.498,26.508,26.514,26.514,26.514,26.498,26.482,26.441,26.42,26.404,26.216,25.797,25.397,25.276,25.445,25.35,25.345,25.25,25.666,25.981,26.284,26.378,26.394,26.451,26.477,26.503,26.535,26.55,26.566,26.576,26.592,26.602,26.607,26.613,26.618,26.618,26.618,26.628,26.628,26.634,26.628,26.623,26.618,26.613,26.597,26.592,26.581,26.576,26.581,26.587,26.592,26.597,26.592,26.587,26.581,26.576,26.576,26.571,26.566,26.566,26.566,26.571,26.576,26.576,26.571,26.566,26.55,26.529,26.519,26.508,26.498,26.493,26.493,26.493,26.493,26.488,26.488,26.488,26.493,26.482,26.488,26.488,26.488,26.488,26.477,26.477,26.472,26.467,26.472,26.472,26.477,26.482,26.488,26.482,26.488,26.482,26.477,26.467,26.467,26.467,26.467,26.467,26.472,26.477,26.488,26.482,26.477,26.472,26.462,26.456,26.446,26.446,26.451,26.456,26.456,26.456,26.467,26.467,26.467,26.467,26.467,26.456,26.451,26.446,26.43,26.425,26.42,26.415,26.409,26.404,26.389,26.378,26.373,26.373,26.368,26.362,26.362,26.362,26.373,26.373,26.373,26.383,26.383,26.378,26.368,26.362,26.357,26.357,26.357,26.357,26.362,26.368,26.373
,26.758,26.758,26.758,26.764,26.774,26.774,26.774,26.779,26.779,26.779,26.784,26.79,26.795,26.805,26.805,26.816,26.816,26.816,26.821,26.826,26.831,26.847,26.852,26.857,26.862,26.868,26.826,26.873,26.831,26.607,26.122,26.054,25.739,25.645,25.671,25.797,26.138,26.618,26.696,26.795,26.764,26.826,26.831,26.836,26.842,26.831,26.821,26.8,26.784,26.774,26.764,26.753,26.738,26.732,26.727,26.717,26.712,26.706,26.701,26.691,26.68,26.67,26.665,26.66,26.654,26.644,26.644,26.644,26.644,26.644,26.649,26.654,26.66,26.665,26.68,26.68,26.686,26.686,26.686,26.686,26.68,26.68,26.675,26.67,26.675,26.68,26.675,26.67,26.665,26.66,26.654,26.649,26.644,26.634,26.628,26.623,26.618,26.613,26.602,26.597,26.587,26.587,26.587,26.587,26.587,26.587,26.587,26.587,26.587,26.571,26.566,26.555,26.545,26.54,26.529,26.524,26.519,26.519,26.524,26.535,26.55,26.555,26.566,26.576,26.576,26.581,26.587,26.587,26.587,26.587,26.581,26.581,26.576,26.576,26.576,26.581,26.576,26.581,26.581,26.581,26.576,26.576,26.576,26.576,26.576,26.571,26.571,26.566,26.555,26.555,26.555,26.561,26.555,26.561,26.555,26.555,26.55,26.55,26.545,26.54,26.535,26.54,26.535,26.535,26.535,26.529,26.529,26.524,26.514,26.503,26.503,26.493,26.493,26.493,26.493,26.488,26.488,26.482,26.482,26.488,26.488,26.488,26.493,26.493,26.488,26.488,26.488,26.482,26.477,26.482,26.488,26.482,26.482,26.488,26.488,26.488,26.488,26.482,26.482,26.482,26.477,26.477,26.482,26.488,26.498,26.498,26.498,26.498,26.488,26.488,26.482,26.488,26.493,26.498,26.503,26.503,26.503,26.493,26.488,26.482,26.488,26.493,26.493,26.498,26.503,26.503,26.498,26.498,26.498,26.498,26.503,26.508,26.508,26.514,26.514,26.508,26.493,26.477,26.451,26.399,26.274,26.242,25.96,25.44,25.303,25.387,25.366,25.371,25.324,25.55,26.017,26.211,26.331,26.383,26.441,26.467,26.493,26.519,26.54,26.561,26.566,26.581,26.587,26.602,26.602,26.607,26.607,26.607,26.618,26.623,26.623,26.623,26.618,26.613,26.607,26.597,26.592,26.587,26.581,26.587,26.592,26.597,26.597,26.592,26.587,26.581,26.571,26.576,26.571,26.571,26.571,26.571,26.581,26.581,26.581,26.581,26.576,26.555,26.545,26.529,26.519,26.514,26.503,26.498,26.493,26.493,26.493,26.493,26.493,26.493,26.488,26.482,26.488,26.488,26.488,26.477,26.477,26.472,26.467,26.462,26.472,26.477,26.482,26.488,26.482,26.488,26.482,26.477,26.472,26.472,26.472,26.472,26.467,26.477,26.482,26.482,26.477,26.477,26.467,26.462,26.456,26.451,26.451,26.451,26.451,26.451,26.451,26.456,26.467,26.467,26.472,26.467,26.462,26.462,26.446,26.435,26.435,26.43,26.425,26.415,26.404,26.394,26.389,26.383,26.378,26.378,26.373,26.373,26.368,26.368,26.373,26.378,26.383,26.383,26.378,26.368,26.362,26.357,26.357,26.352,26.362,26.368,26.368,26.373
,26.743,26.743,26.743,26.743,26.748,26.753,26.758,26.758,26.758,26.758,26.758,26.764,26.769,26.779,26.784,26.79,26.795,26.795,26.8,26.8,26.816,26.821,26.826,26.831,26.836,26.842,26.852,26.831,26.816,26.816,26.508,26.017,25.792,25.613,25.545,25.682,25.865,26.216,26.613,26.66,26.706,26.758,26.795,26.805,26.816,26.805,26.8,26.784,26.769,26.764,26.753,26.748,26.738,26.732,26.722,26.712,26.706,26.701,26.691,26.686,26.675,26.66,26.654,26.644,26.639,26.628,26.628,26.628,26.628,26.628,26.628,26.634,26.644,26.654,26.665,26.67,26.67,26.675,26.675,26.675,26.67,26.665,26.665,26.67,26.675,26.675,26.675,26.675,26.665,26.66,26.649,26.649,26.639,26.634,26.628,26.618,26.613,26.607,26.597,26.592,26.587,26.581,26.581,26.581,26.581,26.581,26.587,26.587,26.576,26.571,26.566,26.555,26.545,26.54,26.535,26.524,26.514,26.514,26.514,26.524,26.529,26.54,26.555,26.561,26.571,26.576,26.587,26.587,26.587,26.587,26.581,26.576,26.571,26.576,26.571,26.576,26.576,26.576,26.576,26.576,26.576,26.571,26.571,26.571,26.571,26.571,26.566,26.566,26.555,26.561,26.561,26.561,26.561,26.555,26.55,26.545,26.545,26.545,26.54,26.535,26.54,26.54,26.54,26.535,26.535,26.535,26.529,26.519,26.519,26.508,26.498,26.493,26.488,26.488,26.488,26.488,26.488,26.482,26.493,26.493,26.498,26.493,26.493,26.488,26.488,26.482,26.477,26.477,26.477,26.477,26.477,26.482,26.482,26.482,26.482,26.477,26.477,26.477,26.477,26.472,26.477,26.477,26.482,26.488,26.498,26.503,26.503,26.503,26.498,26.482,26.488,26.482,26.488,26.493,26.498,26.498,26.498,26.493,26.488,26.488,26.488,26.488,26.493,26.498,26.503,26.503,26.503,26.503,26.503,26.508,26.508,26.514,26.514,26.514,26.514,26.508,26.493,26.477,26.446,26.394,26.347,26.274,26.002,25.455,25.308,25.408,25.361,25.376,25.329,25.424,25.933,26.112,26.399,26.362,26.42,26.456,26.482,26.508,26.535,26.55,26.561,26.571,26.581,26.592,26.592,26.597,26.592,26.597,26.602,26.607,26.613,26.613,26.613,26.607,26.602,26.597,26.592,26.587,26.587,26.581,26.592,26.592,26.597,26.592,26.581,26.576,26.576,26.576,26.571,26.571,26.576,26.581,26.587,26.587,26.592,26.592,26.581,26.571,26.555,26.545,26.535,26.524,26.508,26.503,26.498,26.498,26.498,26.498,26.503,26.498,26.498,26.493,26.493,26.493,26.488,26.482,26.477,26.472,26.467,26.467,26.477,26.472,26.482,26.482,26.482,26.488,26.482,26.477,26.477,26.472,26.472,26.467,26.472,26.472,26.482,26.482,26.477,26.472,26.467,26.456,26.456,26.451,26.451,26.451,26.446,26.451,26.451,26.451,26.462,26.467,26.472,26.472,26.467,26.467,26.446,26.446,26.435,26.43,26.43,26.42,26.409,26.399,26.389,26.389,26.389,26.389,26.383,26.378,26.373,26.373,26.378,26.378,26.378,26.383,26.378,26.368,26.357,26.357,26.357,26.352,26.362,26.368,26.373,26.378
,26.727,26.722,26.722,26.727,26.727,26.732,26.738,26.738,26.732,26.732,26.732,26.732,26.743,26.758,26.764,26.769,26.779,26.779,26.784,26.784,26.795,26.8,26.805,26.821,26.816,26.826,26.821,26.826,26.836,26.769,26.634,26.127,25.865,25.682,25.524,25.613,25.771,25.676,26.279,26.66,26.67,26.722,26.748,26.774,26.784,26.784,26.774,26.764,26.758,26.753,26.748,26.738,26.738,26.722,26.717,26.712,26.701,26.696,26.686,26.68,26.67,26.654,26.649,26.634,26.628,26.618,26.618,26.613,26.613,26.613,26.618,26.623,26.628,26.639,26.654,26.654,26.66,26.665,26.665,26.665,26.66,26.66,26.665,26.66,26.67,26.675,26.675,26.67,26.665,26.66,26.654,26.649,26.644,26.628,26.623,26.607,26.607,26.597,26.592,26.581,26.576,26.576,26.571,26.571,26.576,26.576,26.581,26.576,26.576,26.571,26.566,26.561,26.545,26.54,26.535,26.519,26.514,26.503,26.508,26.514,26.524,26.535,26.54,26.555,26.561,26.576,26.576,26.581,26.581,26.581,26.576,26.576,26.576,26.571,26.571,26.566,26.566,26.566,26.566,26.571,26.571,26.571,26.571,26.571,26.566,26.566,26.566,26.566,26.561,26.561,26.561,26.561,26.561,26.555,26.555,26.545,26.545,26.54,26.545,26.535,26.54,26.54,26.535,26.535,26.535,26.535,26.529,26.524,26.514,26.508,26.498,26.493,26.493,26.488,26.482,26.488,26.488,26.488,26.493,26.498,26.498,26.498,26.493,26.488,26.482,26.477,26.472,26.472,26.472,26.467,26.477,26.477,26.477,26.477,26.472,26.472,26.472,26.467,26.467,26.467,26.477,26.477,26.482,26.493,26.498,26.503,26.508,26.503,26.498,26.493,26.482,26.482,26.488,26.493,26.493,26.498,26.493,26.488,26.482,26.482,26.482,26.488,26.493,26.493,26.498,26.498,26.498,26.498,26.508,26.514,26.514,26.519,26.519,26.519,26.519,26.508,26.493,26.472,26.446,26.404,26.289,26.253,26.043,25.524,25.376,25.382,25.35,25.308,25.26,25.339,25.965,26.227,26.321,26.347,26.404,26.446,26.472,26.498,26.524,26.545,26.555,26.561,26.571,26.581,26.576,26.581,26.587,26.587,26.592,26.597,26.602,26.607,26.607,26.602,26.602,26.597,26.597,26.592,26.587,26.587,26.587,26.592,26.592,26.587,26.576,26.576,26.571,26.571,26.571,26.576,26.571,26.587,26.592,26.597,26.597,26.597,26.597,26.581,26.576,26.561,26.55,26.54,26.524,26.514,26.508,26.508,26.508,26.508,26.514,26.508,26.508,26.503,26.498,26.493,26.498,26.488,26.482,26.477,26.472,26.472,26.477,26.477,26.488,26.488,26.493,26.488,26.488,26.477,26.472,26.467,26.472,26.472,26.472,26.472,26.482,26.482,26.477,26.472,26.462,26.456,26.456,26.456,26.462,26.456,26.451,26.451,26.446,26.451,26.456,26.467,26.472,26.477,26.472,26.467,26.456,26.451,26.441,26.435,26.425,26.42,26.409,26.404,26.399,26.394,26.389,26.389,26.383,26.378,26.378,26.373,26.378,26.378,26.378,26.378,26.373,26.368,26.362,26.352,26.352,26.357,26.357,26.362,26.368,26.378
,26.712,26.701,26.706,26.706,26.706,26.712,26.717,26.717,26.712,26.706,26.706,26.712,26.722,26.732,26.743,26.753,26.758,26.764,26.769,26.769,26.779,26.784,26.795,26.8,26.805,26.81,26.81,26.805,26.805,26.722,26.701,26.274,25.923,25.766,25.503,25.45,25.582,25.687,26.258,26.456,26.613,26.67,26.701,26.732,26.753,26.758,26.748,26.743,26.717,26.722,26.738,26.732,26.727,26.722,26.712,26.706,26.701,26.691,26.691,26.675,26.67,26.654,26.639,26.628,26.618,26.607,26.607,26.597,26.602,26.602,26.602,26.613,26.618,26.628,26.639,26.644,26.644,26.654,26.654,26.654,26.654,26.649,26.654,26.66,26.665,26.67,26.67,26.67,26.665,26.67,26.66,26.649,26.644,26.628,26.623,26.613,26.602,26.592,26.587,26.576,26.571,26.571,26.566,26.566,26.566,26.571,26.571,26.576,26.576,26.571,26.566,26.561,26.555,26.545,26.529,26.519,26.514,26.508,26.508,26.508,26.519,26.524,26.529,26.54,26.55,26.555,26.566,26.566,26.571,26.576,26.571,26.566,26.571,26.566,26.561,26.561,26.555,26.555,26.555,26.561,26.561,26.566,26.561,26.566,26.561,26.566,26.561,26.561,26.561,26.561,26.561,26.561,26.555,26.561,26.555,26.555,26.545,26.545,26.545,26.54,26.54,26.529,26.529,26.529,26.524,26.529,26.519,26.519,26.514,26.503,26.498,26.498,26.493,26.493,26.493,26.488,26.488,26.488,26.493,26.498,26.498,26.498,26.493,26.488,26.482,26.477,26.472,26.472,26.467,26.472,26.472,26.477,26.477,26.467,26.472,26.467,26.467,26.462,26.462,26.462,26.472,26.472,26.477,26.488,26.493,26.503,26.503,26.503,26.503,26.493,26.482,26.477,26.482,26.488,26.493,26.493,26.488,26.482,26.482,26.477,26.472,26.482,26.488,26.493,26.493,26.498,26.498,26.503,26.508,26.514,26.524,26.524,26.524,26.524,26.524,26.514,26.498,26.477,26.446,26.409,26.362,26.268,26.232,25.645,25.387,25.361,25.355,25.324,25.303,25.234,25.907,26.085,26.195,26.321,26.389,26.425,26.462,26.488,26.519,26.535,26.545,26.555,26.561,26.566,26.566,26.566,26.571,26.571,26.581,26.592,26.597,26.602,26.602,26.602,26.602,26.597,26.597,26.592,26.587,26.587,26.587,26.587,26.587,26.587,26.576,26.576,26.571,26.571,26.571,26.576,26.576,26.581,26.592,26.602,26.602,26.607,26.602,26.597,26.592,26.581,26.571,26.555,26.54,26.529,26.524,26.519,26.519,26.519,26.514,26.519,26.514,26.508,26.508,26.503,26.498,26.493,26.482,26.482,26.477,26.477,26.482,26.488,26.493,26.493,26.493,26.493,26.488,26.482,26.477,26.472,26.467,26.472,26.472,26.477,26.482,26.482,26.472,26.467,26.462,26.462,26.462,26.462,26.467,26.462,26.456,26.456,26.451,26.451,26.456,26.467,26.472,26.472,26.472,26.472,26.462,26.456,26.446,26.435,26.43,26.425,26.415,26.409,26.404,26.399,26.399,26.389,26.394,26.383,26.378,26.378,26.378,26.378,26.378,26.378,26.368,26.373,26.362,26.357,26.352,26.352,26.357,26.357,26.362,26.368
,26.691,26.68,26.68,26.686,26.691,26.696,26.701,26.691,26.691,26.686,26.686,26.691,26.706,26.717,26.727,26.738,26.748,26.748,26.753,26.753,26.764,26.769,26.779,26.79,26.79,26.79,26.79,26.79,26.779,26.795,26.795,26.399,25.96,25.829,25.471,25.582,25.513,25.513,25.897,26.274,26.561,26.649,26.66,26.686,26.706,26.722,26.717,26.712,26.701,26.712,26.722,26.717,26.717,26.706,26.701,26.701,26.691,26.691,26.686,26.675,26.665,26.649,26.639,26.623,26.618,26.602,26.602,26.592,26.587,26.592,26.592,26.597,26.602,26.618,26.623,26.634,26.639,26.639,26.644,26.644,26.644,26.644,26.644,26.654,26.66,26.665,26.67,26.67,26.67,26.665,26.665,26.654,26.649,26.634,26.623,26.607,26.602,26.587,26.581,26.576,26.571,26.561,26.561,26.561,26.561,26.566,26.571,26.576,26.576,26.571,26.571,26.566,26.555,26.545,26.535,26.519,26.514,26.508,26.498,26.503,26.503,26.508,26.514,26.524,26.529,26.54,26.545,26.55,26.561,26.561,26.561,26.561,26.561,26.561,26.555,26.55,26.545,26.545,26.55,26.555,26.561,26.566,26.561,26.561,26.555,26.555,26.555,26.555,26.561,26.555,26.555,26.555,26.561,26.555,26.555,26.555,26.555,26.55,26.55,26.545,26.54,26.529,26.524,26.524,26.524,26.519,26.519,26.514,26.508,26.508,26.503,26.498,26.498,26.493,26.488,26.482,26.482,26.482,26.488,26.493,26.493,26.493,26.493,26.488,26.482,26.472,26.462,26.462,26.462,26.462,26.472,26.472,26.472,26.472,26.467,26.462,26.462,26.451,26.451,26.456,26.462,26.462,26.472,26.477,26.482,26.493,26.493,26.498,26.493,26.482,26.482,26.482,26.482,26.488,26.482,26.488,26.482,26.477,26.467,26.467,26.467,26.472,26.482,26.482,26.488,26.488,26.493,26.498,26.508,26.519,26.524,26.524,26.524,26.519,26.519,26.514,26.503,26.488,26.456,26.415,26.331,26.295,26.242,25.771,25.408,25.355,25.361,25.287,25.324,25.192,25.666,26.07,26.321,26.315,26.362,26.409,26.446,26.482,26.508,26.524,26.535,26.54,26.55,26.55,26.555,26.555,26.561,26.571,26.576,26.587,26.592,26.597,26.602,26.602,26.597,26.597,26.592,26.587,26.581,26.581,26.581,26.581,26.581,26.581,26.571,26.571,26.566,26.566,26.566,26.571,26.576,26.587,26.597,26.607,26.613,26.618,26.613,26.607,26.597,26.597,26.581,26.576,26.561,26.55,26.535,26.535,26.529,26.529,26.529,26.524,26.519,26.519,26.514,26.508,26.503,26.498,26.493,26.488,26.488,26.488,26.493,26.498,26.498,26.498,26.498,26.493,26.488,26.482,26.477,26.472,26.472,26.472,26.477,26.482,26.482,26.482,26.472,26.467,26.462,26.462,26.467,26.467,26.472,26.472,26.467,26.462,26.462,26.456,26.462,26.467,26.472,26.477,26.472,26.472,26.467,26.462,26.451,26.441,26.435,26.425,26.42,26.42,26.409,26.409,26.404,26.399,26.399,26.394,26.389,26.378,26.378,26.378,26.378,26.378,26.378,26.373,26.362,26.357,26.352,26.352,26.357,26.357,26.368,26.368
,26.67,26.665,26.665,26.665,26.67,26.675,26.675,26.67,26.67,26.665,26.665,26.675,26.686,26.706,26.717,26.722,26.732,26.738,26.743,26.743,26.748,26.758,26.764,26.774,26.774,26.774,26.774,26.769,26.764,26.753,26.784,26.66,26.106,25.923,25.671,25.455,25.482,25.513,25.724,26.289,26.399,26.592,26.607,26.654,26.68,26.691,26.696,26.696,26.691,26.691,26.696,26.701,26.701,26.696,26.696,26.691,26.691,26.686,26.68,26.675,26.665,26.649,26.639,26.628,26.613,26.597,26.597,26.581,26.581,26.576,26.581,26.587,26.592,26.607,26.613,26.618,26.623,26.623,26.628,26.628,26.628,26.634,26.639,26.649,26.654,26.665,26.66,26.665,26.665,26.665,26.665,26.66,26.644,26.634,26.623,26.607,26.602,26.587,26.581,26.571,26.561,26.561,26.55,26.555,26.561,26.561,26.566,26.571,26.576,26.576,26.571,26.566,26.561,26.55,26.535,26.524,26.508,26.503,26.503,26.498,26.498,26.503,26.498,26.508,26.514,26.524,26.529,26.529,26.54,26.545,26.55,26.555,26.555,26.555,26.555,26.54,26.54,26.54,26.545,26.55,26.555,26.561,26.561,26.561,26.555,26.555,26.55,26.55,26.55,26.55,26.55,26.55,26.55,26.55,26.55,26.55,26.555,26.555,26.55,26.545,26.54,26.529,26.519,26.514,26.514,26.508,26.514,26.503,26.508,26.503,26.503,26.503,26.498,26.498,26.488,26.488,26.482,26.477,26.482,26.482,26.493,26.488,26.488,26.477,26.477,26.467,26.462,26.462,26.456,26.462,26.472,26.472,26.472,26.472,26.467,26.456,26.451,26.446,26.446,26.446,26.451,26.451,26.456,26.462,26.472,26.482,26.488,26.488,26.488,26.477,26.477,26.477,26.477,26.482,26.488,26.482,26.477,26.472,26.462,26.462,26.462,26.467,26.472,26.482,26.482,26.488,26.488,26.493,26.503,26.508,26.519,26.519,26.529,26.524,26.524,26.514,26.508,26.488,26.462,26.42,26.357,26.331,26.258,25.928,25.476,25.35,25.339,25.318,25.26,25.266,25.503,26.159,26.253,26.3,26.336,26.389,26.43,26.472,26.493,26.519,26.524,26.529,26.535,26.54,26.545,26.545,26.545,26.55,26.566,26.571,26.587,26.592,26.592,26.597,26.592,26.587,26.587,26.576,26.576,26.571,26.571,26.571,26.571,26.571,26.566,26.566,26.561,26.566,26.566,26.566,26.571,26.581,26.597,26.607,26.607,26.618,26.618,26.607,26.602,26.602,26.592,26.587,26.576,26.561,26.55,26.54,26.54,26.54,26.535,26.535,26.524,26.519,26.519,26.514,26.508,26.508,26.498,26.498,26.498,26.498,26.498,26.503,26.503,26.503,26.498,26.498,26.488,26.482,26.472,26.472,26.472,26.472,26.477,26.482,26.482,26.472,26.472,26.467,26.462,26.467,26.467,26.472,26.477,26.477,26.477,26.467,26.467,26.467,26.467,26.467,26.472,26.472,26.472,26.472,26.462,26.456,26.451,26.446,26.435,26.43,26.425,26.42,26.415,26.415,26.404,26.404,26.399,26.394,26.389,26.383,26.378,26.378,26.378,26.378,26.378,26.373,26.362,26.357,26.357,26.352,26.357,26.352,26.357,26.368
,26.654,26.649,26.649,26.644,26.649,26.654,26.66,26.66,26.66,26.654,26.66,26.665,26.68,26.691,26.701,26.717,26.722,26.722,26.727,26.727,26.732,26.738,26.748,26.748,26.753,26.753,26.748,26.748,26.732,26.712,26.748,26.54,26.467,25.823,25.671,25.445,25.324,25.382,25.466,25.86,26.248,26.571,26.613,26.634,26.634,26.649,26.66,26.665,26.67,26.67,26.675,26.68,26.686,26.686,26.686,26.686,26.686,26.686,26.675,26.67,26.665,26.654,26.644,26.628,26.613,26.597,26.587,26.576,26.576,26.571,26.571,26.576,26.581,26.587,26.592,26.602,26.607,26.607,26.613,26.618,26.623,26.634,26.634,26.644,26.649,26.649,26.649,26.654,26.654,26.66,26.66,26.654,26.649,26.634,26.618,26.613,26.597,26.592,26.581,26.566,26.555,26.555,26.555,26.555,26.561,26.566,26.566,26.571,26.571,26.571,26.566,26.571,26.561,26.55,26.54,26.524,26.514,26.498,26.498,26.498,26.493,26.488,26.488,26.493,26.498,26.503,26.508,26.514,26.524,26.535,26.54,26.545,26.545,26.55,26.545,26.54,26.529,26.529,26.54,26.545,26.55,26.555,26.555,26.555,26.555,26.55,26.545,26.545,26.54,26.54,26.54,26.54,26.54,26.54,26.545,26.55,26.555,26.555,26.55,26.545,26.54,26.529,26.519,26.514,26.508,26.503,26.503,26.498,26.498,26.498,26.498,26.498,26.498,26.493,26.488,26.482,26.477,26.472,26.472,26.482,26.482,26.482,26.482,26.477,26.467,26.462,26.456,26.456,26.456,26.456,26.462,26.467,26.467,26.467,26.462,26.456,26.451,26.446,26.441,26.435,26.441,26.441,26.446,26.446,26.456,26.467,26.472,26.477,26.477,26.472,26.472,26.477,26.477,26.482,26.482,26.477,26.472,26.467,26.456,26.456,26.456,26.462,26.467,26.477,26.488,26.488,26.493,26.488,26.498,26.508,26.514,26.519,26.524,26.524,26.524,26.524,26.514,26.503,26.472,26.425,26.389,26.321,26.237,26.07,25.471,25.334,25.366,25.334,25.324,25.245,25.339,26.049,26.232,26.268,26.321,26.383,26.42,26.472,26.493,26.508,26.519,26.524,26.529,26.529,26.54,26.54,26.545,26.54,26.555,26.566,26.571,26.581,26.587,26.587,26.581,26.581,26.576,26.571,26.571,26.566,26.566,26.566,26.566,26.571,26.566,26.561,26.555,26.555,26.555,26.566,26.571,26.576,26.587,26.597,26.613,26.618,26.618,26.607,26.602,26.597,26.597,26.592,26.576,26.566,26.561,26.555,26.545,26.545,26.54,26.529,26.529,26.524,26.519,26.519,26.514,26.514,26.508,26.508,26.503,26.508,26.508,26.508,26.508,26.508,26.498,26.493,26.482,26.477,26.472,26.477,26.477,26.477,26.482,26.482,26.482,26.477,26.472,26.472,26.467,26.467,26.472,26.472,26.477,26.477,26.477,26.477,26.472,26.467,26.467,26.462,26.467,26.467,26.472,26.467,26.462,26.456,26.451,26.446,26.441,26.43,26.425,26.42,26.415,26.415,26.409,26.409,26.404,26.399,26.394,26.383,26.378,26.378,26.378,26.378,26.378,26.368,26.362,26.357,26.352,26.352,26.357,26.357,26.362,26.373
,26.639,26.634,26.634,26.634,26.634,26.639,26.644,26.644,26.639,26.644,26.649,26.654,26.665,26.68,26.691,26.706,26.717,26.722,26.717,26.712,26.722,26.727,26.727,26.738,26.743,26.738,26.738,26.727,26.722,26.701,26.696,26.769,26.566,26.101,25.802,25.429,25.413,25.429,25.445,25.482,26.232,26.404,26.524,26.555,26.587,26.618,26.623,26.634,26.644,26.649,26.66,26.67,26.67,26.67,26.67,26.67,26.675,26.675,26.675,26.665,26.66,26.654,26.644,26.634,26.618,26.597,26.587,26.571,26.566,26.561,26.561,26.566,26.566,26.571,26.581,26.587,26.587,26.592,26.597,26.602,26.607,26.623,26.628,26.639,26.639,26.639,26.639,26.644,26.644,26.649,26.649,26.649,26.644,26.628,26.623,26.613,26.602,26.597,26.581,26.566,26.555,26.555,26.555,26.555,26.561,26.566,26.566,26.571,26.571,26.571,26.571,26.566,26.561,26.55,26.54,26.524,26.514,26.503,26.498,26.493,26.488,26.482,26.482,26.477,26.482,26.493,26.498,26.503,26.508,26.514,26.529,26.535,26.535,26.535,26.535,26.529,26.524,26.524,26.529,26.535,26.545,26.545,26.55,26.55,26.55,26.55,26.54,26.535,26.535,26.529,26.524,26.524,26.529,26.529,26.535,26.55,26.55,26.55,26.55,26.545,26.535,26.529,26.519,26.514,26.508,26.503,26.498,26.493,26.493,26.493,26.493,26.498,26.498,26.498,26.488,26.482,26.477,26.472,26.472,26.472,26.472,26.472,26.472,26.467,26.467,26.456,26.456,26.451,26.451,26.456,26.462,26.462,26.462,26.456,26.456,26.451,26.451,26.435,26.435,26.425,26.425,26.425,26.43,26.43,26.441,26.451,26.456,26.462,26.467,26.472,26.467,26.472,26.477,26.477,26.477,26.477,26.472,26.462,26.456,26.451,26.451,26.456,26.467,26.477,26.482,26.488,26.488,26.488,26.493,26.498,26.508,26.514,26.519,26.519,26.524,26.519,26.514,26.498,26.477,26.43,26.404,26.378,26.31,26.059,25.429,25.292,25.345,25.271,25.276,25.26,25.355,26.007,26.2,26.221,26.295,26.368,26.415,26.456,26.488,26.508,26.514,26.519,26.524,26.529,26.529,26.529,26.535,26.54,26.545,26.555,26.561,26.571,26.576,26.571,26.571,26.566,26.566,26.561,26.561,26.561,26.561,26.561,26.566,26.561,26.561,26.555,26.555,26.555,26.55,26.555,26.561,26.571,26.587,26.592,26.607,26.607,26.607,26.607,26.597,26.597,26.592,26.592,26.581,26.571,26.566,26.555,26.555,26.555,26.545,26.54,26.535,26.524,26.524,26.519,26.519,26.519,26.519,26.514,26.514,26.514,26.514,26.514,26.508,26.503,26.498,26.488,26.477,26.472,26.477,26.477,26.477,26.482,26.482,26.482,26.482,26.477,26.472,26.472,26.472,26.472,26.472,26.472,26.477,26.477,26.477,26.477,26.472,26.472,26.467,26.467,26.467,26.462,26.467,26.462,26.462,26.456,26.451,26.446,26.441,26.43,26.425,26.425,26.42,26.415,26.415,26.409,26.404,26.399,26.394,26.389,26.383,26.378,26.373,26.378,26.373,26.368,26.362,26.357,26.352,26.357,26.357,26.362,26.373,26.378
,26.623,26.623,26.618,26.623,26.623,26.628,26.634,26.628,26.634,26.634,26.639,26.644,26.649,26.67,26.68,26.691,26.701,26.706,26.696,26.701,26.706,26.712,26.717,26.722,26.722,26.722,26.717,26.706,26.701,26.686,26.686,26.696,26.675,26.425,25.834,25.445,25.476,25.339,25.334,25.471,26.075,26.472,26.493,26.545,26.545,26.571,26.587,26.607,26.623,26.634,26.639,26.649,26.66,26.66,26.66,26.665,26.665,26.665,26.665,26.665,26.66,26.654,26.644,26.634,26.618,26.602,26.592,26.576,26.566,26.561,26.555,26.555,26.555,26.561,26.566,26.566,26.576,26.576,26.581,26.587,26.592,26.602,26.607,26.613,26.623,26.618,26.628,26.623,26.634,26.634,26.634,26.634,26.628,26.623,26.618,26.613,26.602,26.597,26.581,26.561,26.555,26.55,26.55,26.55,26.561,26.566,26.571,26.571,26.571,26.571,26.571,26.561,26.555,26.55,26.54,26.524,26.514,26.508,26.503,26.498,26.488,26.482,26.477,26.472,26.472,26.477,26.488,26.493,26.498,26.503,26.514,26.524,26.524,26.524,26.524,26.519,26.514,26.514,26.514,26.524,26.535,26.54,26.545,26.545,26.545,26.54,26.529,26.524,26.524,26.514,26.514,26.514,26.514,26.524,26.529,26.535,26.54,26.545,26.545,26.54,26.535,26.535,26.519,26.514,26.503,26.498,26.493,26.493,26.488,26.493,26.493,26.493,26.493,26.493,26.488,26.482,26.472,26.467,26.456,26.456,26.462,26.467,26.472,26.462,26.462,26.456,26.451,26.451,26.451,26.451,26.451,26.451,26.451,26.451,26.446,26.446,26.441,26.43,26.43,26.425,26.42,26.415,26.415,26.425,26.43,26.435,26.446,26.446,26.451,26.462,26.467,26.467,26.472,26.472,26.477,26.477,26.467,26.456,26.446,26.446,26.446,26.451,26.467,26.472,26.482,26.482,26.482,26.482,26.488,26.488,26.498,26.508,26.514,26.519,26.519,26.519,26.514,26.498,26.477,26.451,26.42,26.352,26.284,26.195,25.508,25.276,25.345,25.281,25.245,25.155,25.25,25.939,26.08,26.227,26.289,26.357,26.409,26.451,26.482,26.493,26.508,26.514,26.519,26.524,26.524,26.524,26.529,26.529,26.535,26.54,26.55,26.555,26.555,26.555,26.55,26.55,26.55,26.55,26.55,26.55,26.55,26.555,26.561,26.555,26.555,26.555,26.545,26.545,26.55,26.545,26.55,26.561,26.576,26.581,26.597,26.597,26.597,26.597,26.592,26.597,26.592,26.587,26.581,26.571,26.566,26.561,26.561,26.561,26.55,26.545,26.54,26.529,26.524,26.524,26.524,26.524,26.529,26.524,26.519,26.519,26.519,26.508,26.503,26.498,26.488,26.482,26.472,26.477,26.472,26.472,26.477,26.482,26.477,26.482,26.477,26.477,26.477,26.472,26.472,26.472,26.472,26.472,26.477,26.477,26.472,26.472,26.472,26.467,26.462,26.462,26.462,26.456,26.462,26.462,26.462,26.456,26.451,26.446,26.441,26.425,26.425,26.42,26.415,26.415,26.415,26.415,26.409,26.399,26.394,26.389,26.383,26.378,26.373,26.378,26.368,26.368,26.357,26.352,26.352,26.352,26.357,26.362,26.373,26.383
,26.613,26.613,26.613,26.613,26.618,26.618,26.618,26.618,26.618,26.618,26.623,26.634,26.639,26.654,26.665,26.68,26.675,26.665,26.675,26.68,26.686,26.691,26.701,26.706,26.706,26.706,26.701,26.691,26.686,26.675,26.675,26.68,26.607,26.566,26.091,25.634,25.434,25.334,25.376,25.371,25.545,26.049,26.467,26.472,26.524,26.55,26.555,26.576,26.597,26.618,26.628,26.639,26.644,26.654,26.654,26.654,26.654,26.66,26.66,26.66,26.66,26.654,26.644,26.634,26.623,26.607,26.592,26.576,26.566,26.561,26.555,26.55,26.55,26.55,26.555,26.561,26.555,26.561,26.566,26.571,26.581,26.581,26.592,26.602,26.602,26.607,26.613,26.607,26.613,26.618,26.623,26.623,26.623,26.618,26.613,26.613,26.602,26.597,26.576,26.561,26.555,26.545,26.55,26.555,26.561,26.566,26.571,26.571,26.571,26.571,26.566,26.555,26.555,26.545,26.54,26.524,26.514,26.503,26.498,26.493,26.488,26.477,26.472,26.467,26.467,26.472,26.477,26.477,26.482,26.493,26.493,26.503,26.503,26.503,26.503,26.498,26.498,26.493,26.503,26.508,26.519,26.524,26.535,26.529,26.529,26.529,26.524,26.519,26.508,26.503,26.498,26.503,26.503,26.508,26.514,26.524,26.529,26.529,26.535,26.535,26.529,26.524,26.519,26.514,26.503,26.498,26.493,26.493,26.488,26.488,26.488,26.488,26.488,26.488,26.488,26.477,26.467,26.456,26.451,26.451,26.451,26.451,26.456,26.456,26.456,26.456,26.451,26.446,26.446,26.446,26.446,26.446,26.446,26.441,26.441,26.441,26.435,26.43,26.425,26.42,26.409,26.409,26.409,26.409,26.42,26.42,26.43,26.441,26.446,26.451,26.456,26.456,26.462,26.467,26.477,26.467,26.462,26.451,26.441,26.441,26.441,26.446,26.462,26.467,26.472,26.477,26.477,26.477,26.477,26.482,26.493,26.493,26.508,26.514,26.519,26.514,26.514,26.498,26.477,26.456,26.43,26.394,26.284,26.279,25.671,25.26,25.276,25.276,25.234,25.144,25.15,25.555,26.106,26.221,26.3,26.342,26.394,26.435,26.467,26.482,26.498,26.508,26.514,26.519,26.519,26.519,26.519,26.524,26.529,26.535,26.535,26.545,26.54,26.535,26.535,26.529,26.529,26.529,26.535,26.54,26.545,26.55,26.55,26.55,26.55,26.545,26.545,26.54,26.54,26.54,26.54,26.55,26.561,26.571,26.581,26.587,26.587,26.587,26.587,26.581,26.581,26.581,26.581,26.571,26.571,26.566,26.566,26.566,26.561,26.55,26.545,26.529,26.529,26.529,26.529,26.524,26.529,26.529,26.524,26.524,26.519,26.508,26.503,26.498,26.493,26.482,26.477,26.472,26.472,26.477,26.477,26.482,26.477,26.482,26.477,26.482,26.482,26.477,26.477,26.482,26.482,26.472,26.477,26.472,26.472,26.467,26.467,26.467,26.462,26.456,26.456,26.456,26.456,26.456,26.456,26.456,26.451,26.456,26.441,26.435,26.425,26.42,26.409,26.415,26.409,26.415,26.409,26.409,26.399,26.394,26.389,26.383,26.378,26.378,26.368,26.362,26.357,26.352,26.352,26.352,26.357,26.368,26.378,26.389
,26.602,26.602,26.602,26.602,26.602,26.607,26.613,26.613,26.607,26.607,26.607,26.618,26.623,26.634,26.639,26.649,26.654,26.654,26.66,26.66,26.67,26.675,26.68,26.691,26.691,26.696,26.686,26.68,26.67,26.67,26.66,26.639,26.581,26.54,26.378,25.729,25.371,25.308,25.255,25.345,25.403,25.797,26.352,26.545,26.524,26.514,26.524,26.55,26.571,26.592,26.613,26.623,26.634,26.644,26.639,26.644,26.644,26.644,26.649,26.654,26.66,26.649,26.644,26.634,26.623,26.613,26.592,26.581,26.566,26.561,26.555,26.55,26.545,26.545,26.545,26.55,26.55,26.545,26.55,26.555,26.561,26.571,26.581,26.581,26.587,26.592,26.592,26.592,26.597,26.602,26.607,26.613,26.613,26.613,26.607,26.607,26.602,26.592,26.581,26.566,26.555,26.545,26.55,26.55,26.555,26.566,26.566,26.571,26.571,26.566,26.566,26.555,26.55,26.54,26.529,26.519,26.508,26.503,26.503,26.493,26.482,26.477,26.472,26.462,26.462,26.467,26.472,26.472,26.477,26.482,26.482,26.488,26.488,26.493,26.488,26.488,26.477,26.477,26.482,26.493,26.503,26.514,26.519,26.524,26.519,26.519,26.508,26.503,26.493,26.493,26.493,26.498,26.498,26.503,26.514,26.514,26.519,26.524,26.524,26.524,26.524,26.519,26.514,26.508,26.503,26.498,26.488,26.488,26.482,26.477,26.477,26.482,26.482,26.482,26.472,26.467,26.456,26.446,26.435,26.435,26.435,26.441,26.441,26.446,26.451,26.446,26.441,26.441,26.435,26.435,26.441,26.435,26.435,26.435,26.435,26.43,26.435,26.425,26.42,26.409,26.404,26.404,26.404,26.404,26.409,26.415,26.42,26.425,26.435,26.435,26.446,26.451,26.456,26.462,26.472,26.467,26.462,26.446,26.441,26.435,26.435,26.435,26.451,26.462,26.467,26.467,26.467,26.467,26.467,26.472,26.477,26.488,26.498,26.508,26.514,26.514,26.508,26.498,26.482,26.462,26.425,26.378,26.352,26.18,25.808,25.292,25.255,25.287,25.266,25.16,25.107,25.445,26.106,26.232,26.295,26.326,26.378,26.42,26.451,26.472,26.488,26.498,26.508,26.508,26.508,26.508,26.514,26.519,26.519,26.524,26.524,26.529,26.529,26.524,26.519,26.519,26.519,26.519,26.524,26.529,26.535,26.54,26.545,26.545,26.545,26.54,26.54,26.535,26.529,26.529,26.535,26.545,26.55,26.561,26.566,26.566,26.571,26.571,26.571,26.571,26.576,26.576,26.576,26.571,26.571,26.566,26.571,26.571,26.566,26.555,26.55,26.54,26.529,26.524,26.529,26.529,26.529,26.529,26.524,26.524,26.519,26.508,26.503,26.498,26.488,26.482,26.477,26.472,26.467,26.472,26.477,26.477,26.477,26.482,26.477,26.477,26.477,26.477,26.477,26.482,26.482,26.477,26.472,26.467,26.467,26.462,26.462,26.456,26.462,26.456,26.451,26.446,26.451,26.451,26.456,26.456,26.456,26.451,26.441,26.425,26.425,26.415,26.409,26.409,26.415,26.415,26.409,26.409,26.399,26.394,26.389,26.383,26.378,26.378,26.368,26.362,26.357,26.352,26.352,26.347,26.357,26.368,26.378,26.383
,26.597,26.592,26.592,26.597,26.597,26.597,26.597,26.602,26.602,26.597,26.597,26.607,26.602,26.618,26.623,26.634,26.639,26.644,26.649,26.649,26.654,26.66,26.67,26.675,26.68,26.675,26.675,26.67,26.665,26.654,26.649,26.644,26.623,26.566,26.389,25.923,25.608,25.44,25.26,25.35,25.334,25.703,26.091,26.373,26.43,26.456,26.493,26.519,26.545,26.566,26.592,26.607,26.623,26.628,26.628,26.628,26.634,26.639,26.644,26.649,26.649,26.644,26.639,26.634,26.623,26.613,26.602,26.581,26.571,26.561,26.55,26.545,26.545,26.545,26.54,26.54,26.54,26.535,26.545,26.545,26.545,26.555,26.561,26.566,26.571,26.576,26.576,26.581,26.581,26.587,26.592,26.597,26.602,26.602,26.602,26.602,26.597,26.592,26.581,26.561,26.555,26.545,26.545,26.545,26.55,26.561,26.561,26.566,26.566,26.566,26.555,26.55,26.54,26.535,26.524,26.519,26.503,26.503,26.498,26.493,26.482,26.477,26.472,26.462,26.467,26.467,26.467,26.467,26.472,26.472,26.472,26.477,26.477,26.477,26.472,26.467,26.467,26.467,26.472,26.472,26.488,26.498,26.508,26.503,26.503,26.503,26.498,26.493,26.488,26.488,26.488,26.493,26.498,26.498,26.508,26.503,26.514,26.508,26.514,26.514,26.514,26.514,26.508,26.498,26.498,26.488,26.482,26.482,26.477,26.482,26.472,26.472,26.477,26.472,26.467,26.456,26.446,26.435,26.435,26.43,26.43,26.435,26.435,26.441,26.441,26.441,26.435,26.435,26.435,26.43,26.43,26.43,26.43,26.43,26.43,26.43,26.43,26.425,26.415,26.404,26.399,26.399,26.399,26.399,26.404,26.409,26.409,26.415,26.42,26.425,26.435,26.446,26.451,26.456,26.462,26.462,26.456,26.446,26.441,26.435,26.435,26.435,26.446,26.451,26.456,26.462,26.456,26.456,26.456,26.456,26.467,26.477,26.488,26.498,26.508,26.503,26.508,26.498,26.482,26.467,26.441,26.425,26.383,26.357,25.986,25.266,25.229,25.223,25.229,25.15,25.054,25.329,26.028,26.106,26.268,26.331,26.357,26.399,26.43,26.451,26.467,26.482,26.488,26.493,26.498,26.503,26.498,26.503,26.508,26.514,26.514,26.514,26.514,26.508,26.508,26.498,26.503,26.503,26.508,26.519,26.524,26.529,26.54,26.54,26.54,26.54,26.535,26.529,26.529,26.524,26.529,26.529,26.54,26.545,26.55,26.555,26.555,26.555,26.555,26.561,26.561,26.566,26.566,26.566,26.566,26.571,26.576,26.576,26.576,26.566,26.555,26.545,26.535,26.535,26.529,26.529,26.529,26.529,26.524,26.524,26.519,26.514,26.508,26.498,26.493,26.488,26.482,26.477,26.472,26.472,26.477,26.472,26.477,26.482,26.477,26.477,26.477,26.482,26.488,26.488,26.482,26.482,26.477,26.472,26.467,26.462,26.462,26.451,26.456,26.451,26.446,26.446,26.446,26.451,26.456,26.456,26.456,26.451,26.441,26.425,26.425,26.415,26.409,26.415,26.415,26.415,26.409,26.404,26.404,26.394,26.389,26.389,26.383,26.378,26.368,26.368,26.357,26.352,26.347,26.352,26.362,26.368,26.378,26.389
,26.597,26.597,26.592,26.592,26.592,26.592,26.592,26.592,26.587,26.587,26.587,26.592,26.592,26.602,26.602,26.613,26.623,26.623,26.628,26.634,26.634,26.639,26.644,26.654,26.66,26.66,26.66,26.66,26.649,26.644,26.639,26.618,26.634,26.587,26.488,26.101,25.597,25.408,25.26,25.266,25.276,25.376,25.996,26.248,26.331,26.394,26.441,26.482,26.519,26.54,26.566,26.581,26.597,26.602,26.613,26.613,26.618,26.623,26.628,26.634,26.634,26.628,26.623,26.623,26.618,26.607,26.602,26.587,26.576,26.566,26.555,26.545,26.545,26.54,26.535,26.535,26.529,26.529,26.529,26.529,26.535,26.545,26.545,26.55,26.555,26.555,26.561,26.566,26.571,26.576,26.587,26.587,26.592,26.597,26.597,26.597,26.597,26.587,26.576,26.561,26.55,26.545,26.54,26.545,26.545,26.55,26.555,26.561,26.561,26.561,26.555,26.545,26.535,26.524,26.519,26.508,26.498,26.493,26.488,26.488,26.477,26.477,26.472,26.467,26.467,26.467,26.467,26.467,26.467,26.467,26.467,26.467,26.467,26.462,26.456,26.456,26.456,26.456,26.456,26.462,26.472,26.482,26.493,26.493,26.488,26.488,26.477,26.482,26.482,26.477,26.488,26.493,26.493,26.493,26.498,26.498,26.503,26.503,26.503,26.508,26.503,26.498,26.498,26.493,26.488,26.482,26.477,26.477,26.472,26.472,26.472,26.467,26.472,26.462,26.456,26.446,26.435,26.43,26.425,26.425,26.425,26.43,26.43,26.43,26.43,26.43,26.435,26.43,26.425,26.425,26.43,26.425,26.425,26.425,26.425,26.425,26.43,26.42,26.415,26.404,26.399,26.399,26.399,26.399,26.399,26.404,26.404,26.409,26.42,26.42,26.43,26.435,26.446,26.456,26.462,26.462,26.456,26.451,26.441,26.43,26.43,26.435,26.441,26.446,26.446,26.451,26.451,26.446,26.451,26.456,26.462,26.472,26.482,26.488,26.498,26.498,26.498,26.493,26.482,26.467,26.435,26.409,26.389,26.18,26.033,25.361,25.234,25.255,25.176,25.171,25.081,25.197,26.059,26.18,26.258,26.284,26.336,26.373,26.409,26.43,26.451,26.467,26.472,26.482,26.488,26.493,26.493,26.493,26.503,26.503,26.508,26.508,26.503,26.498,26.493,26.493,26.493,26.498,26.503,26.508,26.514,26.524,26.535,26.535,26.54,26.535,26.529,26.529,26.524,26.519,26.519,26.524,26.535,26.535,26.54,26.545,26.545,26.545,26.545,26.545,26.55,26.555,26.555,26.566,26.566,26.571,26.581,26.581,26.576,26.566,26.555,26.55,26.54,26.535,26.529,26.524,26.524,26.519,26.519,26.519,26.514,26.508,26.503,26.498,26.493,26.488,26.488,26.482,26.472,26.477,26.477,26.477,26.482,26.482,26.477,26.477,26.482,26.488,26.488,26.493,26.488,26.488,26.482,26.472,26.467,26.462,26.456,26.451,26.451,26.451,26.446,26.441,26.446,26.451,26.451,26.456,26.456,26.451,26.441,26.43,26.425,26.42,26.415,26.415,26.415,26.409,26.409,26.404,26.399,26.394,26.394,26.389,26.383,26.383,26.368,26.368,26.357,26.357,26.352,26.352,26.362,26.368,26.373,26.383
,26.592,26.592,26.592,26.587,26.587,26.587,26.587,26.581,26.581,26.576,26.576,26.581,26.587,26.592,26.597,26.607,26.607,26.613,26.618,26.618,26.623,26.623,26.628,26.634,26.639,26.649,26.649,26.644,26.639,26.628,26.628,26.618,26.597,26.592,26.561,26.435,25.954,25.455,25.303,25.234,25.26,25.245,25.397,26.033,26.221,26.352,26.394,26.451,26.482,26.514,26.54,26.555,26.566,26.581,26.587,26.587,26.602,26.607,26.618,26.613,26.618,26.613,26.618,26.613,26.607,26.607,26.597,26.592,26.576,26.566,26.555,26.55,26.545,26.54,26.54,26.535,26.524,26.519,26.519,26.519,26.524,26.529,26.535,26.535,26.54,26.54,26.545,26.555,26.555,26.566,26.576,26.581,26.587,26.592,26.592,26.592,26.587,26.576,26.566,26.555,26.545,26.535,26.535,26.535,26.54,26.545,26.545,26.55,26.55,26.545,26.545,26.535,26.535,26.524,26.514,26.498,26.493,26.488,26.477,26.477,26.472,26.472,26.472,26.472,26.467,26.467,26.467,26.467,26.462,26.462,26.456,26.456,26.451,26.451,26.446,26.441,26.441,26.446,26.441,26.451,26.462,26.467,26.477,26.477,26.467,26.467,26.462,26.467,26.467,26.477,26.477,26.488,26.488,26.493,26.493,26.493,26.493,26.493,26.493,26.493,26.493,26.488,26.482,26.482,26.477,26.472,26.462,26.462,26.467,26.467,26.467,26.462,26.462,26.456,26.446,26.441,26.43,26.425,26.425,26.425,26.425,26.43,26.425,26.425,26.43,26.43,26.425,26.43,26.43,26.425,26.43,26.43,26.43,26.43,26.425,26.425,26.425,26.42,26.409,26.404,26.404,26.399,26.399,26.394,26.399,26.404,26.404,26.404,26.409,26.415,26.425,26.43,26.441,26.451,26.456,26.462,26.462,26.446,26.441,26.43,26.43,26.43,26.435,26.435,26.441,26.441,26.441,26.441,26.446,26.451,26.462,26.467,26.477,26.482,26.493,26.498,26.498,26.493,26.482,26.467,26.446,26.399,26.31,26.315,26.2,25.534,25.26,25.192,25.165,25.155,25.123,25.144,25.986,26.08,26.211,26.274,26.315,26.357,26.394,26.42,26.435,26.451,26.462,26.467,26.477,26.482,26.488,26.488,26.493,26.498,26.503,26.503,26.498,26.488,26.488,26.482,26.493,26.488,26.493,26.498,26.508,26.519,26.524,26.535,26.529,26.535,26.529,26.529,26.524,26.519,26.519,26.524,26.529,26.535,26.535,26.535,26.535,26.54,26.54,26.535,26.545,26.545,26.555,26.561,26.566,26.571,26.581,26.581,26.576,26.571,26.561,26.55,26.54,26.535,26.535,26.524,26.519,26.519,26.514,26.519,26.508,26.508,26.503,26.503,26.498,26.498,26.488,26.482,26.482,26.482,26.482,26.482,26.482,26.482,26.482,26.482,26.482,26.493,26.493,26.498,26.493,26.493,26.482,26.472,26.467,26.462,26.456,26.451,26.451,26.451,26.446,26.441,26.441,26.451,26.451,26.456,26.451,26.446,26.441,26.43,26.425,26.425,26.425,26.42,26.415,26.409,26.409,26.404,26.394,26.399,26.399,26.394,26.389,26.383,26.378,26.368,26.357,26.357,26.357,26.357,26.362,26.368,26.373,26.378
,26.592,26.592,26.587,26.587,26.581,26.581,26.576,26.576,26.576,26.571,26.571,26.576,26.576,26.581,26.592,26.592,26.597,26.602,26.602,26.607,26.602,26.607,26.613,26.618,26.628,26.628,26.634,26.634,26.623,26.623,26.618,26.613,26.592,26.587,26.555,26.508,26.232,25.618,25.313,25.26,25.223,25.266,25.419,25.823,26.232,26.383,26.394,26.409,26.462,26.488,26.514,26.529,26.54,26.555,26.566,26.576,26.581,26.587,26.597,26.602,26.602,26.602,26.602,26.597,26.597,26.602,26.597,26.592,26.581,26.571,26.561,26.55,26.545,26.54,26.535,26.529,26.524,26.514,26.514,26.514,26.508,26.508,26.519,26.519,26.519,26.524,26.524,26.535,26.545,26.55,26.566,26.571,26.581,26.581,26.587,26.581,26.576,26.566,26.561,26.545,26.535,26.529,26.524,26.529,26.529,26.529,26.535,26.54,26.535,26.535,26.535,26.529,26.524,26.519,26.508,26.493,26.488,26.477,26.472,26.472,26.467,26.467,26.467,26.467,26.467,26.467,26.467,26.462,26.462,26.456,26.451,26.446,26.446,26.446,26.441,26.435,26.435,26.43,26.435,26.441,26.446,26.456,26.456,26.451,26.446,26.446,26.446,26.446,26.451,26.456,26.467,26.477,26.482,26.482,26.482,26.488,26.488,26.488,26.482,26.482,26.477,26.477,26.472,26.467,26.462,26.456,26.451,26.451,26.456,26.462,26.462,26.456,26.456,26.446,26.441,26.435,26.425,26.42,26.425,26.425,26.43,26.425,26.425,26.425,26.43,26.425,26.425,26.425,26.425,26.425,26.425,26.425,26.425,26.43,26.425,26.425,26.43,26.415,26.409,26.404,26.404,26.404,26.399,26.399,26.399,26.404,26.399,26.404,26.404,26.409,26.415,26.43,26.441,26.446,26.456,26.462,26.456,26.451,26.441,26.43,26.43,26.425,26.43,26.43,26.43,26.435,26.435,26.435,26.441,26.451,26.456,26.462,26.472,26.482,26.493,26.498,26.493,26.498,26.482,26.467,26.451,26.409,26.368,26.326,26.268,25.445,25.276,25.15,25.181,25.223,25.134,25.123,25.713,26.059,26.206,26.268,26.315,26.347,26.373,26.404,26.42,26.435,26.451,26.462,26.467,26.472,26.477,26.482,26.488,26.493,26.498,26.498,26.493,26.488,26.482,26.482,26.482,26.488,26.493,26.498,26.503,26.514,26.524,26.529,26.529,26.529,26.529,26.529,26.524,26.524,26.524,26.529,26.529,26.529,26.535,26.529,26.529,26.529,26.524,26.529,26.535,26.545,26.545,26.561,26.561,26.571,26.576,26.581,26.576,26.571,26.561,26.555,26.545,26.54,26.535,26.524,26.524,26.519,26.519,26.519,26.514,26.508,26.508,26.508,26.503,26.498,26.493,26.488,26.493,26.488,26.488,26.493,26.482,26.488,26.488,26.488,26.493,26.493,26.493,26.493,26.498,26.493,26.488,26.477,26.472,26.462,26.462,26.456,26.451,26.446,26.446,26.446,26.441,26.446,26.451,26.451,26.451,26.446,26.435,26.43,26.425,26.43,26.425,26.42,26.415,26.409,26.404,26.404,26.399,26.399,26.399,26.399,26.394,26.389,26.378,26.373,26.362,26.357,26.352,26.357,26.362,26.368,26.373,26.373
,26.592,26.587,26.581,26.581,26.576,26.571,26.571,26.566,26.566,26.566,26.566,26.566,26.571,26.576,26.581,26.581,26.587,26.587,26.587,26.592,26.592,26.597,26.602,26.607,26.613,26.618,26.623,26.623,26.613,26.613,26.607,26.602,26.597,26.587,26.576,26.535,26.284,25.844,25.403,25.334,25.181,25.234,25.35,25.65,26.085,26.295,26.352,26.373,26.425,26.462,26.488,26.508,26.524,26.54,26.55,26.566,26.571,26.581,26.581,26.587,26.592,26.587,26.581,26.592,26.592,26.597,26.597,26.592,26.581,26.571,26.561,26.555,26.55,26.54,26.535,26.529,26.519,26.514,26.508,26.498,26.498,26.503,26.503,26.503,26.508,26.508,26.519,26.524,26.535,26.54,26.55,26.561,26.576,26.571,26.576,26.571,26.566,26.555,26.545,26.535,26.529,26.524,26.519,26.514,26.514,26.514,26.519,26.519,26.519,26.519,26.519,26.519,26.514,26.508,26.498,26.488,26.482,26.472,26.467,26.462,26.462,26.462,26.456,26.456,26.456,26.456,26.462,26.456,26.456,26.451,26.441,26.446,26.441,26.441,26.43,26.43,26.425,26.425,26.425,26.43,26.435,26.441,26.435,26.435,26.43,26.425,26.425,26.425,26.43,26.441,26.446,26.456,26.467,26.472,26.472,26.482,26.477,26.477,26.477,26.477,26.472,26.467,26.462,26.456,26.446,26.446,26.446,26.446,26.451,26.451,26.456,26.451,26.451,26.441,26.435,26.43,26.42,26.42,26.42,26.425,26.435,26.435,26.435,26.435,26.435,26.43,26.43,26.425,26.43,26.43,26.43,26.43,26.425,26.425,26.43,26.43,26.425,26.42,26.415,26.415,26.409,26.409,26.409,26.409,26.409,26.404,26.399,26.399,26.399,26.404,26.42,26.425,26.435,26.446,26.456,26.456,26.451,26.451,26.441,26.435,26.43,26.425,26.425,26.425,26.43,26.425,26.43,26.435,26.441,26.451,26.456,26.462,26.472,26.482,26.488,26.493,26.498,26.493,26.482,26.472,26.451,26.435,26.43,26.409,26.221,25.844,25.186,25.171,25.171,25.186,25.181,25.139,25.54,26.054,26.248,26.295,26.268,26.336,26.373,26.389,26.409,26.425,26.441,26.456,26.462,26.467,26.472,26.477,26.482,26.488,26.493,26.493,26.493,26.488,26.482,26.482,26.482,26.488,26.493,26.498,26.503,26.508,26.519,26.524,26.529,26.524,26.529,26.529,26.524,26.519,26.524,26.524,26.524,26.524,26.519,26.519,26.514,26.514,26.514,26.519,26.524,26.535,26.545,26.55,26.561,26.571,26.571,26.576,26.571,26.571,26.561,26.555,26.55,26.545,26.535,26.529,26.524,26.524,26.524,26.524,26.519,26.519,26.514,26.508,26.508,26.503,26.498,26.493,26.493,26.493,26.493,26.493,26.488,26.493,26.488,26.488,26.493,26.498,26.503,26.498,26.498,26.493,26.488,26.482,26.477,26.472,26.467,26.456,26.456,26.446,26.446,26.446,26.441,26.446,26.451,26.451,26.446,26.441,26.43,26.43,26.425,26.43,26.43,26.425,26.415,26.409,26.404,26.404,26.404,26.404,26.399,26.404,26.394,26.389,26.383,26.373,26.368,26.357,26.357,26.362,26.368,26.368,26.373,26.373
,26.592,26.587,26.587,26.576,26.571,26.566,26.566,26.561,26.561,26.555,26.555,26.561,26.566,26.566,26.571,26.576,26.576,26.576,26.581,26.581,26.587,26.592,26.597,26.602,26.607,26.613,26.613,26.607,26.607,26.602,26.602,26.602,26.597,26.576,26.592,26.561,26.472,26.19,25.545,25.361,25.181,25.181,25.171,25.308,25.865,26.295,26.315,26.368,26.394,26.435,26.467,26.488,26.508,26.529,26.54,26.555,26.566,26.566,26.576,26.576,26.581,26.576,26.576,26.581,26.581,26.581,26.592,26.587,26.576,26.576,26.566,26.555,26.55,26.545,26.535,26.529,26.524,26.514,26.508,26.498,26.498,26.498,26.498,26.498,26.498,26.503,26.508,26.514,26.524,26.529,26.54,26.55,26.561,26.566,26.566,26.566,26.555,26.545,26.545,26.524,26.524,26.519,26.508,26.508,26.503,26.503,26.503,26.503,26.508,26.503,26.503,26.498,26.503,26.498,26.493,26.482,26.472,26.467,26.462,26.456,26.456,26.451,26.451,26.451,26.451,26.451,26.451,26.446,26.446,26.446,26.435,26.435,26.435,26.435,26.43,26.43,26.42,26.42,26.42,26.425,26.425,26.435,26.425,26.42,26.415,26.409,26.409,26.409,26.415,26.42,26.425,26.441,26.451,26.462,26.462,26.467,26.472,26.472,26.472,26.467,26.462,26.456,26.451,26.446,26.441,26.435,26.435,26.441,26.441,26.446,26.446,26.446,26.441,26.435,26.43,26.425,26.42,26.42,26.42,26.425,26.43,26.435,26.441,26.441,26.435,26.43,26.43,26.43,26.425,26.425,26.43,26.425,26.425,26.43,26.425,26.425,26.43,26.425,26.42,26.415,26.415,26.415,26.409,26.415,26.409,26.404,26.404,26.399,26.399,26.404,26.415,26.42,26.435,26.441,26.456,26.451,26.451,26.451,26.441,26.435,26.43,26.43,26.43,26.43,26.425,26.425,26.425,26.43,26.441,26.451,26.462,26.462,26.472,26.477,26.488,26.493,26.498,26.498,26.488,26.472,26.456,26.446,26.43,26.352,26.284,25.755,25.281,25.181,25.202,25.139,25.144,25.113,25.529,26.017,26.153,26.091,26.347,26.342,26.368,26.383,26.399,26.42,26.435,26.451,26.462,26.467,26.472,26.472,26.482,26.488,26.488,26.488,26.488,26.488,26.488,26.488,26.488,26.493,26.493,26.503,26.503,26.508,26.519,26.519,26.524,26.519,26.524,26.529,26.529,26.524,26.519,26.524,26.519,26.519,26.514,26.508,26.508,26.508,26.508,26.508,26.519,26.524,26.535,26.55,26.555,26.566,26.566,26.571,26.571,26.571,26.561,26.555,26.555,26.55,26.54,26.535,26.529,26.529,26.524,26.519,26.524,26.524,26.519,26.519,26.514,26.508,26.508,26.503,26.493,26.493,26.493,26.493,26.493,26.498,26.493,26.503,26.503,26.503,26.498,26.498,26.503,26.503,26.493,26.488,26.477,26.472,26.467,26.456,26.456,26.446,26.446,26.446,26.441,26.446,26.446,26.446,26.441,26.441,26.435,26.43,26.425,26.43,26.43,26.425,26.415,26.409,26.409,26.404,26.409,26.404,26.404,26.404,26.404,26.399,26.389,26.378,26.373,26.368,26.362,26.362,26.368,26.373,26.373,26.373
,26.592,26.587,26.581,26.576,26.566,26.561,26.555,26.555,26.55,26.55,26.55,26.555,26.555,26.561,26.566,26.566,26.571,26.571,26.571,26.571,26.571,26.576,26.587,26.587,26.592,26.602,26.602,26.602,26.602,26.592,26.597,26.592,26.592,26.576,26.561,26.524,26.524,26.3,25.766,25.434,25.176,25.139,25.15,25.255,25.355,25.928,26.237,26.342,26.357,26.409,26.441,26.467,26.488,26.514,26.535,26.55,26.561,26.566,26.571,26.571,26.566,26.566,26.566,26.571,26.571,26.576,26.581,26.581,26.576,26.571,26.561,26.555,26.55,26.54,26.535,26.529,26.524,26.514,26.508,26.503,26.498,26.493,26.493,26.493,26.488,26.498,26.498,26.508,26.514,26.519,26.524,26.535,26.545,26.55,26.55,26.555,26.55,26.545,26.535,26.524,26.519,26.514,26.508,26.498,26.498,26.488,26.488,26.488,26.488,26.488,26.493,26.493,26.488,26.488,26.482,26.482,26.472,26.462,26.462,26.456,26.451,26.446,26.441,26.435,26.441,26.441,26.441,26.446,26.441,26.435,26.435,26.43,26.435,26.43,26.425,26.42,26.42,26.415,26.415,26.42,26.42,26.42,26.415,26.415,26.404,26.399,26.399,26.399,26.399,26.409,26.415,26.425,26.435,26.446,26.456,26.456,26.467,26.467,26.472,26.467,26.462,26.456,26.451,26.446,26.441,26.435,26.435,26.435,26.441,26.441,26.446,26.446,26.441,26.435,26.43,26.425,26.42,26.42,26.42,26.425,26.43,26.435,26.441,26.441,26.441,26.441,26.43,26.43,26.425,26.42,26.425,26.425,26.43,26.43,26.435,26.435,26.435,26.43,26.425,26.42,26.415,26.415,26.415,26.409,26.409,26.409,26.404,26.399,26.399,26.404,26.415,26.425,26.435,26.441,26.451,26.456,26.451,26.446,26.446,26.435,26.43,26.425,26.425,26.425,26.43,26.43,26.425,26.43,26.435,26.446,26.451,26.462,26.467,26.477,26.488,26.493,26.498,26.498,26.488,26.477,26.462,26.446,26.378,26.352,26.321,26.033,25.266,25.144,25.213,25.186,25.123,25.15,25.492,25.876,26.049,26.248,26.321,26.331,26.368,26.383,26.404,26.42,26.435,26.451,26.462,26.467,26.472,26.472,26.477,26.477,26.488,26.482,26.488,26.488,26.488,26.488,26.488,26.493,26.498,26.498,26.503,26.508,26.514,26.519,26.519,26.524,26.524,26.519,26.529,26.524,26.524,26.519,26.519,26.514,26.508,26.498,26.503,26.498,26.498,26.503,26.514,26.514,26.529,26.54,26.545,26.555,26.561,26.566,26.566,26.566,26.561,26.561,26.555,26.555,26.545,26.545,26.535,26.529,26.529,26.529,26.529,26.524,26.524,26.519,26.514,26.508,26.514,26.503,26.498,26.493,26.493,26.493,26.498,26.503,26.508,26.508,26.508,26.508,26.508,26.508,26.503,26.503,26.493,26.488,26.482,26.472,26.467,26.462,26.451,26.451,26.446,26.446,26.446,26.446,26.446,26.446,26.441,26.435,26.43,26.43,26.425,26.425,26.425,26.42,26.415,26.409,26.409,26.409,26.409,26.415,26.42,26.415,26.409,26.404,26.394,26.389,26.378,26.373,26.373,26.373,26.373,26.373,26.368,26.368
,26.587,26.581,26.576,26.571,26.561,26.555,26.55,26.54,26.54,26.54,26.545,26.54,26.545,26.545,26.555,26.555,26.555,26.561,26.555,26.555,26.561,26.566,26.571,26.581,26.587,26.592,26.597,26.597,26.597,26.592,26.592,26.587,26.581,26.571,26.555,26.545,26.54,26.373,25.918,25.592,25.245,25.15,25.16,25.118,25.234,25.787,26.206,26.284,26.362,26.362,26.425,26.451,26.477,26.503,26.529,26.545,26.555,26.566,26.566,26.566,26.561,26.561,26.561,26.561,26.561,26.571,26.576,26.576,26.576,26.571,26.566,26.555,26.55,26.545,26.54,26.535,26.529,26.514,26.508,26.503,26.498,26.493,26.488,26.493,26.498,26.498,26.498,26.498,26.503,26.508,26.514,26.524,26.524,26.529,26.54,26.54,26.54,26.535,26.529,26.524,26.514,26.514,26.508,26.498,26.488,26.482,26.482,26.482,26.482,26.482,26.477,26.477,26.477,26.477,26.472,26.472,26.467,26.462,26.456,26.446,26.446,26.441,26.43,26.43,26.435,26.435,26.435,26.435,26.425,26.425,26.425,26.43,26.43,26.425,26.42,26.42,26.415,26.415,26.415,26.42,26.415,26.415,26.409,26.399,26.394,26.394,26.389,26.389,26.389,26.394,26.404,26.415,26.425,26.43,26.441,26.451,26.456,26.462,26.467,26.467,26.462,26.451,26.446,26.441,26.441,26.435,26.435,26.435,26.435,26.441,26.446,26.446,26.441,26.435,26.43,26.425,26.415,26.42,26.42,26.425,26.43,26.435,26.435,26.441,26.441,26.435,26.43,26.425,26.425,26.42,26.43,26.425,26.43,26.435,26.435,26.441,26.435,26.43,26.425,26.42,26.415,26.409,26.409,26.404,26.404,26.404,26.404,26.404,26.399,26.404,26.415,26.425,26.435,26.441,26.451,26.456,26.451,26.446,26.441,26.435,26.43,26.43,26.425,26.43,26.43,26.43,26.425,26.43,26.435,26.441,26.446,26.451,26.462,26.467,26.482,26.488,26.493,26.493,26.488,26.477,26.462,26.435,26.43,26.357,26.326,26.075,25.44,25.165,25.297,25.223,25.144,25.134,25.165,26.002,26.232,26.221,26.274,26.336,26.368,26.394,26.409,26.425,26.441,26.456,26.462,26.467,26.472,26.477,26.482,26.477,26.488,26.488,26.488,26.488,26.488,26.493,26.493,26.493,26.498,26.498,26.503,26.508,26.514,26.514,26.519,26.519,26.519,26.529,26.529,26.524,26.519,26.514,26.508,26.508,26.503,26.503,26.498,26.493,26.498,26.503,26.503,26.514,26.519,26.535,26.545,26.55,26.55,26.561,26.555,26.561,26.561,26.555,26.561,26.555,26.55,26.55,26.54,26.535,26.529,26.524,26.529,26.529,26.529,26.524,26.519,26.514,26.514,26.508,26.503,26.498,26.493,26.493,26.503,26.508,26.514,26.514,26.514,26.514,26.514,26.508,26.508,26.503,26.498,26.493,26.482,26.477,26.472,26.462,26.456,26.451,26.446,26.446,26.446,26.441,26.446,26.441,26.441,26.435,26.43,26.425,26.425,26.42,26.415,26.409,26.409,26.404,26.409,26.409,26.42,26.42,26.42,26.42,26.415,26.42,26.404,26.399,26.389,26.383,26.378,26.378,26.378,26.368,26.362,26.362
,26.581,26.576,26.571,26.566,26.561,26.55,26.54,26.535,26.535,26.535,26.535,26.535,26.535,26.535,26.54,26.54,26.545,26.545,26.545,26.545,26.545,26.55,26.555,26.571,26.581,26.592,26.597,26.597,26.587,26.587,26.581,26.576,26.571,26.561,26.55,26.535,26.519,26.508,26.456,25.629,25.329,25.155,25.144,25.165,25.144,25.503,25.944,26.248,26.305,26.357,26.389,26.425,26.462,26.493,26.519,26.535,26.545,26.555,26.561,26.561,26.555,26.55,26.545,26.55,26.561,26.561,26.571,26.576,26.576,26.571,26.566,26.561,26.555,26.55,26.545,26.54,26.529,26.519,26.514,26.503,26.498,26.498,26.498,26.498,26.498,26.498,26.498,26.498,26.498,26.498,26.503,26.503,26.508,26.514,26.519,26.529,26.529,26.529,26.524,26.519,26.514,26.508,26.503,26.488,26.482,26.477,26.477,26.472,26.472,26.472,26.472,26.472,26.472,26.472,26.467,26.467,26.462,26.462,26.451,26.446,26.441,26.43,26.425,26.425,26.42,26.43,26.43,26.425,26.42,26.42,26.42,26.42,26.42,26.42,26.42,26.42,26.409,26.409,26.415,26.409,26.415,26.409,26.404,26.399,26.394,26.394,26.389,26.383,26.383,26.389,26.399,26.404,26.415,26.425,26.425,26.441,26.451,26.456,26.462,26.462,26.462,26.456,26.446,26.446,26.441,26.435,26.43,26.435,26.435,26.435,26.441,26.446,26.441,26.441,26.43,26.43,26.42,26.42,26.42,26.425,26.425,26.43,26.43,26.435,26.435,26.43,26.425,26.425,26.42,26.42,26.43,26.43,26.435,26.435,26.435,26.435,26.435,26.43,26.425,26.415,26.409,26.404,26.399,26.399,26.399,26.399,26.404,26.404,26.404,26.404,26.409,26.42,26.43,26.435,26.446,26.446,26.451,26.446,26.441,26.435,26.43,26.425,26.43,26.43,26.43,26.43,26.43,26.425,26.43,26.435,26.441,26.446,26.456,26.462,26.477,26.488,26.493,26.493,26.488,26.472,26.456,26.435,26.399,26.389,26.3,26.054,25.661,25.128,25.234,25.208,25.15,25.128,25.213,25.813,26.112,26.237,26.253,26.331,26.378,26.399,26.42,26.435,26.446,26.456,26.472,26.477,26.482,26.482,26.482,26.482,26.488,26.488,26.488,26.493,26.493,26.493,26.493,26.488,26.493,26.498,26.498,26.508,26.514,26.508,26.514,26.519,26.519,26.524,26.529,26.519,26.519,26.514,26.508,26.503,26.503,26.503,26.503,26.498,26.503,26.503,26.503,26.508,26.519,26.529,26.535,26.545,26.55,26.55,26.555,26.555,26.555,26.561,26.561,26.555,26.55,26.545,26.54,26.535,26.529,26.529,26.529,26.529,26.524,26.524,26.519,26.519,26.514,26.508,26.508,26.498,26.493,26.498,26.503,26.508,26.514,26.519,26.519,26.514,26.514,26.514,26.514,26.508,26.498,26.493,26.488,26.477,26.472,26.467,26.462,26.456,26.456,26.451,26.451,26.441,26.441,26.441,26.435,26.43,26.43,26.425,26.415,26.415,26.409,26.404,26.399,26.399,26.409,26.415,26.42,26.425,26.43,26.425,26.43,26.42,26.42,26.404,26.394,26.389,26.389,26.378,26.373,26.373,26.368,26.362
,26.581,26.581,26.571,26.566,26.555,26.545,26.535,26.529,26.529,26.524,26.524,26.519,26.524,26.524,26.529,26.529,26.535,26.535,26.535,26.535,26.535,26.54,26.545,26.561,26.571,26.587,26.592,26.592,26.587,26.581,26.576,26.571,26.561,26.55,26.545,26.524,26.514,26.477,26.389,26.012,25.576,25.239,25.118,25.118,25.118,25.318,25.571,26.232,26.248,26.274,26.362,26.404,26.441,26.477,26.503,26.519,26.54,26.545,26.55,26.55,26.545,26.545,26.54,26.54,26.55,26.555,26.571,26.566,26.576,26.571,26.566,26.561,26.555,26.55,26.545,26.535,26.529,26.524,26.514,26.508,26.503,26.493,26.498,26.498,26.498,26.498,26.493,26.488,26.488,26.493,26.488,26.498,26.498,26.498,26.508,26.514,26.514,26.514,26.519,26.508,26.508,26.503,26.493,26.482,26.477,26.472,26.472,26.467,26.462,26.467,26.467,26.462,26.467,26.462,26.462,26.462,26.456,26.456,26.451,26.446,26.435,26.435,26.425,26.42,26.415,26.415,26.415,26.415,26.415,26.415,26.415,26.415,26.42,26.42,26.42,26.42,26.42,26.42,26.415,26.415,26.415,26.415,26.415,26.404,26.399,26.394,26.389,26.383,26.383,26.383,26.389,26.394,26.409,26.415,26.42,26.43,26.441,26.446,26.456,26.456,26.456,26.451,26.446,26.446,26.441,26.441,26.435,26.43,26.43,26.435,26.441,26.441,26.441,26.435,26.43,26.425,26.42,26.415,26.415,26.42,26.425,26.425,26.425,26.43,26.42,26.425,26.42,26.415,26.415,26.42,26.43,26.43,26.435,26.435,26.435,26.43,26.425,26.425,26.42,26.415,26.404,26.399,26.394,26.394,26.394,26.394,26.399,26.399,26.404,26.404,26.409,26.42,26.43,26.435,26.441,26.446,26.451,26.446,26.441,26.43,26.43,26.425,26.42,26.42,26.42,26.425,26.425,26.425,26.42,26.425,26.43,26.435,26.446,26.456,26.472,26.482,26.488,26.482,26.477,26.472,26.451,26.435,26.404,26.394,26.347,26.237,25.834,25.218,25.155,25.181,25.165,25.16,25.076,25.597,26.18,26.206,26.279,26.342,26.383,26.409,26.43,26.446,26.456,26.467,26.472,26.482,26.482,26.482,26.488,26.493,26.488,26.488,26.493,26.493,26.493,26.493,26.493,26.493,26.493,26.493,26.498,26.508,26.514,26.514,26.519,26.524,26.524,26.529,26.529,26.519,26.514,26.508,26.508,26.508,26.503,26.503,26.498,26.503,26.498,26.498,26.508,26.514,26.519,26.524,26.529,26.54,26.545,26.55,26.55,26.55,26.555,26.555,26.555,26.555,26.55,26.54,26.535,26.529,26.529,26.524,26.524,26.524,26.524,26.524,26.519,26.519,26.514,26.508,26.508,26.498,26.493,26.498,26.503,26.514,26.519,26.519,26.519,26.514,26.519,26.519,26.514,26.514,26.503,26.493,26.488,26.477,26.472,26.472,26.467,26.467,26.456,26.456,26.451,26.446,26.441,26.435,26.435,26.43,26.425,26.42,26.409,26.404,26.399,26.399,26.399,26.394,26.409,26.415,26.425,26.43,26.43,26.43,26.43,26.43,26.425,26.415,26.399,26.399,26.389,26.383,26.378,26.368,26.368,26.362
,26.576,26.576,26.566,26.561,26.555,26.545,26.529,26.524,26.524,26.519,26.514,26.514,26.514,26.519,26.519,26.519,26.524,26.519,26.524,26.524,26.524,26.529,26.54,26.555,26.566,26.581,26.587,26.592,26.581,26.576,26.571,26.566,26.555,26.55,26.54,26.529,26.508,26.493,26.42,26.394,25.624,25.144,25.176,25.102,25.15,25.07,25.45,26.038,26.237,26.279,26.331,26.373,26.42,26.456,26.482,26.508,26.519,26.535,26.54,26.54,26.535,26.535,26.535,26.54,26.545,26.555,26.566,26.571,26.571,26.571,26.571,26.566,26.561,26.555,26.55,26.54,26.535,26.524,26.514,26.508,26.503,26.493,26.493,26.498,26.498,26.498,26.493,26.488,26.488,26.488,26.482,26.482,26.488,26.488,26.493,26.498,26.498,26.503,26.503,26.498,26.493,26.493,26.488,26.477,26.472,26.462,26.467,26.462,26.462,26.462,26.456,26.451,26.451,26.451,26.451,26.446,26.446,26.446,26.446,26.441,26.43,26.425,26.42,26.415,26.415,26.409,26.409,26.404,26.415,26.415,26.415,26.415,26.42,26.42,26.425,26.425,26.425,26.425,26.425,26.43,26.43,26.43,26.425,26.415,26.409,26.404,26.394,26.389,26.383,26.389,26.394,26.399,26.399,26.409,26.42,26.425,26.435,26.441,26.451,26.451,26.456,26.451,26.451,26.446,26.446,26.441,26.441,26.441,26.441,26.441,26.441,26.441,26.441,26.441,26.435,26.43,26.42,26.415,26.409,26.409,26.415,26.415,26.415,26.415,26.415,26.415,26.415,26.415,26.415,26.42,26.425,26.425,26.43,26.43,26.43,26.425,26.42,26.42,26.409,26.409,26.399,26.399,26.389,26.383,26.383,26.389,26.394,26.394,26.399,26.404,26.409,26.42,26.425,26.425,26.441,26.441,26.446,26.446,26.435,26.43,26.425,26.42,26.42,26.415,26.415,26.415,26.415,26.415,26.415,26.415,26.42,26.43,26.441,26.451,26.467,26.477,26.482,26.477,26.472,26.467,26.451,26.435,26.409,26.383,26.373,26.153,25.692,25.086,25.165,25.16,25.086,25.134,25.081,25.471,25.986,26.132,26.305,26.342,26.389,26.42,26.441,26.451,26.462,26.472,26.477,26.488,26.488,26.488,26.488,26.493,26.488,26.493,26.488,26.493,26.488,26.493,26.488,26.493,26.493,26.493,26.498,26.508,26.514,26.514,26.524,26.529,26.529,26.524,26.529,26.524,26.514,26.514,26.508,26.514,26.508,26.503,26.498,26.503,26.503,26.503,26.508,26.508,26.514,26.524,26.535,26.535,26.54,26.545,26.545,26.545,26.545,26.55,26.55,26.545,26.54,26.535,26.529,26.524,26.524,26.524,26.524,26.524,26.529,26.524,26.524,26.519,26.514,26.508,26.508,26.498,26.493,26.498,26.503,26.508,26.514,26.519,26.519,26.514,26.519,26.519,26.519,26.514,26.503,26.498,26.493,26.482,26.482,26.472,26.467,26.467,26.467,26.462,26.451,26.446,26.441,26.435,26.43,26.43,26.425,26.415,26.409,26.399,26.394,26.389,26.383,26.394,26.404,26.415,26.425,26.43,26.43,26.435,26.43,26.435,26.425,26.42,26.409,26.399,26.389,26.383,26.373,26.368,26.362,26.362
,26.581,26.576,26.571,26.555,26.55,26.535,26.529,26.519,26.508,26.503,26.508,26.503,26.503,26.508,26.508,26.508,26.508,26.508,26.508,26.508,26.514,26.519,26.535,26.545,26.561,26.576,26.581,26.581,26.576,26.571,26.561,26.555,26.55,26.54,26.535,26.524,26.503,26.477,26.451,26.383,25.808,25.239,25.276,25.086,25.118,25.15,25.192,25.781,26.174,26.221,26.289,26.347,26.394,26.435,26.467,26.488,26.503,26.514,26.529,26.529,26.529,26.529,26.529,26.535,26.54,26.55,26.561,26.571,26.571,26.571,26.571,26.566,26.561,26.555,26.55,26.545,26.535,26.529,26.514,26.503,26.498,26.493,26.498,26.493,26.498,26.488,26.488,26.482,26.482,26.482,26.482,26.477,26.477,26.482,26.488,26.488,26.488,26.488,26.488,26.488,26.482,26.482,26.472,26.472,26.462,26.456,26.456,26.451,26.451,26.451,26.446,26.446,26.446,26.446,26.441,26.441,26.441,26.441,26.441,26.435,26.43,26.425,26.415,26.415,26.404,26.404,26.404,26.415,26.415,26.415,26.42,26.42,26.425,26.43,26.43,26.43,26.435,26.435,26.441,26.446,26.446,26.451,26.451,26.446,26.441,26.425,26.415,26.394,26.389,26.394,26.404,26.409,26.409,26.415,26.42,26.425,26.435,26.441,26.446,26.446,26.446,26.451,26.451,26.446,26.446,26.446,26.441,26.441,26.441,26.441,26.441,26.441,26.441,26.43,26.43,26.43,26.415,26.409,26.409,26.409,26.404,26.409,26.415,26.409,26.409,26.399,26.399,26.404,26.409,26.409,26.42,26.425,26.425,26.425,26.425,26.42,26.415,26.409,26.404,26.399,26.394,26.389,26.383,26.378,26.378,26.378,26.383,26.394,26.399,26.404,26.409,26.415,26.425,26.43,26.435,26.441,26.446,26.446,26.435,26.43,26.43,26.42,26.415,26.415,26.415,26.409,26.409,26.409,26.404,26.409,26.42,26.42,26.435,26.446,26.456,26.467,26.472,26.472,26.467,26.456,26.451,26.435,26.415,26.404,26.389,26.279,26.054,25.408,25.086,25.15,25.081,25.086,25.039,25.408,26.064,26.258,26.3,26.347,26.394,26.425,26.446,26.462,26.467,26.482,26.488,26.493,26.493,26.493,26.493,26.498,26.493,26.498,26.498,26.498,26.493,26.493,26.488,26.493,26.488,26.493,26.498,26.508,26.519,26.529,26.529,26.535,26.535,26.535,26.529,26.519,26.514,26.514,26.519,26.508,26.514,26.508,26.503,26.503,26.498,26.498,26.503,26.508,26.514,26.519,26.524,26.535,26.535,26.54,26.54,26.54,26.54,26.54,26.545,26.54,26.535,26.524,26.524,26.519,26.524,26.524,26.524,26.524,26.529,26.529,26.524,26.519,26.514,26.503,26.503,26.498,26.493,26.498,26.498,26.508,26.514,26.514,26.519,26.519,26.519,26.519,26.519,26.514,26.508,26.503,26.498,26.493,26.488,26.477,26.472,26.472,26.467,26.462,26.456,26.446,26.435,26.435,26.425,26.42,26.42,26.409,26.404,26.394,26.389,26.389,26.383,26.394,26.404,26.42,26.42,26.425,26.435,26.435,26.43,26.435,26.435,26.425,26.42,26.404,26.399,26.389,26.383,26.373,26.368,26.368
,26.576,26.571,26.561,26.555,26.55,26.54,26.524,26.519,26.508,26.503,26.498,26.498,26.493,26.503,26.503,26.503,26.503,26.503,26.503,26.503,26.508,26.514,26.524,26.535,26.55,26.566,26.571,26.571,26.571,26.561,26.55,26.55,26.54,26.54,26.529,26.524,26.503,26.498,26.488,26.472,25.902,25.587,25.197,25.139,25.128,25.102,25.107,25.671,25.981,26.195,26.3,26.331,26.368,26.415,26.446,26.472,26.488,26.498,26.508,26.514,26.519,26.524,26.524,26.529,26.535,26.545,26.55,26.566,26.566,26.566,26.571,26.566,26.566,26.561,26.555,26.555,26.54,26.529,26.514,26.498,26.493,26.488,26.482,26.482,26.488,26.488,26.482,26.482,26.482,26.482,26.477,26.477,26.472,26.472,26.477,26.477,26.482,26.477,26.477,26.472,26.477,26.472,26.467,26.462,26.462,26.451,26.451,26.451,26.446,26.441,26.441,26.441,26.435,26.435,26.435,26.43,26.425,26.43,26.43,26.425,26.425,26.42,26.415,26.415,26.409,26.409,26.409,26.415,26.42,26.425,26.425,26.43,26.435,26.441,26.441,26.446,26.451,26.451,26.456,26.462,26.477,26.488,26.482,26.482,26.477,26.446,26.456,26.389,26.383,26.43,26.42,26.425,26.43,26.43,26.435,26.441,26.446,26.446,26.451,26.451,26.451,26.451,26.451,26.446,26.441,26.441,26.446,26.441,26.441,26.435,26.435,26.441,26.435,26.43,26.425,26.42,26.415,26.409,26.399,26.399,26.404,26.404,26.404,26.399,26.404,26.399,26.399,26.404,26.399,26.404,26.409,26.409,26.415,26.415,26.409,26.409,26.409,26.404,26.399,26.394,26.389,26.378,26.378,26.368,26.368,26.373,26.378,26.383,26.394,26.399,26.404,26.415,26.42,26.425,26.43,26.441,26.441,26.441,26.435,26.43,26.43,26.42,26.409,26.415,26.409,26.399,26.399,26.394,26.399,26.404,26.409,26.415,26.43,26.441,26.451,26.456,26.462,26.462,26.456,26.451,26.441,26.43,26.42,26.399,26.383,26.289,26.017,25.408,25.081,25.134,25.123,25.15,25.028,25.392,25.954,26.138,26.3,26.352,26.389,26.425,26.451,26.472,26.477,26.482,26.488,26.493,26.493,26.498,26.498,26.498,26.498,26.498,26.498,26.498,26.498,26.493,26.493,26.493,26.488,26.493,26.503,26.508,26.524,26.535,26.54,26.54,26.54,26.535,26.529,26.524,26.519,26.514,26.519,26.519,26.514,26.508,26.503,26.498,26.498,26.493,26.498,26.503,26.514,26.519,26.524,26.524,26.535,26.535,26.535,26.529,26.535,26.54,26.54,26.54,26.535,26.524,26.519,26.519,26.524,26.524,26.529,26.535,26.535,26.535,26.529,26.524,26.519,26.508,26.503,26.503,26.498,26.498,26.503,26.503,26.508,26.508,26.514,26.514,26.519,26.519,26.519,26.514,26.508,26.508,26.503,26.498,26.493,26.488,26.477,26.472,26.472,26.462,26.456,26.441,26.441,26.43,26.425,26.415,26.409,26.404,26.404,26.394,26.389,26.389,26.389,26.394,26.399,26.409,26.42,26.43,26.43,26.435,26.435,26.435,26.435,26.43,26.42,26.409,26.399,26.389,26.383,26.378,26.378,26.378
,26.571,26.566,26.561,26.555,26.545,26.535,26.524,26.519,26.508,26.503,26.498,26.498,26.493,26.498,26.493,26.493,26.493,26.493,26.498,26.498,26.503,26.508,26.514,26.529,26.54,26.55,26.561,26.561,26.561,26.55,26.54,26.54,26.535,26.535,26.535,26.529,26.514,26.498,26.462,26.462,26.415,25.745,25.382,25.15,25.049,25.033,25.16,25.223,25.771,26.258,26.253,26.3,26.357,26.394,26.425,26.456,26.472,26.482,26.498,26.503,26.514,26.519,26.524,26.529,26.529,26.54,26.55,26.55,26.555,26.561,26.561,26.566,26.566,26.566,26.555,26.55,26.535,26.524,26.503,26.493,26.482,26.477,26.472,26.477,26.477,26.477,26.482,26.482,26.482,26.482,26.477,26.477,26.472,26.467,26.472,26.472,26.472,26.472,26.467,26.467,26.467,26.462,26.456,26.456,26.451,26.451,26.446,26.441,26.441,26.435,26.43,26.425,26.43,26.425,26.42,26.42,26.42,26.42,26.42,26.415,26.415,26.409,26.415,26.415,26.415,26.415,26.425,26.425,26.43,26.435,26.435,26.451,26.462,26.467,26.472,26.472,26.467,26.472,26.508,26.519,26.529,26.55,26.54,26.524,26.508,26.488,26.446,26.462,26.415,26.451,26.456,26.467,26.462,26.462,26.456,26.462,26.462,26.462,26.456,26.456,26.456,26.451,26.451,26.446,26.446,26.446,26.446,26.446,26.446,26.441,26.441,26.441,26.435,26.43,26.43,26.415,26.409,26.399,26.399,26.399,26.404,26.404,26.404,26.404,26.399,26.394,26.394,26.394,26.399,26.399,26.399,26.404,26.404,26.404,26.404,26.404,26.404,26.399,26.394,26.389,26.383,26.378,26.378,26.368,26.368,26.368,26.373,26.378,26.389,26.399,26.399,26.409,26.415,26.425,26.43,26.435,26.441,26.446,26.435,26.43,26.43,26.42,26.409,26.409,26.404,26.399,26.394,26.389,26.394,26.399,26.404,26.415,26.425,26.435,26.441,26.446,26.451,26.451,26.446,26.441,26.435,26.42,26.409,26.389,26.373,26.258,26.117,25.513,25.06,25.181,25.218,25.107,25.039,25.118,25.766,26.164,26.268,26.347,26.389,26.43,26.451,26.467,26.482,26.488,26.488,26.493,26.498,26.498,26.503,26.503,26.503,26.503,26.498,26.498,26.498,26.498,26.493,26.488,26.493,26.498,26.514,26.519,26.529,26.54,26.545,26.545,26.545,26.54,26.529,26.529,26.524,26.524,26.524,26.519,26.519,26.508,26.503,26.493,26.488,26.488,26.493,26.503,26.508,26.514,26.519,26.519,26.524,26.529,26.524,26.529,26.535,26.529,26.535,26.535,26.524,26.524,26.519,26.519,26.524,26.524,26.535,26.535,26.535,26.54,26.535,26.524,26.519,26.503,26.498,26.498,26.498,26.498,26.493,26.503,26.503,26.503,26.508,26.508,26.508,26.514,26.508,26.514,26.508,26.508,26.503,26.498,26.493,26.488,26.482,26.477,26.477,26.462,26.451,26.435,26.425,26.42,26.415,26.409,26.404,26.404,26.394,26.394,26.389,26.383,26.383,26.389,26.399,26.404,26.415,26.42,26.425,26.43,26.43,26.43,26.43,26.43,26.425,26.415,26.409,26.394,26.389,26.383,26.383,26.383
,26.561,26.555,26.55,26.54,26.54,26.529,26.524,26.519,26.514,26.503,26.498,26.498,26.493,26.493,26.488,26.488,26.493,26.493,26.493,26.493,26.503,26.498,26.508,26.519,26.524,26.535,26.545,26.55,26.545,26.54,26.535,26.529,26.524,26.529,26.524,26.524,26.519,26.514,26.519,26.503,26.425,26.138,25.571,25.186,25.113,25.06,24.991,25.208,25.561,25.871,26.305,26.315,26.31,26.378,26.415,26.435,26.456,26.467,26.482,26.493,26.503,26.519,26.524,26.535,26.535,26.535,26.545,26.545,26.55,26.55,26.555,26.566,26.566,26.566,26.561,26.55,26.535,26.519,26.498,26.482,26.477,26.472,26.467,26.462,26.467,26.477,26.477,26.482,26.488,26.482,26.477,26.477,26.472,26.467,26.472,26.467,26.467,26.467,26.467,26.462,26.462,26.456,26.451,26.451,26.446,26.446,26.446,26.441,26.435,26.425,26.42,26.415,26.415,26.415,26.415,26.404,26.409,26.409,26.404,26.404,26.404,26.409,26.409,26.415,26.42,26.43,26.441,26.441,26.441,26.451,26.462,26.477,26.488,26.508,26.508,26.451,26.488,26.472,26.535,26.581,26.592,26.597,26.576,26.561,26.566,26.602,26.571,26.529,26.555,26.524,26.519,26.524,26.514,26.498,26.498,26.503,26.488,26.493,26.477,26.467,26.467,26.462,26.451,26.451,26.451,26.446,26.451,26.451,26.446,26.446,26.441,26.441,26.435,26.43,26.425,26.409,26.399,26.394,26.389,26.389,26.399,26.399,26.399,26.399,26.394,26.394,26.389,26.389,26.389,26.394,26.394,26.394,26.399,26.399,26.399,26.404,26.404,26.394,26.394,26.389,26.378,26.373,26.373,26.368,26.368,26.368,26.368,26.373,26.389,26.394,26.399,26.404,26.409,26.42,26.425,26.435,26.441,26.446,26.441,26.43,26.43,26.42,26.409,26.409,26.404,26.394,26.389,26.389,26.394,26.399,26.404,26.415,26.425,26.43,26.435,26.435,26.441,26.441,26.441,26.43,26.42,26.415,26.399,26.389,26.389,26.31,26.18,25.655,25.16,25.16,25.192,25.054,25.039,25.081,25.513,26.132,26.289,26.326,26.373,26.425,26.456,26.467,26.477,26.488,26.493,26.493,26.498,26.503,26.503,26.508,26.508,26.508,26.503,26.503,26.498,26.498,26.498,26.488,26.493,26.498,26.508,26.519,26.535,26.545,26.545,26.55,26.55,26.54,26.535,26.524,26.519,26.524,26.519,26.519,26.514,26.508,26.498,26.493,26.482,26.488,26.488,26.493,26.503,26.508,26.514,26.519,26.519,26.524,26.524,26.524,26.524,26.529,26.529,26.529,26.524,26.524,26.519,26.519,26.524,26.524,26.535,26.54,26.54,26.54,26.535,26.524,26.514,26.508,26.498,26.493,26.493,26.493,26.493,26.498,26.503,26.503,26.503,26.503,26.508,26.514,26.508,26.508,26.508,26.508,26.503,26.503,26.498,26.493,26.488,26.482,26.477,26.462,26.446,26.43,26.42,26.415,26.409,26.404,26.399,26.399,26.394,26.394,26.389,26.389,26.389,26.389,26.394,26.404,26.409,26.415,26.425,26.425,26.43,26.43,26.43,26.43,26.425,26.415,26.409,26.399,26.394,26.389,26.389,26.389
,26.545,26.55,26.545,26.54,26.535,26.529,26.524,26.519,26.508,26.503,26.498,26.493,26.488,26.488,26.488,26.482,26.488,26.493,26.493,26.498,26.498,26.503,26.503,26.508,26.519,26.524,26.535,26.535,26.524,26.524,26.519,26.519,26.519,26.529,26.529,26.529,26.524,26.514,26.498,26.493,26.472,26.2,26.028,25.503,25.086,25.002,25.076,25.144,25.376,25.818,26.043,26.242,26.321,26.378,26.394,26.409,26.441,26.451,26.467,26.482,26.493,26.514,26.519,26.529,26.529,26.535,26.54,26.535,26.545,26.545,26.55,26.555,26.561,26.561,26.55,26.545,26.529,26.508,26.488,26.477,26.462,26.456,26.451,26.456,26.462,26.467,26.472,26.482,26.488,26.488,26.482,26.482,26.472,26.467,26.472,26.467,26.467,26.456,26.456,26.456,26.451,26.446,26.446,26.446,26.446,26.446,26.446,26.441,26.43,26.42,26.415,26.409,26.404,26.404,26.399,26.394,26.394,26.394,26.394,26.394,26.404,26.404,26.415,26.42,26.43,26.446,26.451,26.467,26.472,26.482,26.482,26.529,26.566,26.55,26.555,26.644,26.519,26.566,26.561,26.607,26.727,26.607,26.597,26.738,26.701,26.701,26.722,26.696,26.67,26.634,26.618,26.602,26.581,26.571,26.55,26.55,26.535,26.519,26.514,26.498,26.488,26.472,26.467,26.462,26.451,26.451,26.446,26.451,26.451,26.446,26.446,26.441,26.435,26.425,26.415,26.404,26.389,26.383,26.383,26.383,26.389,26.394,26.394,26.394,26.394,26.389,26.383,26.383,26.383,26.389,26.389,26.389,26.394,26.394,26.399,26.399,26.399,26.399,26.389,26.383,26.378,26.368,26.373,26.368,26.362,26.368,26.368,26.373,26.383,26.394,26.399,26.404,26.409,26.42,26.425,26.435,26.446,26.446,26.435,26.43,26.43,26.415,26.409,26.404,26.399,26.394,26.389,26.389,26.394,26.399,26.409,26.415,26.425,26.43,26.43,26.43,26.435,26.43,26.425,26.42,26.409,26.399,26.389,26.362,26.378,26.274,26.164,25.618,25.197,25.076,25.118,25.044,25.054,24.986,25.44,26.085,26.263,26.3,26.383,26.42,26.451,26.467,26.477,26.488,26.488,26.493,26.498,26.503,26.508,26.508,26.514,26.508,26.508,26.508,26.503,26.498,26.493,26.493,26.493,26.498,26.508,26.519,26.535,26.54,26.545,26.545,26.545,26.54,26.535,26.524,26.519,26.514,26.519,26.519,26.514,26.508,26.498,26.493,26.488,26.482,26.482,26.493,26.498,26.508,26.508,26.514,26.514,26.519,26.519,26.524,26.524,26.524,26.529,26.529,26.529,26.529,26.524,26.524,26.529,26.529,26.535,26.54,26.545,26.545,26.535,26.524,26.514,26.503,26.498,26.493,26.498,26.498,26.498,26.498,26.498,26.503,26.498,26.498,26.503,26.503,26.508,26.508,26.508,26.508,26.503,26.503,26.498,26.498,26.493,26.488,26.477,26.462,26.446,26.425,26.409,26.409,26.404,26.404,26.399,26.399,26.394,26.399,26.394,26.389,26.389,26.394,26.394,26.399,26.404,26.409,26.42,26.425,26.425,26.425,26.425,26.42,26.42,26.415,26.409,26.409,26.399,26.399,26.399,26.394
,26.54,26.54,26.54,26.535,26.535,26.529,26.524,26.519,26.514,26.508,26.498,26.493,26.488,26.488,26.482,26.488,26.488,26.493,26.493,26.493,26.498,26.503,26.503,26.508,26.514,26.519,26.524,26.524,26.519,26.514,26.508,26.503,26.514,26.524,26.529,26.529,26.524,26.524,26.503,26.493,26.488,26.446,26.143,25.587,25.234,25.007,25.054,25.113,25.128,25.592,25.86,26.122,26.248,26.336,26.373,26.404,26.43,26.446,26.462,26.477,26.488,26.508,26.519,26.529,26.535,26.535,26.54,26.535,26.54,26.54,26.545,26.55,26.55,26.55,26.545,26.535,26.519,26.503,26.482,26.462,26.451,26.451,26.446,26.451,26.456,26.462,26.472,26.482,26.488,26.488,26.488,26.482,26.477,26.477,26.472,26.472,26.467,26.462,26.451,26.451,26.446,26.441,26.441,26.446,26.446,26.446,26.446,26.435,26.425,26.415,26.404,26.394,26.394,26.389,26.389,26.378,26.383,26.383,26.383,26.389,26.394,26.404,26.42,26.43,26.451,26.467,26.482,26.503,26.508,26.535,26.592,26.618,26.634,26.68,26.842,26.722,26.727,26.878,26.966,27.054,27.029,27.075,27.008,27.003,26.717,26.805,26.764,26.862,26.894,26.8,26.769,26.743,26.706,26.68,26.623,26.618,26.597,26.592,26.561,26.535,26.514,26.498,26.482,26.472,26.462,26.456,26.456,26.456,26.451,26.446,26.446,26.441,26.435,26.425,26.415,26.404,26.389,26.378,26.378,26.378,26.383,26.389,26.389,26.389,26.383,26.383,26.378,26.378,26.378,26.378,26.383,26.383,26.389,26.394,26.399,26.399,26.399,26.389,26.389,26.383,26.378,26.378,26.373,26.368,26.368,26.373,26.373,26.373,26.383,26.394,26.399,26.404,26.409,26.42,26.43,26.43,26.441,26.441,26.435,26.425,26.42,26.415,26.404,26.404,26.399,26.394,26.394,26.389,26.399,26.409,26.42,26.425,26.43,26.425,26.425,26.425,26.425,26.425,26.42,26.409,26.404,26.394,26.378,26.357,26.331,26.315,26.164,25.608,25.16,25.054,25.081,25.107,25.028,24.986,25.408,25.991,26.232,26.326,26.394,26.409,26.441,26.462,26.472,26.488,26.493,26.498,26.503,26.508,26.514,26.519,26.514,26.514,26.514,26.508,26.503,26.498,26.498,26.498,26.498,26.503,26.514,26.519,26.535,26.54,26.54,26.54,26.535,26.535,26.529,26.524,26.514,26.514,26.514,26.514,26.514,26.508,26.498,26.488,26.488,26.482,26.482,26.488,26.498,26.503,26.503,26.508,26.514,26.519,26.519,26.519,26.519,26.524,26.524,26.524,26.529,26.529,26.529,26.529,26.529,26.529,26.535,26.54,26.54,26.54,26.535,26.524,26.514,26.508,26.498,26.498,26.498,26.498,26.498,26.503,26.503,26.503,26.503,26.503,26.498,26.503,26.503,26.503,26.503,26.503,26.503,26.503,26.503,26.498,26.493,26.488,26.477,26.462,26.446,26.425,26.409,26.409,26.404,26.404,26.404,26.399,26.399,26.399,26.399,26.394,26.389,26.394,26.394,26.399,26.404,26.409,26.415,26.42,26.425,26.42,26.42,26.415,26.415,26.415,26.415,26.409,26.404,26.399,26.399,26.399
,26.529,26.529,26.529,26.529,26.529,26.524,26.524,26.524,26.514,26.508,26.503,26.493,26.488,26.488,26.482,26.488,26.488,26.493,26.493,26.498,26.503,26.503,26.503,26.508,26.508,26.514,26.514,26.514,26.514,26.503,26.503,26.503,26.508,26.519,26.524,26.529,26.524,26.524,26.519,26.508,26.462,26.462,26.258,25.839,25.355,25.123,24.97,25.081,25.139,25.329,25.76,26.043,26.211,26.279,26.357,26.394,26.42,26.441,26.456,26.477,26.493,26.503,26.514,26.529,26.54,26.54,26.54,26.535,26.54,26.54,26.54,26.545,26.545,26.54,26.535,26.524,26.514,26.493,26.477,26.462,26.446,26.446,26.441,26.446,26.451,26.456,26.467,26.477,26.482,26.488,26.488,26.477,26.477,26.477,26.477,26.472,26.467,26.462,26.451,26.446,26.441,26.441,26.441,26.441,26.446,26.441,26.446,26.435,26.425,26.409,26.399,26.389,26.383,26.383,26.373,26.373,26.373,26.378,26.383,26.394,26.399,26.415,26.43,26.451,26.472,26.493,26.508,26.545,26.587,26.649,26.691,26.738,26.691,26.743,27.008,26.779,26.914,26.836,27.003,27.096,27.054,27.07,27.023,26.961,26.909,26.951,27.034,27.034,27.023,26.888,26.945,26.831,26.805,26.769,26.732,26.701,26.665,26.639,26.618,26.597,26.566,26.529,26.514,26.498,26.482,26.467,26.462,26.456,26.451,26.451,26.446,26.441,26.435,26.425,26.415,26.399,26.383,26.378,26.368,26.373,26.378,26.383,26.383,26.378,26.373,26.373,26.368,26.368,26.362,26.368,26.378,26.383,26.389,26.399,26.399,26.399,26.399,26.394,26.389,26.389,26.378,26.378,26.373,26.373,26.373,26.373,26.378,26.383,26.389,26.394,26.409,26.409,26.409,26.42,26.43,26.43,26.435,26.435,26.43,26.425,26.415,26.409,26.409,26.404,26.399,26.399,26.399,26.399,26.415,26.42,26.425,26.435,26.435,26.43,26.43,26.43,26.425,26.425,26.409,26.404,26.389,26.378,26.368,26.352,26.31,26.279,26.253,26.023,25.281,25.07,25.097,25.054,25.039,25.028,25.297,25.965,26.232,26.331,26.326,26.394,26.43,26.451,26.472,26.482,26.493,26.498,26.503,26.508,26.514,26.524,26.524,26.519,26.514,26.508,26.503,26.503,26.498,26.498,26.498,26.503,26.514,26.524,26.529,26.535,26.535,26.535,26.529,26.529,26.524,26.514,26.508,26.508,26.514,26.514,26.514,26.508,26.498,26.488,26.488,26.482,26.482,26.482,26.488,26.493,26.503,26.514,26.514,26.519,26.519,26.519,26.524,26.524,26.524,26.524,26.524,26.529,26.529,26.529,26.529,26.529,26.535,26.54,26.54,26.54,26.535,26.529,26.519,26.503,26.498,26.493,26.498,26.498,26.503,26.503,26.503,26.503,26.498,26.503,26.498,26.498,26.498,26.503,26.503,26.503,26.498,26.503,26.503,26.503,26.498,26.493,26.482,26.467,26.446,26.43,26.42,26.415,26.409,26.409,26.404,26.409,26.404,26.399,26.399,26.394,26.394,26.399,26.399,26.399,26.404,26.409,26.415,26.42,26.425,26.415,26.415,26.415,26.409,26.409,26.404,26.404,26.404,26.399,26.399,26.404
,26.524,26.524,26.524,26.529,26.529,26.529,26.529,26.524,26.519,26.514,26.503,26.493,26.488,26.488,26.488,26.482,26.488,26.493,26.493,26.498,26.503,26.503,26.508,26.508,26.508,26.508,26.508,26.508,26.514,26.508,26.508,26.498,26.514,26.519,26.529,26.535,26.535,26.529,26.519,26.508,26.462,26.472,26.383,26.054,25.561,25.297,24.975,25.128,25.102,25.107,25.571,26.127,26.19,26.227,26.331,26.378,26.415,26.441,26.462,26.477,26.488,26.503,26.514,26.529,26.535,26.54,26.545,26.54,26.535,26.54,26.54,26.54,26.54,26.535,26.524,26.519,26.503,26.493,26.472,26.462,26.446,26.441,26.435,26.435,26.441,26.456,26.456,26.472,26.477,26.477,26.477,26.477,26.477,26.477,26.477,26.477,26.472,26.467,26.451,26.446,26.441,26.435,26.435,26.441,26.446,26.446,26.441,26.43,26.425,26.409,26.399,26.389,26.383,26.378,26.373,26.368,26.373,26.378,26.394,26.404,26.42,26.43,26.451,26.477,26.503,26.54,26.581,26.618,26.691,26.712,26.769,26.852,26.894,27.029,27.003,27.132,27.106,27.039,27.06,27.101,27.127,27.122,27.158,27.106,26.977,27.143,27.174,27.06,27.137,27.06,27.096,26.982,26.836,26.821,26.81,26.826,26.81,26.738,26.686,26.66,26.634,26.592,26.566,26.529,26.514,26.488,26.472,26.467,26.462,26.462,26.451,26.446,26.441,26.425,26.415,26.399,26.383,26.378,26.373,26.373,26.378,26.378,26.383,26.378,26.373,26.368,26.362,26.362,26.357,26.362,26.373,26.378,26.383,26.389,26.389,26.394,26.394,26.389,26.383,26.378,26.378,26.373,26.378,26.378,26.378,26.378,26.383,26.389,26.394,26.399,26.404,26.409,26.409,26.42,26.43,26.43,26.43,26.425,26.425,26.42,26.415,26.409,26.409,26.404,26.404,26.404,26.404,26.415,26.42,26.43,26.441,26.441,26.441,26.43,26.435,26.425,26.425,26.415,26.409,26.394,26.383,26.368,26.352,26.331,26.331,26.274,26.18,25.954,25.318,25.028,25.044,25.039,25.017,24.949,25.197,25.933,26.085,26.221,26.347,26.378,26.42,26.441,26.467,26.482,26.488,26.498,26.508,26.514,26.524,26.529,26.524,26.524,26.519,26.514,26.508,26.503,26.493,26.498,26.503,26.508,26.514,26.519,26.529,26.529,26.529,26.529,26.529,26.524,26.519,26.519,26.514,26.514,26.514,26.514,26.514,26.503,26.498,26.493,26.488,26.482,26.482,26.482,26.488,26.493,26.503,26.514,26.514,26.519,26.519,26.519,26.519,26.519,26.524,26.524,26.524,26.529,26.529,26.529,26.529,26.529,26.535,26.535,26.54,26.54,26.535,26.529,26.519,26.508,26.498,26.498,26.498,26.498,26.503,26.508,26.508,26.508,26.508,26.503,26.503,26.503,26.503,26.503,26.503,26.503,26.503,26.503,26.508,26.508,26.503,26.498,26.482,26.467,26.451,26.435,26.425,26.425,26.42,26.42,26.415,26.415,26.409,26.404,26.399,26.404,26.404,26.404,26.404,26.409,26.409,26.415,26.415,26.42,26.415,26.415,26.409,26.409,26.409,26.404,26.404,26.404,26.404,26.404,26.409,26.409
,26.514,26.519,26.519,26.524,26.529,26.529,26.529,26.529,26.524,26.514,26.503,26.493,26.493,26.488,26.488,26.488,26.493,26.493,26.498,26.503,26.503,26.508,26.508,26.508,26.508,26.508,26.508,26.508,26.514,26.508,26.519,26.498,26.508,26.524,26.529,26.535,26.535,26.529,26.524,26.508,26.488,26.467,26.446,26.169,25.739,25.239,25.144,24.964,25.144,25.139,25.281,25.666,26.023,26.237,26.321,26.373,26.409,26.441,26.462,26.482,26.493,26.508,26.519,26.529,26.535,26.545,26.545,26.54,26.54,26.54,26.54,26.535,26.535,26.524,26.519,26.514,26.503,26.488,26.477,26.462,26.446,26.441,26.435,26.435,26.435,26.441,26.451,26.462,26.467,26.472,26.472,26.472,26.472,26.472,26.472,26.472,26.472,26.467,26.451,26.446,26.441,26.441,26.441,26.446,26.446,26.441,26.435,26.43,26.42,26.409,26.404,26.389,26.383,26.378,26.373,26.373,26.378,26.394,26.399,26.42,26.441,26.456,26.493,26.529,26.566,26.607,26.68,26.706,26.8,26.935,26.868,26.956,27.034,27.039,27.101,27.158,27.122,27.08,27.044,26.992,27.143,27.096,27.044,26.94,26.961,26.987,26.977,27.096,27.106,27.049,26.94,26.956,26.883,26.894,26.842,26.951,26.894,26.852,26.764,26.717,26.691,26.68,26.587,26.587,26.561,26.519,26.493,26.482,26.477,26.467,26.462,26.451,26.441,26.43,26.42,26.409,26.394,26.383,26.378,26.378,26.378,26.383,26.383,26.378,26.373,26.368,26.362,26.362,26.357,26.362,26.368,26.378,26.383,26.389,26.389,26.389,26.394,26.389,26.383,26.378,26.373,26.378,26.378,26.378,26.378,26.378,26.389,26.389,26.394,26.399,26.409,26.409,26.415,26.42,26.425,26.425,26.42,26.42,26.415,26.409,26.409,26.404,26.409,26.409,26.409,26.415,26.42,26.425,26.43,26.435,26.441,26.446,26.446,26.441,26.441,26.435,26.43,26.425,26.409,26.394,26.378,26.362,26.352,26.326,26.31,26.268,26.138,25.986,25.471,25.065,25.06,25.086,25.007,25.054,25.002,25.513,26.138,26.279,26.295,26.362,26.404,26.435,26.456,26.482,26.488,26.498,26.508,26.519,26.529,26.535,26.529,26.529,26.519,26.514,26.514,26.503,26.503,26.503,26.508,26.519,26.519,26.519,26.529,26.524,26.529,26.524,26.519,26.524,26.519,26.514,26.508,26.503,26.508,26.514,26.514,26.514,26.503,26.493,26.488,26.482,26.482,26.482,26.488,26.493,26.503,26.508,26.519,26.514,26.514,26.514,26.519,26.519,26.519,26.519,26.524,26.519,26.519,26.524,26.529,26.529,26.529,26.535,26.54,26.535,26.535,26.529,26.524,26.508,26.503,26.498,26.498,26.503,26.503,26.508,26.514,26.514,26.514,26.514,26.508,26.503,26.503,26.503,26.503,26.503,26.503,26.503,26.508,26.508,26.503,26.498,26.488,26.472,26.462,26.446,26.435,26.43,26.43,26.43,26.425,26.42,26.42,26.409,26.409,26.409,26.404,26.409,26.409,26.409,26.415,26.415,26.415,26.415,26.415,26.409,26.404,26.404,26.404,26.404,26.404,26.404,26.409,26.409,26.415,26.415
,26.519,26.519,26.524,26.529,26.535,26.535,26.535,26.529,26.519,26.514,26.503,26.498,26.493,26.493,26.493,26.493,26.493,26.493,26.498,26.498,26.508,26.508,26.508,26.508,26.508,26.508,26.508,26.508,26.514,26.508,26.519,26.519,26.514,26.524,26.529,26.535,26.54,26.529,26.524,26.514,26.498,26.477,26.503,26.389,25.986,25.361,25.192,25.065,25.002,25.118,25.039,25.597,26.007,26.227,26.305,26.315,26.415,26.441,26.467,26.488,26.498,26.508,26.514,26.524,26.535,26.54,26.545,26.55,26.55,26.545,26.545,26.54,26.54,26.535,26.519,26.514,26.498,26.488,26.477,26.462,26.451,26.441,26.435,26.435,26.43,26.435,26.441,26.451,26.456,26.462,26.462,26.462,26.467,26.467,26.467,26.467,26.472,26.462,26.451,26.456,26.446,26.446,26.446,26.446,26.441,26.435,26.435,26.43,26.42,26.415,26.404,26.394,26.389,26.383,26.378,26.383,26.389,26.409,26.43,26.451,26.467,26.519,26.555,26.587,26.644,26.712,26.758,26.795,26.888,26.94,27.07,27.018,27.029,27.132,27.044,27.122,27.049,27.091,27.029,26.842,26.836,26.945,26.894,26.914,26.852,26.925,26.909,26.904,26.951,27.023,26.888,26.966,26.888,26.945,26.951,26.94,26.847,26.904,26.795,26.79,26.779,26.717,26.753,26.649,26.597,26.566,26.524,26.508,26.498,26.482,26.477,26.462,26.451,26.441,26.425,26.415,26.404,26.394,26.389,26.383,26.389,26.389,26.394,26.389,26.378,26.368,26.362,26.357,26.357,26.368,26.368,26.373,26.378,26.383,26.389,26.383,26.383,26.383,26.378,26.378,26.378,26.378,26.383,26.378,26.383,26.383,26.383,26.394,26.399,26.404,26.409,26.415,26.415,26.42,26.425,26.42,26.415,26.415,26.409,26.409,26.409,26.409,26.415,26.425,26.425,26.43,26.43,26.43,26.441,26.441,26.441,26.446,26.451,26.446,26.446,26.441,26.435,26.42,26.409,26.394,26.378,26.362,26.347,26.326,26.305,26.185,26.122,26.112,25.661,25.134,25.033,25.07,25.049,25.086,25.023,25.419,26.075,26.232,26.31,26.352,26.399,26.425,26.451,26.472,26.488,26.503,26.514,26.524,26.535,26.535,26.535,26.535,26.529,26.519,26.519,26.508,26.508,26.514,26.514,26.524,26.524,26.529,26.524,26.524,26.529,26.524,26.524,26.524,26.519,26.519,26.514,26.508,26.508,26.508,26.519,26.514,26.508,26.498,26.498,26.493,26.488,26.488,26.493,26.498,26.503,26.508,26.514,26.514,26.514,26.514,26.514,26.514,26.514,26.519,26.524,26.519,26.524,26.529,26.524,26.529,26.529,26.535,26.535,26.54,26.54,26.535,26.524,26.514,26.508,26.503,26.503,26.503,26.508,26.514,26.519,26.519,26.519,26.514,26.514,26.519,26.508,26.508,26.508,26.503,26.503,26.503,26.498,26.503,26.498,26.498,26.488,26.482,26.467,26.456,26.451,26.446,26.446,26.446,26.441,26.43,26.425,26.42,26.415,26.415,26.409,26.409,26.409,26.409,26.409,26.415,26.42,26.42,26.415,26.415,26.409,26.404,26.404,26.404,26.404,26.409,26.415,26.415,26.425,26.43
,26.519,26.524,26.524,26.529,26.535,26.54,26.535,26.535,26.524,26.514,26.508,26.498,26.493,26.493,26.488,26.493,26.498,26.498,26.503,26.508,26.508,26.508,26.508,26.508,26.508,26.508,26.508,26.508,26.514,26.514,26.514,26.508,26.514,26.524,26.529,26.54,26.535,26.54,26.529,26.524,26.514,26.508,26.488,26.441,26.195,25.829,25.192,25.134,25.007,25.139,25.107,25.245,25.839,26.164,26.352,26.378,26.378,26.441,26.467,26.482,26.498,26.508,26.514,26.519,26.529,26.535,26.545,26.55,26.555,26.555,26.55,26.545,26.54,26.535,26.529,26.519,26.508,26.503,26.493,26.472,26.456,26.446,26.441,26.435,26.425,26.435,26.43,26.441,26.446,26.451,26.451,26.451,26.451,26.462,26.462,26.462,26.462,26.456,26.456,26.456,26.451,26.451,26.446,26.441,26.435,26.435,26.43,26.425,26.425,26.415,26.409,26.404,26.394,26.394,26.394,26.399,26.415,26.441,26.462,26.493,26.529,26.566,26.613,26.696,26.722,26.774,26.836,26.868,26.888,26.982,27.106,27.106,27.049,27.008,27.101,26.966,26.826,26.81,26.758,26.701,26.784,26.956,26.857,26.904,26.878,26.883,26.904,26.805,26.784,26.748,26.649,26.732,26.764,26.784,26.769,26.878,26.914,26.925,26.92,26.909,26.873,26.784,26.805,26.691,26.649,26.607,26.576,26.55,26.529,26.508,26.498,26.482,26.462,26.451,26.441,26.43,26.42,26.409,26.399,26.394,26.394,26.394,26.394,26.394,26.383,26.378,26.373,26.368,26.368,26.368,26.373,26.368,26.373,26.378,26.378,26.378,26.378,26.378,26.378,26.378,26.373,26.378,26.383,26.383,26.383,26.383,26.383,26.389,26.399,26.404,26.409,26.415,26.42,26.425,26.425,26.42,26.415,26.409,26.409,26.409,26.409,26.415,26.42,26.435,26.435,26.435,26.441,26.435,26.446,26.446,26.441,26.446,26.451,26.451,26.451,26.446,26.435,26.425,26.415,26.399,26.378,26.368,26.347,26.331,26.3,26.237,26.206,26.164,25.949,25.197,25.028,25.113,25.007,25.039,24.991,25.445,26.012,26.159,26.263,26.378,26.383,26.42,26.451,26.472,26.482,26.503,26.514,26.524,26.535,26.54,26.535,26.535,26.529,26.524,26.519,26.519,26.514,26.519,26.524,26.524,26.529,26.529,26.529,26.529,26.524,26.524,26.524,26.524,26.524,26.519,26.519,26.508,26.514,26.519,26.524,26.519,26.514,26.508,26.503,26.493,26.498,26.493,26.498,26.503,26.508,26.508,26.519,26.519,26.514,26.508,26.514,26.508,26.514,26.519,26.524,26.524,26.524,26.529,26.524,26.529,26.529,26.535,26.54,26.54,26.54,26.535,26.529,26.519,26.508,26.503,26.503,26.508,26.508,26.514,26.524,26.529,26.529,26.519,26.519,26.519,26.514,26.514,26.508,26.508,26.503,26.503,26.498,26.498,26.498,26.493,26.488,26.482,26.472,26.467,26.456,26.456,26.451,26.451,26.451,26.441,26.435,26.43,26.425,26.42,26.415,26.415,26.409,26.409,26.415,26.415,26.42,26.42,26.425,26.42,26.415,26.409,26.409,26.409,26.415,26.42,26.42,26.43,26.43,26.435
,26.524,26.524,26.535,26.535,26.535,26.54,26.535,26.529,26.519,26.514,26.503,26.498,26.498,26.498,26.498,26.498,26.498,26.503,26.508,26.508,26.514,26.503,26.508,26.508,26.508,26.508,26.508,26.508,26.514,26.508,26.508,26.514,26.514,26.524,26.529,26.535,26.54,26.54,26.535,26.535,26.524,26.503,26.472,26.425,26.399,26.143,25.403,25.171,25.102,25.028,25.134,25.033,25.508,26.091,26.242,26.336,26.409,26.415,26.456,26.472,26.498,26.503,26.514,26.519,26.524,26.535,26.54,26.55,26.555,26.561,26.555,26.55,26.545,26.54,26.529,26.529,26.519,26.508,26.498,26.488,26.472,26.456,26.446,26.441,26.435,26.435,26.43,26.435,26.435,26.441,26.441,26.441,26.446,26.446,26.446,26.446,26.446,26.451,26.451,26.456,26.451,26.451,26.446,26.441,26.435,26.425,26.425,26.425,26.42,26.42,26.415,26.404,26.404,26.399,26.399,26.415,26.441,26.482,26.503,26.545,26.587,26.639,26.68,26.732,26.784,26.831,26.873,26.904,26.94,27.049,27.018,27.049,26.966,26.935,26.971,26.857,26.774,26.878,26.904,26.951,26.982,27.096,27.106,26.977,27.034,27.106,27.117,27.07,26.966,26.779,26.665,26.524,26.508,26.686,26.743,26.748,26.873,26.706,26.8,26.852,26.899,26.852,26.805,26.784,26.706,26.66,26.618,26.597,26.571,26.55,26.524,26.514,26.482,26.472,26.451,26.446,26.43,26.425,26.415,26.409,26.409,26.409,26.404,26.399,26.394,26.383,26.378,26.373,26.373,26.373,26.373,26.373,26.373,26.378,26.378,26.378,26.378,26.378,26.378,26.373,26.378,26.383,26.383,26.383,26.383,26.383,26.389,26.389,26.399,26.404,26.415,26.425,26.425,26.43,26.425,26.42,26.409,26.404,26.399,26.399,26.409,26.415,26.425,26.435,26.441,26.446,26.446,26.446,26.446,26.446,26.446,26.451,26.451,26.451,26.451,26.446,26.435,26.43,26.415,26.399,26.383,26.373,26.357,26.336,26.295,26.227,26.19,26.174,25.975,25.329,25.049,25.091,25.023,25.012,24.97,25.339,25.939,26.112,26.31,26.352,26.368,26.404,26.435,26.467,26.482,26.503,26.514,26.524,26.535,26.54,26.54,26.535,26.535,26.529,26.524,26.519,26.519,26.519,26.529,26.529,26.535,26.535,26.535,26.529,26.529,26.529,26.529,26.529,26.524,26.524,26.519,26.519,26.519,26.524,26.524,26.519,26.519,26.514,26.508,26.498,26.503,26.498,26.508,26.503,26.514,26.514,26.519,26.514,26.514,26.508,26.514,26.508,26.519,26.519,26.519,26.524,26.529,26.529,26.529,26.529,26.529,26.535,26.535,26.54,26.54,26.54,26.529,26.519,26.508,26.508,26.508,26.508,26.514,26.519,26.524,26.529,26.529,26.529,26.524,26.519,26.519,26.514,26.508,26.503,26.503,26.498,26.498,26.498,26.493,26.493,26.488,26.482,26.482,26.472,26.467,26.462,26.462,26.456,26.456,26.451,26.441,26.43,26.425,26.425,26.415,26.409,26.409,26.409,26.415,26.415,26.42,26.425,26.43,26.42,26.42,26.42,26.415,26.415,26.42,26.425,26.425,26.43,26.435,26.435
,26.524,26.529,26.535,26.54,26.54,26.535,26.529,26.524,26.519,26.508,26.508,26.498,26.498,26.498,26.493,26.498,26.498,26.503,26.508,26.508,26.514,26.508,26.503,26.503,26.503,26.508,26.508,26.503,26.514,26.508,26.508,26.508,26.514,26.524,26.529,26.535,26.54,26.535,26.54,26.535,26.524,26.503,26.467,26.415,26.347,26.31,25.739,25.234,25.102,25.086,25.091,25.076,25.234,25.85,26.164,26.31,26.336,26.373,26.441,26.472,26.482,26.498,26.508,26.508,26.519,26.529,26.535,26.55,26.555,26.566,26.561,26.561,26.55,26.545,26.54,26.529,26.519,26.514,26.503,26.493,26.482,26.472,26.456,26.446,26.435,26.43,26.43,26.435,26.43,26.435,26.435,26.435,26.435,26.435,26.435,26.435,26.441,26.441,26.446,26.451,26.451,26.451,26.446,26.441,26.43,26.43,26.425,26.425,26.42,26.42,26.415,26.409,26.409,26.409,26.415,26.43,26.462,26.503,26.54,26.587,26.654,26.717,26.738,26.805,26.852,26.894,26.909,26.914,27.003,26.961,26.894,26.977,26.951,26.914,26.873,26.779,26.883,26.945,27.137,27.246,27.407,27.324,27.438,27.453,27.391,27.396,27.288,27.168,27.21,27.251,26.847,26.878,26.644,26.727,26.597,26.561,26.555,26.503,26.555,26.862,26.909,26.868,26.847,26.81,26.764,26.701,26.665,26.644,26.613,26.587,26.561,26.535,26.508,26.493,26.482,26.467,26.451,26.435,26.43,26.425,26.42,26.415,26.415,26.404,26.399,26.399,26.394,26.383,26.378,26.373,26.373,26.368,26.373,26.378,26.373,26.378,26.378,26.378,26.373,26.378,26.383,26.383,26.383,26.383,26.383,26.389,26.389,26.394,26.399,26.404,26.415,26.425,26.43,26.43,26.425,26.42,26.409,26.409,26.404,26.404,26.409,26.415,26.43,26.441,26.446,26.446,26.446,26.446,26.446,26.446,26.446,26.446,26.451,26.451,26.451,26.446,26.441,26.43,26.42,26.409,26.394,26.383,26.368,26.347,26.315,26.216,26.164,26.132,26.002,25.266,25.007,25.065,25.044,25.028,24.959,25.303,25.933,26.096,26.274,26.253,26.362,26.394,26.425,26.456,26.482,26.498,26.514,26.524,26.535,26.54,26.545,26.54,26.535,26.529,26.524,26.524,26.524,26.524,26.529,26.535,26.529,26.535,26.54,26.54,26.54,26.535,26.529,26.535,26.535,26.529,26.524,26.529,26.524,26.524,26.524,26.524,26.519,26.514,26.508,26.508,26.508,26.514,26.514,26.519,26.519,26.519,26.519,26.514,26.508,26.514,26.514,26.514,26.519,26.519,26.519,26.524,26.529,26.529,26.529,26.529,26.529,26.535,26.535,26.54,26.535,26.535,26.535,26.519,26.514,26.508,26.514,26.508,26.514,26.519,26.524,26.529,26.524,26.524,26.524,26.519,26.514,26.514,26.508,26.508,26.503,26.498,26.498,26.493,26.493,26.488,26.488,26.488,26.482,26.477,26.467,26.467,26.467,26.467,26.462,26.456,26.446,26.435,26.425,26.42,26.415,26.409,26.409,26.409,26.409,26.415,26.425,26.43,26.425,26.43,26.425,26.425,26.425,26.425,26.425,26.43,26.43,26.435,26.435,26.435
,26.529,26.529,26.535,26.54,26.535,26.529,26.524,26.519,26.508,26.508,26.498,26.493,26.498,26.498,26.498,26.498,26.498,26.503,26.508,26.508,26.503,26.503,26.498,26.498,26.498,26.503,26.508,26.508,26.498,26.503,26.503,26.508,26.508,26.519,26.524,26.529,26.535,26.54,26.54,26.535,26.529,26.508,26.482,26.43,26.357,26.357,26.138,25.266,25.091,25.091,25.033,25.102,25.065,25.718,26.064,26.216,26.289,26.347,26.415,26.451,26.472,26.493,26.498,26.508,26.514,26.524,26.535,26.545,26.555,26.561,26.561,26.561,26.555,26.55,26.54,26.535,26.529,26.519,26.508,26.498,26.493,26.477,26.467,26.456,26.446,26.435,26.43,26.43,26.43,26.425,26.425,26.425,26.425,26.425,26.42,26.425,26.43,26.435,26.441,26.451,26.451,26.446,26.446,26.435,26.435,26.425,26.425,26.425,26.42,26.42,26.415,26.415,26.415,26.42,26.425,26.451,26.488,26.54,26.581,26.644,26.701,26.748,26.774,26.92,26.93,26.93,26.93,26.94,26.914,26.868,26.758,26.852,26.925,26.987,26.878,27.065,27.065,27.381,27.463,27.515,27.469,27.577,27.525,27.53,27.494,27.427,27.587,27.551,27.536,27.515,27.298,27.267,27.168,27.049,26.68,26.587,26.535,26.446,26.362,26.613,26.706,26.81,26.831,26.81,26.743,26.722,26.686,26.67,26.654,26.634,26.592,26.571,26.54,26.519,26.503,26.493,26.477,26.462,26.441,26.435,26.43,26.425,26.415,26.415,26.409,26.404,26.399,26.394,26.389,26.378,26.373,26.373,26.373,26.378,26.378,26.378,26.378,26.378,26.378,26.378,26.383,26.383,26.383,26.383,26.383,26.389,26.389,26.399,26.404,26.409,26.415,26.425,26.43,26.43,26.425,26.42,26.409,26.404,26.399,26.399,26.409,26.415,26.425,26.43,26.435,26.441,26.446,26.446,26.441,26.446,26.441,26.446,26.451,26.451,26.451,26.441,26.435,26.43,26.42,26.409,26.399,26.389,26.378,26.362,26.326,26.284,26.248,26.206,26.017,25.403,25.044,25.044,25.06,25.049,24.97,24.986,25.918,26.08,26.258,26.279,26.336,26.373,26.415,26.451,26.477,26.493,26.503,26.519,26.529,26.535,26.535,26.54,26.535,26.529,26.524,26.524,26.524,26.524,26.535,26.535,26.54,26.54,26.54,26.54,26.54,26.54,26.54,26.535,26.535,26.535,26.535,26.529,26.529,26.529,26.524,26.524,26.514,26.514,26.514,26.514,26.514,26.514,26.519,26.519,26.524,26.519,26.519,26.514,26.514,26.514,26.514,26.514,26.519,26.519,26.524,26.524,26.529,26.529,26.529,26.529,26.529,26.529,26.535,26.54,26.54,26.54,26.535,26.529,26.519,26.514,26.514,26.514,26.519,26.519,26.524,26.524,26.524,26.524,26.519,26.519,26.514,26.508,26.508,26.503,26.498,26.498,26.488,26.488,26.488,26.488,26.482,26.477,26.482,26.477,26.472,26.467,26.472,26.467,26.467,26.456,26.446,26.435,26.42,26.415,26.415,26.404,26.404,26.404,26.409,26.409,26.42,26.425,26.425,26.43,26.43,26.43,26.425,26.43,26.425,26.43,26.425,26.43,26.435,26.435
,26.535,26.535,26.535,26.535,26.529,26.524,26.524,26.514,26.498,26.498,26.493,26.493,26.493,26.493,26.498,26.498,26.498,26.498,26.503,26.503,26.498,26.498,26.493,26.493,26.498,26.498,26.503,26.503,26.503,26.493,26.498,26.503,26.508,26.519,26.524,26.529,26.535,26.535,26.54,26.535,26.529,26.508,26.493,26.482,26.493,26.373,26.085,25.697,25.208,25.044,25.054,25.065,25.086,25.186,25.954,26.122,26.211,26.3,26.373,26.425,26.451,26.477,26.493,26.498,26.503,26.514,26.519,26.535,26.545,26.545,26.555,26.555,26.55,26.545,26.545,26.54,26.535,26.524,26.519,26.508,26.493,26.482,26.472,26.456,26.451,26.441,26.435,26.43,26.425,26.42,26.42,26.415,26.409,26.409,26.409,26.42,26.425,26.43,26.435,26.446,26.446,26.446,26.441,26.441,26.435,26.425,26.425,26.425,26.42,26.42,26.415,26.415,26.42,26.425,26.435,26.462,26.508,26.555,26.618,26.686,26.748,26.795,26.894,26.961,26.971,26.961,26.951,26.92,26.883,26.883,26.992,26.945,26.966,27.168,27.479,27.845,27.721,27.757,27.752,28.092,27.922,27.84,27.819,27.737,27.726,27.69,27.835,27.69,27.763,27.732,27.396,27.272,27.319,27.277,27.08,27.054,26.727,26.529,26.336,26.221,26.315,26.451,26.597,26.774,26.706,26.738,26.686,26.686,26.67,26.649,26.623,26.597,26.566,26.55,26.529,26.514,26.503,26.477,26.462,26.446,26.435,26.43,26.425,26.425,26.42,26.415,26.409,26.399,26.389,26.383,26.378,26.373,26.378,26.378,26.383,26.383,26.383,26.378,26.383,26.378,26.378,26.378,26.383,26.383,26.389,26.394,26.394,26.394,26.404,26.409,26.415,26.425,26.43,26.43,26.425,26.415,26.409,26.404,26.399,26.404,26.409,26.415,26.415,26.425,26.43,26.43,26.435,26.435,26.441,26.441,26.446,26.446,26.451,26.451,26.446,26.441,26.435,26.425,26.42,26.409,26.399,26.394,26.378,26.362,26.336,26.295,26.253,26.19,25.996,25.582,25.076,25.07,25.086,25.07,25.076,24.97,25.476,26.174,26.211,26.263,26.305,26.357,26.404,26.441,26.462,26.482,26.498,26.503,26.519,26.529,26.529,26.535,26.535,26.529,26.524,26.524,26.524,26.524,26.529,26.535,26.535,26.54,26.54,26.54,26.54,26.54,26.54,26.535,26.535,26.535,26.529,26.535,26.535,26.529,26.529,26.519,26.519,26.508,26.514,26.514,26.514,26.514,26.519,26.524,26.524,26.524,26.519,26.514,26.508,26.508,26.508,26.508,26.508,26.519,26.524,26.524,26.524,26.529,26.524,26.524,26.529,26.529,26.535,26.535,26.54,26.535,26.535,26.529,26.529,26.519,26.519,26.519,26.519,26.519,26.519,26.519,26.514,26.519,26.508,26.514,26.503,26.498,26.498,26.493,26.493,26.493,26.488,26.482,26.477,26.477,26.477,26.477,26.482,26.472,26.472,26.467,26.467,26.472,26.467,26.456,26.446,26.435,26.425,26.409,26.404,26.399,26.399,26.399,26.404,26.409,26.42,26.425,26.425,26.425,26.425,26.425,26.43,26.425,26.425,26.425,26.425,26.43,26.43,26.435
,26.535,26.535,26.535,26.529,26.529,26.519,26.508,26.498,26.493,26.488,26.493,26.493,26.488,26.493,26.493,26.493,26.493,26.498,26.493,26.488,26.488,26.488,26.482,26.488,26.488,26.493,26.493,26.493,26.498,26.493,26.498,26.498,26.503,26.519,26.524,26.524,26.524,26.529,26.535,26.535,26.529,26.519,26.508,26.498,26.503,26.368,26.227,25.897,25.371,25.028,25.049,25.023,25.107,25.15,25.476,25.85,26.295,26.253,26.326,26.394,26.43,26.451,26.472,26.488,26.493,26.503,26.514,26.519,26.535,26.54,26.545,26.545,26.545,26.545,26.545,26.535,26.535,26.524,26.519,26.508,26.493,26.488,26.472,26.462,26.456,26.446,26.441,26.43,26.43,26.42,26.409,26.404,26.404,26.404,26.404,26.415,26.42,26.425,26.43,26.435,26.441,26.441,26.441,26.435,26.435,26.43,26.43,26.43,26.42,26.42,26.42,26.42,26.425,26.441,26.451,26.477,26.524,26.581,26.649,26.712,26.784,26.842,26.945,26.961,26.977,26.982,26.971,26.94,26.81,26.894,26.971,27.096,27.505,27.953,28.153,28.138,28.123,28.21,28.051,28.189,28.184,28.04,28.01,27.932,27.927,28.015,27.896,27.907,27.86,27.989,27.824,27.752,27.463,27.37,27.319,27.163,26.951,26.831,26.456,26.253,26.258,26.248,26.425,26.55,26.597,26.649,26.738,26.691,26.68,26.66,26.639,26.618,26.597,26.581,26.561,26.545,26.529,26.498,26.477,26.462,26.446,26.435,26.435,26.425,26.425,26.42,26.42,26.409,26.399,26.389,26.383,26.378,26.383,26.383,26.389,26.389,26.389,26.383,26.383,26.378,26.378,26.383,26.383,26.383,26.389,26.389,26.394,26.399,26.404,26.409,26.415,26.42,26.425,26.43,26.42,26.415,26.409,26.404,26.399,26.399,26.404,26.409,26.409,26.42,26.42,26.425,26.43,26.435,26.441,26.441,26.446,26.446,26.451,26.451,26.451,26.441,26.435,26.43,26.42,26.409,26.399,26.394,26.383,26.368,26.342,26.3,26.211,26.153,26.112,25.682,25.097,25.091,25.113,25.065,25.065,24.943,25.492,26.091,26.253,26.279,26.315,26.342,26.389,26.425,26.451,26.472,26.488,26.503,26.508,26.519,26.524,26.529,26.529,26.529,26.524,26.519,26.519,26.519,26.524,26.529,26.535,26.545,26.545,26.545,26.535,26.535,26.535,26.535,26.529,26.535,26.535,26.535,26.535,26.529,26.524,26.519,26.514,26.508,26.503,26.508,26.514,26.519,26.519,26.524,26.519,26.524,26.514,26.514,26.514,26.514,26.508,26.508,26.514,26.514,26.519,26.524,26.519,26.524,26.524,26.524,26.529,26.529,26.535,26.535,26.535,26.54,26.535,26.535,26.529,26.529,26.524,26.519,26.519,26.519,26.519,26.519,26.519,26.514,26.514,26.508,26.508,26.498,26.493,26.493,26.482,26.482,26.482,26.477,26.482,26.482,26.477,26.482,26.477,26.477,26.472,26.472,26.467,26.467,26.456,26.456,26.446,26.435,26.425,26.409,26.404,26.399,26.399,26.394,26.399,26.404,26.409,26.415,26.42,26.42,26.425,26.425,26.425,26.42,26.425,26.42,26.42,26.425,26.425,26.43
,26.535,26.535,26.529,26.524,26.524,26.514,26.508,26.498,26.488,26.482,26.488,26.482,26.482,26.482,26.493,26.488,26.493,26.482,26.482,26.482,26.477,26.482,26.477,26.482,26.482,26.488,26.493,26.493,26.493,26.488,26.493,26.498,26.508,26.514,26.519,26.524,26.529,26.524,26.529,26.535,26.529,26.529,26.514,26.508,26.498,26.462,26.315,26.096,25.587,25.202,25.039,25.002,25.091,25.076,25.476,25.844,26.185,26.232,26.284,26.342,26.383,26.435,26.456,26.467,26.477,26.488,26.493,26.503,26.508,26.519,26.529,26.535,26.535,26.535,26.535,26.535,26.529,26.524,26.519,26.508,26.493,26.482,26.477,26.467,26.462,26.456,26.441,26.435,26.43,26.42,26.404,26.399,26.399,26.399,26.404,26.404,26.409,26.42,26.425,26.43,26.435,26.435,26.435,26.435,26.435,26.435,26.43,26.43,26.42,26.42,26.42,26.425,26.435,26.446,26.467,26.493,26.54,26.597,26.67,26.753,26.826,26.878,26.935,26.966,26.992,26.997,26.987,27.013,27.003,26.94,27.122,27.613,27.86,28.143,28.169,28.225,28.21,28.287,28.128,28.179,28.261,28.2,28.138,28.107,28.066,28.066,27.999,28.189,28.04,28.02,27.984,27.984,27.783,27.629,27.479,27.298,27.251,27.313,26.92,26.571,26.258,26.185,26.216,26.456,26.55,26.597,26.654,26.665,26.686,26.665,26.644,26.628,26.618,26.602,26.587,26.571,26.55,26.524,26.503,26.477,26.467,26.451,26.446,26.441,26.441,26.435,26.42,26.42,26.409,26.399,26.394,26.394,26.394,26.394,26.394,26.394,26.399,26.389,26.389,26.383,26.383,26.383,26.389,26.383,26.389,26.394,26.394,26.399,26.409,26.409,26.415,26.42,26.42,26.425,26.42,26.42,26.404,26.399,26.399,26.394,26.404,26.404,26.409,26.415,26.415,26.42,26.42,26.43,26.435,26.441,26.446,26.446,26.451,26.451,26.451,26.441,26.435,26.43,26.42,26.409,26.399,26.394,26.383,26.373,26.347,26.305,26.248,26.18,26.174,25.781,25.118,25.086,25.118,25.102,25.113,25.023,25.35,25.923,26.237,26.242,26.295,26.342,26.378,26.415,26.446,26.467,26.482,26.498,26.503,26.519,26.524,26.529,26.524,26.524,26.519,26.519,26.519,26.519,26.524,26.529,26.535,26.54,26.54,26.545,26.54,26.54,26.535,26.535,26.529,26.529,26.529,26.535,26.535,26.535,26.529,26.519,26.514,26.508,26.508,26.503,26.514,26.514,26.519,26.524,26.524,26.524,26.519,26.519,26.519,26.514,26.514,26.508,26.508,26.508,26.514,26.514,26.519,26.524,26.524,26.524,26.529,26.529,26.535,26.529,26.535,26.54,26.54,26.529,26.535,26.529,26.524,26.524,26.524,26.524,26.519,26.519,26.519,26.514,26.514,26.508,26.503,26.488,26.488,26.488,26.482,26.482,26.477,26.482,26.482,26.477,26.477,26.482,26.477,26.472,26.472,26.467,26.467,26.467,26.462,26.456,26.446,26.435,26.425,26.409,26.404,26.399,26.394,26.394,26.394,26.399,26.404,26.409,26.409,26.409,26.409,26.415,26.415,26.415,26.415,26.415,26.415,26.415,26.42,26.425
,26.535,26.535,26.529,26.524,26.519,26.514,26.508,26.493,26.488,26.482,26.477,26.477,26.477,26.482,26.482,26.482,26.482,26.482,26.477,26.472,26.477,26.472,26.472,26.472,26.477,26.482,26.482,26.482,26.488,26.488,26.493,26.498,26.503,26.508,26.519,26.519,26.524,26.529,26.529,26.535,26.535,26.529,26.519,26.503,26.493,26.43,26.357,26.206,25.986,25.245,25.113,24.986,24.975,25.07,25.134,25.655,25.991,26.263,26.295,26.315,26.362,26.404,26.43,26.451,26.462,26.477,26.482,26.488,26.493,26.508,26.508,26.514,26.524,26.524,26.529,26.529,26.524,26.524,26.514,26.503,26.493,26.482,26.477,26.472,26.467,26.462,26.451,26.441,26.43,26.42,26.409,26.399,26.399,26.399,26.399,26.409,26.404,26.409,26.415,26.42,26.42,26.425,26.43,26.425,26.435,26.43,26.43,26.425,26.42,26.42,26.42,26.43,26.446,26.456,26.477,26.508,26.545,26.613,26.68,26.753,26.831,26.904,26.94,26.982,27.003,27.003,27.013,27.013,26.987,27.086,27.721,27.999,28.153,28.097,28.225,28.23,28.215,28.307,28.364,28.302,28.297,28.297,28.292,28.246,28.23,28.215,28.184,28.148,28.112,28.081,28.071,28.03,27.963,27.912,27.752,27.582,27.355,27.22,27.143,26.795,26.628,26.085,26.138,26.19,26.446,26.561,26.566,26.602,26.665,26.654,26.644,26.639,26.628,26.623,26.613,26.597,26.581,26.561,26.529,26.508,26.488,26.477,26.467,26.456,26.451,26.446,26.435,26.425,26.42,26.415,26.409,26.409,26.404,26.404,26.404,26.409,26.399,26.399,26.394,26.389,26.394,26.383,26.389,26.389,26.394,26.394,26.399,26.409,26.409,26.415,26.42,26.425,26.425,26.425,26.42,26.409,26.404,26.399,26.399,26.399,26.399,26.399,26.404,26.409,26.409,26.415,26.415,26.42,26.43,26.435,26.441,26.441,26.451,26.451,26.446,26.441,26.435,26.43,26.42,26.415,26.399,26.394,26.389,26.373,26.347,26.315,26.279,26.206,26.122,25.603,25.26,25.07,25.102,25.118,25.044,25.002,25.255,25.96,26.206,26.268,26.289,26.326,26.373,26.415,26.441,26.456,26.477,26.493,26.498,26.508,26.514,26.519,26.519,26.519,26.519,26.519,26.519,26.519,26.524,26.529,26.54,26.54,26.545,26.545,26.545,26.54,26.535,26.535,26.529,26.529,26.529,26.535,26.529,26.535,26.529,26.519,26.514,26.508,26.503,26.508,26.508,26.514,26.519,26.519,26.524,26.519,26.519,26.519,26.519,26.514,26.508,26.508,26.508,26.508,26.508,26.514,26.519,26.519,26.524,26.524,26.529,26.529,26.535,26.529,26.535,26.54,26.54,26.535,26.535,26.529,26.529,26.529,26.529,26.529,26.529,26.529,26.524,26.524,26.519,26.514,26.508,26.498,26.493,26.488,26.482,26.477,26.472,26.477,26.482,26.477,26.482,26.477,26.477,26.467,26.467,26.462,26.467,26.462,26.462,26.456,26.446,26.435,26.425,26.415,26.399,26.394,26.394,26.389,26.394,26.399,26.404,26.404,26.409,26.404,26.404,26.409,26.409,26.409,26.415,26.415,26.409,26.409,26.415,26.42
,26.529,26.529,26.524,26.524,26.519,26.514,26.508,26.498,26.488,26.482,26.477,26.477,26.477,26.477,26.477,26.477,26.477,26.477,26.477,26.477,26.472,26.467,26.467,26.467,26.472,26.467,26.467,26.472,26.477,26.482,26.488,26.493,26.498,26.508,26.508,26.519,26.524,26.524,26.529,26.535,26.535,26.535,26.524,26.503,26.477,26.409,26.389,26.321,26.033,25.524,25.065,24.97,24.98,25.181,25.086,25.297,25.802,26.038,26.216,26.289,26.342,26.378,26.409,26.435,26.451,26.462,26.472,26.477,26.482,26.493,26.498,26.503,26.514,26.514,26.519,26.519,26.514,26.514,26.508,26.503,26.488,26.482,26.482,26.472,26.472,26.467,26.456,26.446,26.435,26.425,26.415,26.404,26.399,26.394,26.399,26.404,26.404,26.409,26.404,26.404,26.404,26.409,26.415,26.42,26.43,26.425,26.425,26.42,26.42,26.42,26.43,26.43,26.451,26.467,26.482,26.508,26.561,26.623,26.691,26.753,26.821,26.899,26.94,26.982,27.003,27.013,27.018,27.044,27.148,27.106,27.778,28.046,27.979,28.164,28.302,28.271,28.384,28.399,28.405,28.42,28.415,28.405,28.389,28.358,28.323,28.302,28.271,28.256,28.205,28.189,28.158,28.117,28.087,28.112,27.968,27.902,27.824,27.623,27.293,26.951,26.665,26.185,26.143,26.085,26.242,26.357,26.493,26.54,26.581,26.623,26.628,26.634,26.639,26.634,26.628,26.618,26.607,26.581,26.561,26.535,26.519,26.503,26.493,26.482,26.472,26.456,26.446,26.441,26.43,26.425,26.42,26.42,26.42,26.42,26.42,26.415,26.415,26.409,26.404,26.399,26.399,26.394,26.394,26.394,26.394,26.404,26.404,26.409,26.415,26.425,26.43,26.43,26.43,26.43,26.42,26.409,26.404,26.399,26.399,26.399,26.399,26.404,26.404,26.409,26.409,26.415,26.415,26.42,26.43,26.435,26.441,26.446,26.446,26.451,26.451,26.446,26.441,26.43,26.425,26.415,26.404,26.394,26.389,26.373,26.357,26.321,26.3,26.248,26.185,25.96,25.318,24.97,25.107,25.076,25.007,25.017,25.165,25.897,26.19,26.174,26.289,26.315,26.362,26.404,26.43,26.451,26.472,26.482,26.498,26.503,26.508,26.514,26.519,26.519,26.519,26.514,26.514,26.519,26.524,26.529,26.54,26.55,26.55,26.55,26.55,26.545,26.54,26.535,26.535,26.529,26.529,26.535,26.535,26.535,26.535,26.524,26.519,26.508,26.503,26.503,26.508,26.508,26.519,26.519,26.519,26.519,26.519,26.519,26.514,26.508,26.508,26.514,26.508,26.503,26.508,26.508,26.514,26.519,26.519,26.524,26.524,26.529,26.529,26.535,26.535,26.54,26.54,26.535,26.54,26.535,26.529,26.535,26.54,26.535,26.535,26.535,26.535,26.535,26.529,26.524,26.514,26.503,26.498,26.493,26.482,26.477,26.477,26.482,26.482,26.477,26.482,26.477,26.477,26.472,26.462,26.456,26.456,26.462,26.456,26.456,26.446,26.43,26.425,26.409,26.399,26.399,26.389,26.399,26.399,26.404,26.409,26.409,26.404,26.399,26.399,26.404,26.404,26.409,26.415,26.409,26.409,26.409,26.409,26.42
,26.535,26.524,26.524,26.524,26.519,26.514,26.508,26.503,26.488,26.482,26.477,26.477,26.477,26.477,26.477,26.472,26.477,26.477,26.477,26.477,26.472,26.472,26.462,26.462,26.462,26.462,26.462,26.462,26.467,26.472,26.477,26.482,26.488,26.498,26.508,26.508,26.519,26.524,26.529,26.535,26.54,26.535,26.524,26.503,26.488,26.43,26.43,26.347,26.253,26.023,25.55,25.213,24.991,25.097,25.076,25.176,25.76,25.991,26.232,26.3,26.3,26.362,26.389,26.415,26.435,26.451,26.462,26.467,26.477,26.482,26.488,26.493,26.498,26.503,26.508,26.503,26.508,26.503,26.503,26.493,26.488,26.488,26.482,26.477,26.472,26.472,26.462,26.456,26.441,26.43,26.42,26.404,26.404,26.399,26.404,26.399,26.399,26.399,26.394,26.394,26.394,26.399,26.404,26.415,26.42,26.425,26.425,26.42,26.42,26.42,26.43,26.441,26.451,26.467,26.488,26.514,26.555,26.613,26.675,26.738,26.805,26.878,26.94,26.966,26.997,27.008,27.003,27.054,27.091,27.143,27.819,28.23,28.317,28.399,28.435,28.456,28.379,28.497,28.43,28.497,28.532,28.471,28.451,28.42,28.399,28.369,28.343,28.312,28.271,28.241,28.22,28.189,28.189,28.128,28.117,27.943,27.881,27.788,27.386,27.257,26.92,26.618,26.206,26.059,26.185,26.342,26.383,26.467,26.529,26.576,26.607,26.623,26.628,26.639,26.634,26.628,26.618,26.602,26.581,26.561,26.545,26.529,26.519,26.503,26.488,26.472,26.462,26.451,26.446,26.441,26.435,26.435,26.435,26.441,26.435,26.43,26.42,26.415,26.415,26.409,26.404,26.399,26.399,26.399,26.399,26.404,26.409,26.415,26.42,26.425,26.425,26.43,26.43,26.425,26.425,26.42,26.409,26.399,26.399,26.399,26.399,26.404,26.404,26.409,26.415,26.415,26.42,26.42,26.425,26.43,26.435,26.435,26.446,26.441,26.451,26.446,26.441,26.435,26.425,26.42,26.404,26.394,26.389,26.373,26.357,26.331,26.315,26.258,26.096,25.981,25.566,24.97,25.012,25.123,25.128,25.065,24.954,25.913,26.054,26.258,26.263,26.3,26.352,26.394,26.425,26.446,26.462,26.477,26.488,26.503,26.508,26.508,26.514,26.519,26.514,26.514,26.519,26.519,26.524,26.535,26.535,26.55,26.555,26.555,26.555,26.55,26.545,26.54,26.535,26.524,26.529,26.529,26.535,26.535,26.535,26.524,26.514,26.503,26.498,26.498,26.503,26.503,26.508,26.514,26.514,26.519,26.514,26.514,26.508,26.508,26.503,26.503,26.503,26.503,26.503,26.508,26.514,26.514,26.519,26.519,26.524,26.524,26.529,26.529,26.535,26.535,26.54,26.54,26.54,26.535,26.54,26.545,26.545,26.545,26.545,26.545,26.545,26.54,26.535,26.535,26.519,26.514,26.514,26.477,26.482,26.477,26.477,26.482,26.477,26.482,26.482,26.477,26.477,26.467,26.456,26.456,26.456,26.456,26.456,26.446,26.441,26.43,26.42,26.404,26.404,26.399,26.394,26.399,26.399,26.409,26.404,26.404,26.404,26.404,26.394,26.404,26.404,26.409,26.409,26.409,26.409,26.409,26.409,26.42
,26.529,26.529,26.524,26.524,26.524,26.514,26.508,26.498,26.488,26.482,26.482,26.477,26.477,26.477,26.472,26.472,26.472,26.477,26.477,26.477,26.472,26.462,26.456,26.451,26.446,26.451,26.451,26.456,26.456,26.462,26.467,26.472,26.482,26.493,26.498,26.503,26.514,26.519,26.529,26.535,26.535,26.529,26.519,26.503,26.482,26.456,26.451,26.336,26.284,26.242,25.703,25.081,25.07,25.039,25.118,25.155,25.618,25.918,26.132,26.242,26.284,26.326,26.368,26.394,26.42,26.441,26.451,26.456,26.467,26.472,26.477,26.477,26.488,26.493,26.493,26.493,26.493,26.498,26.493,26.493,26.493,26.482,26.482,26.477,26.477,26.472,26.462,26.456,26.446,26.435,26.425,26.415,26.404,26.399,26.404,26.399,26.399,26.394,26.389,26.383,26.389,26.389,26.399,26.409,26.415,26.425,26.42,26.42,26.42,26.42,26.43,26.435,26.451,26.467,26.482,26.514,26.55,26.618,26.665,26.717,26.779,26.857,26.914,26.951,26.977,26.982,27.018,27.039,27.029,27.101,27.896,28.302,28.405,28.461,28.517,28.594,28.568,28.604,28.532,28.568,28.543,28.532,28.527,28.481,28.435,28.41,28.394,28.369,28.333,28.297,28.266,28.23,28.21,28.189,28.123,28.004,27.938,27.845,27.757,27.432,27.127,26.883,26.404,26.096,26.153,26.216,26.331,26.368,26.446,26.519,26.566,26.597,26.618,26.628,26.634,26.634,26.623,26.618,26.597,26.581,26.566,26.555,26.54,26.519,26.503,26.488,26.472,26.467,26.462,26.456,26.451,26.451,26.451,26.446,26.446,26.435,26.435,26.425,26.42,26.415,26.415,26.409,26.404,26.404,26.404,26.409,26.415,26.42,26.425,26.43,26.435,26.435,26.43,26.43,26.425,26.42,26.415,26.404,26.404,26.399,26.404,26.404,26.415,26.415,26.42,26.42,26.42,26.425,26.43,26.43,26.441,26.441,26.446,26.446,26.441,26.446,26.441,26.435,26.43,26.415,26.404,26.394,26.389,26.373,26.368,26.336,26.305,26.3,26.253,26.054,25.834,25.102,25.044,25.134,25.123,24.98,24.906,25.724,26.19,26.122,26.216,26.279,26.342,26.383,26.415,26.441,26.462,26.477,26.488,26.503,26.508,26.508,26.514,26.508,26.514,26.514,26.508,26.519,26.519,26.529,26.535,26.55,26.55,26.561,26.561,26.555,26.55,26.545,26.535,26.535,26.535,26.535,26.535,26.54,26.535,26.524,26.508,26.498,26.493,26.488,26.493,26.498,26.503,26.503,26.508,26.508,26.508,26.508,26.503,26.498,26.498,26.503,26.503,26.503,26.503,26.503,26.508,26.508,26.508,26.519,26.519,26.524,26.524,26.529,26.529,26.535,26.535,26.54,26.54,26.54,26.54,26.55,26.55,26.555,26.561,26.561,26.55,26.55,26.54,26.535,26.545,26.519,26.514,26.498,26.498,26.488,26.482,26.482,26.477,26.482,26.482,26.482,26.477,26.462,26.462,26.456,26.456,26.456,26.456,26.446,26.441,26.425,26.415,26.409,26.404,26.404,26.409,26.409,26.415,26.42,26.415,26.415,26.409,26.404,26.404,26.404,26.404,26.404,26.404,26.404,26.404,26.404,26.409,26.42
,26.524,26.519,26.514,26.514,26.519,26.514,26.508,26.498,26.493,26.488,26.482,26.482,26.482,26.477,26.477,26.472,26.472,26.477,26.477,26.477,26.472,26.462,26.456,26.451,26.446,26.441,26.441,26.446,26.456,26.456,26.467,26.467,26.472,26.477,26.482,26.498,26.503,26.514,26.519,26.529,26.529,26.529,26.519,26.508,26.498,26.472,26.435,26.415,26.315,26.2,26.038,25.492,25.086,25.065,25.113,25.081,25.197,25.613,26.138,26.18,26.242,26.279,26.326,26.378,26.399,26.42,26.441,26.446,26.456,26.462,26.462,26.467,26.472,26.477,26.477,26.482,26.482,26.488,26.488,26.488,26.488,26.488,26.477,26.477,26.477,26.472,26.467,26.462,26.456,26.446,26.43,26.425,26.409,26.404,26.404,26.399,26.394,26.389,26.383,26.383,26.378,26.383,26.394,26.404,26.409,26.42,26.42,26.42,26.42,26.42,26.43,26.435,26.451,26.467,26.477,26.508,26.54,26.602,26.649,26.701,26.753,26.816,26.873,26.92,26.945,26.956,27.003,26.966,26.868,27.117,27.922,28.353,28.364,28.41,28.492,28.563,28.716,28.66,28.66,28.604,28.584,28.517,28.522,28.502,28.584,28.502,28.435,28.364,28.369,28.353,28.323,28.302,28.256,28.189,28.117,28.035,27.953,27.824,27.773,27.505,27.344,27.003,26.701,26.18,26.07,26.148,26.253,26.331,26.394,26.467,26.514,26.566,26.592,26.613,26.623,26.628,26.623,26.618,26.607,26.592,26.581,26.571,26.555,26.535,26.514,26.503,26.482,26.477,26.472,26.467,26.467,26.462,26.462,26.462,26.456,26.451,26.441,26.435,26.435,26.425,26.42,26.415,26.409,26.409,26.415,26.42,26.42,26.425,26.43,26.43,26.435,26.435,26.435,26.43,26.43,26.425,26.42,26.415,26.404,26.404,26.409,26.409,26.415,26.42,26.425,26.425,26.43,26.43,26.43,26.435,26.441,26.435,26.446,26.446,26.441,26.446,26.441,26.435,26.43,26.415,26.404,26.399,26.394,26.383,26.373,26.342,26.315,26.289,26.279,26.054,25.776,25.086,25.097,25.102,25.076,25.033,24.949,25.629,26.112,26.174,26.159,26.248,26.326,26.378,26.409,26.435,26.451,26.472,26.488,26.503,26.508,26.514,26.514,26.508,26.508,26.514,26.514,26.519,26.519,26.524,26.535,26.54,26.55,26.555,26.561,26.555,26.55,26.545,26.54,26.529,26.535,26.535,26.535,26.54,26.535,26.524,26.508,26.498,26.493,26.482,26.488,26.493,26.498,26.498,26.503,26.503,26.503,26.503,26.503,26.498,26.493,26.493,26.493,26.503,26.503,26.503,26.508,26.508,26.514,26.514,26.519,26.519,26.519,26.524,26.529,26.535,26.535,26.535,26.54,26.54,26.545,26.545,26.555,26.561,26.561,26.561,26.555,26.55,26.545,26.54,26.54,26.503,26.493,26.503,26.498,26.493,26.488,26.488,26.488,26.488,26.482,26.482,26.477,26.462,26.456,26.456,26.456,26.456,26.451,26.441,26.435,26.42,26.415,26.409,26.409,26.409,26.415,26.42,26.42,26.42,26.42,26.415,26.415,26.409,26.399,26.404,26.404,26.404,26.394,26.399,26.394,26.404,26.409,26.415
,26.519,26.514,26.519,26.514,26.514,26.514,26.508,26.503,26.493,26.493,26.488,26.488,26.488,26.482,26.477,26.477,26.472,26.477,26.477,26.472,26.467,26.462,26.456,26.451,26.446,26.446,26.441,26.446,26.451,26.451,26.451,26.456,26.456,26.467,26.472,26.482,26.493,26.503,26.508,26.514,26.519,26.524,26.519,26.508,26.493,26.477,26.462,26.42,26.357,26.315,26.138,25.671,25.192,25.102,25.076,24.996,25.155,25.429,25.787,26.059,26.106,26.211,26.279,26.342,26.378,26.409,26.43,26.435,26.451,26.446,26.456,26.462,26.467,26.462,26.472,26.472,26.472,26.477,26.472,26.477,26.477,26.477,26.477,26.477,26.477,26.472,26.472,26.467,26.456,26.451,26.441,26.43,26.415,26.404,26.404,26.399,26.394,26.389,26.383,26.378,26.378,26.383,26.394,26.399,26.409,26.415,26.42,26.42,26.42,26.42,26.43,26.43,26.446,26.456,26.477,26.503,26.529,26.581,26.634,26.68,26.738,26.784,26.842,26.883,26.914,26.925,26.925,26.935,26.857,27.153,28.015,28.399,28.415,28.456,28.532,28.399,28.665,28.67,28.686,28.66,28.655,28.706,28.65,28.619,28.578,28.538,28.522,28.435,28.369,28.379,28.384,28.394,28.323,28.225,28.169,28.081,27.979,27.917,27.618,27.685,27.463,27.148,27.023,26.394,26.112,26.112,26.101,26.263,26.362,26.42,26.477,26.519,26.571,26.592,26.607,26.607,26.618,26.613,26.607,26.602,26.592,26.587,26.571,26.55,26.529,26.514,26.503,26.498,26.493,26.488,26.488,26.477,26.477,26.477,26.467,26.462,26.456,26.446,26.441,26.435,26.435,26.425,26.42,26.415,26.42,26.425,26.43,26.43,26.435,26.435,26.435,26.435,26.435,26.435,26.435,26.43,26.43,26.425,26.415,26.415,26.415,26.415,26.415,26.425,26.43,26.43,26.435,26.43,26.435,26.441,26.441,26.435,26.446,26.446,26.441,26.446,26.441,26.435,26.43,26.42,26.409,26.404,26.399,26.389,26.378,26.352,26.321,26.279,26.284,26.127,25.86,25.134,25.097,25.076,25.06,25.081,25.002,25.44,25.954,26.153,26.227,26.268,26.315,26.357,26.404,26.43,26.451,26.472,26.488,26.503,26.508,26.508,26.508,26.508,26.508,26.508,26.514,26.514,26.519,26.524,26.529,26.535,26.545,26.555,26.555,26.555,26.55,26.545,26.54,26.535,26.535,26.529,26.535,26.535,26.535,26.519,26.503,26.493,26.482,26.482,26.488,26.488,26.493,26.498,26.498,26.498,26.498,26.498,26.498,26.498,26.498,26.493,26.493,26.498,26.498,26.503,26.503,26.508,26.514,26.514,26.519,26.514,26.519,26.524,26.524,26.529,26.535,26.529,26.529,26.54,26.54,26.545,26.555,26.555,26.555,26.561,26.555,26.55,26.545,26.54,26.535,26.524,26.514,26.503,26.498,26.493,26.493,26.488,26.482,26.482,26.488,26.482,26.477,26.467,26.462,26.456,26.456,26.451,26.446,26.441,26.43,26.425,26.415,26.415,26.415,26.42,26.425,26.43,26.435,26.43,26.425,26.425,26.42,26.415,26.42,26.404,26.394,26.399,26.394,26.399,26.394,26.399,26.404,26.409
,26.514,26.508,26.508,26.514,26.514,26.514,26.508,26.498,26.498,26.493,26.493,26.493,26.493,26.488,26.482,26.482,26.477,26.477,26.477,26.472,26.462,26.462,26.456,26.456,26.446,26.446,26.441,26.446,26.451,26.446,26.446,26.451,26.451,26.456,26.467,26.477,26.482,26.488,26.498,26.503,26.508,26.514,26.514,26.508,26.498,26.482,26.462,26.435,26.42,26.378,26.295,25.954,25.455,25.113,25.065,25.033,25.06,25.091,25.624,25.913,26.127,26.19,26.253,26.315,26.352,26.389,26.415,26.425,26.441,26.446,26.451,26.456,26.451,26.456,26.456,26.462,26.462,26.467,26.467,26.472,26.472,26.472,26.472,26.467,26.467,26.472,26.467,26.462,26.456,26.451,26.446,26.43,26.425,26.415,26.404,26.399,26.394,26.389,26.383,26.383,26.378,26.383,26.383,26.394,26.404,26.409,26.415,26.42,26.42,26.42,26.425,26.425,26.435,26.451,26.467,26.488,26.524,26.566,26.607,26.654,26.696,26.758,26.81,26.852,26.878,26.883,26.894,26.826,26.758,27.463,28.261,28.307,28.435,28.461,28.492,28.43,28.532,28.415,28.481,28.486,28.425,28.189,28.507,28.553,28.532,28.512,28.553,28.379,28.471,28.42,28.41,28.374,28.364,28.328,28.205,28.123,28.03,27.917,27.819,27.757,27.582,27.189,27.106,26.467,26.091,26.08,26.132,26.19,26.3,26.373,26.43,26.482,26.529,26.561,26.581,26.592,26.597,26.602,26.602,26.597,26.592,26.587,26.581,26.561,26.545,26.529,26.524,26.519,26.508,26.503,26.498,26.493,26.488,26.488,26.477,26.472,26.467,26.462,26.456,26.446,26.441,26.43,26.425,26.425,26.43,26.43,26.435,26.441,26.441,26.441,26.441,26.441,26.446,26.441,26.441,26.435,26.435,26.43,26.42,26.415,26.415,26.415,26.425,26.43,26.43,26.43,26.435,26.435,26.441,26.441,26.441,26.441,26.446,26.441,26.446,26.441,26.441,26.435,26.43,26.425,26.415,26.409,26.404,26.394,26.383,26.362,26.326,26.295,26.211,26.263,25.818,25.324,25.049,25.102,25.07,25.091,25.007,25.197,25.96,26.19,26.18,26.242,26.305,26.352,26.399,26.425,26.451,26.472,26.488,26.503,26.508,26.508,26.508,26.508,26.508,26.508,26.514,26.519,26.519,26.524,26.524,26.529,26.535,26.54,26.55,26.55,26.545,26.54,26.535,26.529,26.529,26.535,26.535,26.535,26.535,26.519,26.503,26.493,26.482,26.477,26.482,26.488,26.493,26.493,26.498,26.498,26.498,26.503,26.503,26.498,26.493,26.488,26.488,26.493,26.498,26.503,26.508,26.508,26.514,26.519,26.519,26.519,26.519,26.519,26.524,26.524,26.524,26.524,26.524,26.529,26.535,26.54,26.545,26.55,26.555,26.555,26.555,26.55,26.545,26.535,26.529,26.519,26.514,26.508,26.508,26.498,26.493,26.488,26.488,26.488,26.482,26.482,26.477,26.467,26.462,26.456,26.456,26.451,26.446,26.435,26.43,26.425,26.42,26.42,26.42,26.425,26.43,26.43,26.435,26.43,26.43,26.425,26.425,26.42,26.42,26.409,26.389,26.399,26.394,26.394,26.394,26.399,26.404,26.409
,26.508,26.508,26.508,26.514,26.514,26.514,26.508,26.503,26.498,26.498,26.493,26.493,26.493,26.493,26.488,26.482,26.477,26.472,26.472,26.472,26.467,26.467,26.462,26.456,26.456,26.451,26.446,26.446,26.441,26.441,26.441,26.446,26.446,26.456,26.467,26.472,26.477,26.482,26.488,26.498,26.503,26.503,26.514,26.514,26.503,26.493,26.477,26.451,26.42,26.404,26.42,26.206,25.471,25.102,25.023,25.012,25.113,25.017,25.229,25.876,26.054,26.138,26.206,26.289,26.331,26.368,26.404,26.42,26.435,26.441,26.446,26.446,26.446,26.446,26.451,26.456,26.456,26.462,26.462,26.462,26.467,26.472,26.467,26.462,26.467,26.467,26.467,26.462,26.456,26.451,26.446,26.435,26.43,26.425,26.409,26.409,26.399,26.399,26.389,26.383,26.383,26.378,26.383,26.389,26.404,26.409,26.415,26.415,26.415,26.42,26.42,26.425,26.435,26.441,26.462,26.482,26.514,26.55,26.587,26.639,26.68,26.727,26.779,26.81,26.842,26.878,26.857,26.883,26.888,27.458,28.317,28.41,28.389,28.425,28.374,28.22,28.184,28.179,28.164,28.189,28.138,28.153,28.102,28.066,28.076,28.035,27.943,28.323,28.394,28.374,28.394,28.435,28.399,28.384,28.241,28.148,28.123,27.948,27.799,27.778,27.556,27.422,27.137,26.467,26.085,26.159,26.148,26.232,26.284,26.336,26.394,26.435,26.482,26.519,26.545,26.566,26.581,26.587,26.592,26.592,26.592,26.587,26.587,26.571,26.555,26.555,26.545,26.54,26.535,26.519,26.514,26.503,26.503,26.498,26.493,26.488,26.482,26.472,26.467,26.456,26.451,26.446,26.435,26.435,26.435,26.441,26.451,26.451,26.456,26.456,26.456,26.451,26.451,26.451,26.451,26.451,26.446,26.435,26.43,26.42,26.42,26.42,26.425,26.435,26.435,26.441,26.441,26.441,26.441,26.441,26.446,26.446,26.446,26.446,26.446,26.446,26.441,26.435,26.43,26.425,26.42,26.415,26.409,26.404,26.389,26.368,26.336,26.315,26.263,26.19,25.871,25.545,24.986,25.097,25.081,25.044,24.991,25.049,25.855,26.117,26.216,26.242,26.3,26.362,26.399,26.43,26.451,26.472,26.488,26.503,26.503,26.508,26.508,26.508,26.508,26.514,26.514,26.519,26.519,26.519,26.519,26.524,26.529,26.535,26.54,26.545,26.54,26.535,26.529,26.524,26.524,26.529,26.529,26.535,26.535,26.519,26.508,26.498,26.482,26.482,26.482,26.488,26.493,26.498,26.503,26.503,26.503,26.503,26.508,26.503,26.493,26.493,26.488,26.498,26.503,26.508,26.514,26.514,26.519,26.519,26.519,26.519,26.519,26.524,26.524,26.519,26.524,26.524,26.524,26.524,26.529,26.529,26.535,26.54,26.545,26.55,26.55,26.55,26.545,26.529,26.529,26.524,26.519,26.514,26.508,26.503,26.498,26.493,26.493,26.493,26.488,26.482,26.477,26.472,26.467,26.462,26.456,26.451,26.441,26.435,26.435,26.43,26.43,26.425,26.43,26.435,26.435,26.441,26.435,26.435,26.435,26.43,26.435,26.42,26.42,26.415,26.415,26.399,26.399,26.399,26.399,26.399,26.409,26.409
,26.508,26.508,26.508,26.514,26.514,26.514,26.514,26.508,26.503,26.498,26.503,26.498,26.498,26.498,26.493,26.482,26.482,26.477,26.477,26.472,26.472,26.467,26.467,26.462,26.456,26.456,26.451,26.446,26.441,26.441,26.446,26.446,26.446,26.456,26.462,26.467,26.472,26.477,26.488,26.493,26.498,26.508,26.508,26.508,26.503,26.498,26.488,26.467,26.43,26.477,26.508,26.195,25.813,25.482,25.012,25.012,25.002,25.044,25.091,25.902,25.965,26.148,26.2,26.268,26.305,26.352,26.389,26.404,26.425,26.435,26.435,26.446,26.446,26.446,26.446,26.451,26.451,26.456,26.456,26.462,26.462,26.462,26.467,26.467,26.462,26.467,26.467,26.462,26.456,26.451,26.446,26.446,26.435,26.43,26.42,26.415,26.404,26.399,26.389,26.389,26.378,26.383,26.383,26.394,26.399,26.404,26.409,26.415,26.42,26.42,26.43,26.43,26.435,26.441,26.462,26.477,26.508,26.54,26.576,26.618,26.665,26.701,26.748,26.79,26.816,26.847,26.873,26.873,26.904,27.484,28.266,28.399,28.343,28.246,28.215,28.128,28.225,28.179,28.174,28.153,28.117,28.071,28.056,27.984,28.066,27.974,27.968,27.989,28.066,28.133,28.153,28.323,28.343,28.353,28.302,28.194,28.117,27.979,27.855,27.721,27.68,27.334,27.049,26.462,26.169,26.185,26.19,26.227,26.279,26.321,26.373,26.415,26.456,26.493,26.519,26.54,26.561,26.571,26.581,26.581,26.592,26.587,26.587,26.581,26.576,26.571,26.561,26.561,26.545,26.54,26.524,26.519,26.514,26.508,26.498,26.493,26.493,26.488,26.482,26.477,26.467,26.456,26.451,26.446,26.446,26.451,26.451,26.462,26.462,26.462,26.462,26.462,26.462,26.462,26.462,26.462,26.456,26.446,26.435,26.425,26.42,26.42,26.425,26.43,26.441,26.441,26.441,26.435,26.435,26.441,26.446,26.446,26.446,26.451,26.446,26.441,26.441,26.435,26.43,26.43,26.425,26.425,26.415,26.415,26.404,26.378,26.357,26.321,26.279,26.2,25.975,25.624,25.102,25.065,25.091,25.07,25.097,25.017,25.802,25.981,26.195,26.268,26.305,26.362,26.399,26.43,26.451,26.472,26.493,26.498,26.508,26.508,26.508,26.514,26.514,26.519,26.519,26.519,26.519,26.519,26.519,26.519,26.524,26.529,26.54,26.54,26.535,26.529,26.524,26.524,26.524,26.524,26.535,26.535,26.535,26.524,26.514,26.503,26.493,26.493,26.493,26.493,26.498,26.503,26.503,26.508,26.514,26.514,26.514,26.508,26.503,26.503,26.498,26.498,26.508,26.508,26.519,26.524,26.519,26.524,26.529,26.524,26.524,26.524,26.529,26.529,26.519,26.519,26.524,26.524,26.524,26.524,26.529,26.535,26.54,26.545,26.55,26.55,26.545,26.54,26.524,26.524,26.519,26.519,26.519,26.514,26.508,26.503,26.498,26.493,26.493,26.488,26.482,26.477,26.472,26.467,26.462,26.451,26.446,26.441,26.435,26.441,26.435,26.435,26.441,26.441,26.435,26.441,26.441,26.441,26.441,26.435,26.435,26.425,26.425,26.42,26.415,26.409,26.404,26.404,26.404,26.404,26.415,26.42
,26.508,26.508,26.508,26.514,26.519,26.514,26.519,26.508,26.503,26.503,26.503,26.498,26.498,26.493,26.493,26.488,26.482,26.482,26.482,26.477,26.472,26.467,26.467,26.462,26.462,26.456,26.446,26.451,26.441,26.441,26.446,26.446,26.451,26.462,26.467,26.472,26.472,26.477,26.482,26.493,26.493,26.503,26.508,26.508,26.508,26.503,26.493,26.488,26.493,26.477,26.389,26.368,25.965,25.634,24.996,25.007,24.996,25.033,25.065,25.455,26.017,26.18,26.18,26.227,26.289,26.331,26.373,26.394,26.415,26.43,26.435,26.441,26.441,26.441,26.446,26.451,26.451,26.462,26.456,26.462,26.462,26.467,26.467,26.462,26.467,26.467,26.462,26.462,26.456,26.456,26.451,26.446,26.435,26.43,26.425,26.415,26.409,26.399,26.394,26.389,26.383,26.383,26.383,26.394,26.404,26.409,26.415,26.42,26.425,26.425,26.43,26.43,26.435,26.441,26.462,26.477,26.508,26.535,26.571,26.607,26.644,26.68,26.727,26.769,26.795,26.816,26.831,26.852,26.935,27.515,28.317,28.348,28.276,28.087,28.164,28.148,28.164,28.102,28.112,28.076,28.061,28.025,27.994,27.984,28.03,27.984,27.989,27.999,28.046,28.097,28.081,28.158,28.205,28.2,28.271,28.174,28.128,28.102,27.922,27.685,27.639,27.505,27.137,26.472,26.174,26.221,26.216,26.237,26.289,26.326,26.362,26.404,26.441,26.472,26.503,26.524,26.545,26.561,26.571,26.576,26.581,26.587,26.587,26.592,26.581,26.587,26.576,26.571,26.561,26.545,26.535,26.529,26.524,26.519,26.514,26.514,26.503,26.503,26.493,26.488,26.477,26.472,26.462,26.456,26.456,26.462,26.472,26.467,26.472,26.472,26.472,26.472,26.477,26.472,26.472,26.472,26.462,26.451,26.441,26.43,26.425,26.42,26.425,26.435,26.435,26.446,26.441,26.441,26.441,26.446,26.441,26.451,26.451,26.451,26.451,26.441,26.441,26.435,26.435,26.435,26.43,26.43,26.425,26.425,26.409,26.389,26.368,26.336,26.274,26.253,26.2,25.687,25.086,25.107,25.118,25.118,24.996,25.007,25.592,26.012,26.2,26.237,26.305,26.362,26.394,26.43,26.456,26.472,26.488,26.498,26.503,26.508,26.508,26.514,26.519,26.519,26.519,26.519,26.519,26.514,26.514,26.519,26.524,26.529,26.529,26.535,26.529,26.524,26.524,26.514,26.519,26.524,26.529,26.535,26.535,26.529,26.519,26.514,26.503,26.498,26.498,26.498,26.503,26.514,26.514,26.514,26.514,26.514,26.514,26.514,26.508,26.503,26.508,26.508,26.514,26.514,26.519,26.529,26.529,26.535,26.535,26.535,26.535,26.535,26.535,26.535,26.535,26.529,26.524,26.524,26.524,26.519,26.529,26.524,26.54,26.545,26.545,26.55,26.545,26.54,26.535,26.529,26.529,26.524,26.524,26.519,26.514,26.508,26.503,26.503,26.493,26.493,26.488,26.482,26.477,26.477,26.472,26.462,26.456,26.451,26.451,26.446,26.446,26.441,26.446,26.446,26.446,26.446,26.446,26.451,26.446,26.446,26.446,26.441,26.435,26.425,26.42,26.415,26.415,26.415,26.415,26.42,26.425,26.43
,26.514,26.514,26.519,26.519,26.524,26.524,26.519,26.514,26.514,26.503,26.498,26.498,26.493,26.493,26.493,26.482,26.482,26.488,26.482,26.482,26.477,26.472,26.462,26.462,26.462,26.456,26.451,26.446,26.446,26.446,26.446,26.446,26.451,26.462,26.467,26.472,26.477,26.477,26.482,26.493,26.498,26.503,26.508,26.508,26.508,26.508,26.503,26.493,26.488,26.493,26.415,26.342,26.321,25.724,25.345,24.975,24.964,24.975,25.017,25.139,25.802,26.138,26.169,26.2,26.274,26.321,26.352,26.383,26.409,26.42,26.43,26.441,26.441,26.441,26.446,26.451,26.456,26.462,26.462,26.472,26.467,26.472,26.467,26.467,26.472,26.467,26.462,26.456,26.456,26.456,26.451,26.446,26.435,26.435,26.425,26.415,26.404,26.399,26.394,26.389,26.383,26.389,26.394,26.399,26.409,26.415,26.42,26.425,26.425,26.43,26.43,26.435,26.441,26.446,26.456,26.477,26.503,26.529,26.561,26.592,26.628,26.665,26.696,26.738,26.769,26.795,26.888,26.888,26.894,27.525,28.358,28.261,28.158,28.169,28.112,27.989,28.076,28.066,28.066,28.04,28.004,27.974,27.958,27.943,27.943,27.943,27.953,27.943,27.968,28.02,28.056,28.066,27.958,27.999,28.174,28.112,28.046,28.123,27.922,27.716,27.716,27.541,27.086,26.508,26.232,26.284,26.258,26.274,26.3,26.336,26.368,26.409,26.441,26.467,26.488,26.514,26.535,26.555,26.571,26.576,26.581,26.592,26.592,26.592,26.597,26.592,26.587,26.587,26.576,26.561,26.55,26.54,26.535,26.529,26.529,26.524,26.519,26.519,26.514,26.503,26.493,26.482,26.472,26.467,26.472,26.472,26.482,26.482,26.482,26.488,26.488,26.482,26.482,26.482,26.482,26.477,26.472,26.456,26.446,26.435,26.43,26.425,26.43,26.435,26.441,26.441,26.446,26.441,26.441,26.446,26.446,26.451,26.451,26.446,26.446,26.441,26.441,26.435,26.441,26.435,26.435,26.435,26.435,26.425,26.42,26.399,26.378,26.342,26.315,26.185,26.059,25.802,25.171,25.134,25.186,25.15,25.054,25.002,25.313,26.023,26.221,26.268,26.295,26.362,26.399,26.43,26.451,26.467,26.482,26.498,26.503,26.503,26.508,26.514,26.519,26.519,26.519,26.519,26.514,26.514,26.508,26.514,26.519,26.524,26.529,26.524,26.529,26.524,26.514,26.519,26.519,26.524,26.529,26.535,26.54,26.535,26.529,26.519,26.514,26.508,26.503,26.508,26.514,26.514,26.514,26.519,26.519,26.519,26.519,26.519,26.514,26.514,26.514,26.514,26.519,26.524,26.529,26.529,26.535,26.54,26.54,26.545,26.545,26.545,26.545,26.55,26.54,26.54,26.535,26.529,26.529,26.529,26.524,26.535,26.54,26.545,26.55,26.55,26.545,26.545,26.54,26.535,26.535,26.535,26.529,26.535,26.524,26.519,26.514,26.508,26.508,26.498,26.493,26.482,26.488,26.477,26.472,26.467,26.462,26.456,26.456,26.451,26.446,26.441,26.446,26.446,26.446,26.451,26.451,26.451,26.456,26.456,26.451,26.441,26.435,26.43,26.43,26.425,26.42,26.42,26.425,26.425,26.43,26.43
,26.514,26.519,26.519,26.524,26.529,26.524,26.524,26.519,26.508,26.503,26.498,26.493,26.488,26.493,26.488,26.488,26.488,26.488,26.488,26.482,26.477,26.472,26.462,26.462,26.456,26.456,26.451,26.446,26.446,26.446,26.451,26.451,26.462,26.467,26.472,26.472,26.477,26.488,26.482,26.488,26.493,26.498,26.503,26.503,26.508,26.508,26.508,26.503,26.488,26.451,26.415,26.399,26.305,26.279,25.608,25.076,24.98,24.991,25.076,25.086,25.561,25.96,26.18,26.2,26.258,26.3,26.342,26.373,26.394,26.409,26.425,26.43,26.441,26.446,26.451,26.451,26.456,26.467,26.472,26.477,26.477,26.477,26.472,26.472,26.472,26.472,26.467,26.467,26.462,26.456,26.451,26.446,26.435,26.43,26.425,26.415,26.404,26.394,26.389,26.389,26.389,26.389,26.399,26.409,26.415,26.42,26.425,26.435,26.435,26.435,26.435,26.435,26.441,26.446,26.456,26.477,26.503,26.529,26.561,26.581,26.613,26.644,26.675,26.717,26.743,26.784,26.81,26.862,26.842,27.484,28.317,28.21,28.22,28.087,28.061,28.04,28.046,28.025,28.004,27.989,27.958,27.938,27.922,27.912,27.907,27.902,27.902,27.902,27.912,27.927,27.917,27.932,27.881,27.896,27.891,27.922,27.835,27.83,27.907,27.835,27.68,27.551,27.091,26.488,26.242,26.237,26.232,26.321,26.336,26.352,26.383,26.42,26.446,26.472,26.498,26.514,26.535,26.55,26.571,26.576,26.581,26.587,26.592,26.602,26.602,26.602,26.602,26.597,26.581,26.571,26.561,26.555,26.55,26.545,26.54,26.54,26.535,26.529,26.524,26.514,26.503,26.493,26.488,26.482,26.488,26.488,26.493,26.493,26.493,26.493,26.493,26.493,26.493,26.493,26.488,26.482,26.472,26.462,26.451,26.441,26.435,26.43,26.435,26.441,26.446,26.441,26.446,26.441,26.435,26.441,26.446,26.446,26.451,26.446,26.446,26.446,26.441,26.441,26.441,26.441,26.446,26.441,26.441,26.43,26.43,26.415,26.389,26.362,26.342,26.274,26.143,25.85,25.26,25.081,25.171,25.181,25.144,25.081,25.308,26.033,26.268,26.279,26.31,26.357,26.389,26.425,26.446,26.467,26.482,26.493,26.498,26.503,26.508,26.508,26.519,26.519,26.519,26.519,26.514,26.514,26.508,26.514,26.519,26.524,26.529,26.529,26.529,26.524,26.519,26.514,26.519,26.524,26.529,26.529,26.54,26.535,26.535,26.524,26.519,26.514,26.514,26.514,26.519,26.519,26.519,26.519,26.519,26.519,26.519,26.519,26.519,26.514,26.519,26.519,26.524,26.529,26.529,26.535,26.54,26.545,26.545,26.55,26.55,26.55,26.55,26.55,26.55,26.545,26.54,26.54,26.535,26.535,26.535,26.54,26.55,26.555,26.55,26.55,26.55,26.54,26.54,26.54,26.54,26.54,26.535,26.535,26.524,26.519,26.514,26.514,26.514,26.503,26.508,26.493,26.488,26.488,26.482,26.472,26.472,26.467,26.462,26.451,26.446,26.446,26.441,26.446,26.451,26.456,26.456,26.462,26.456,26.456,26.462,26.456,26.451,26.441,26.441,26.435,26.43,26.435,26.43,26.441,26.435,26.435
,26.519,26.519,26.524,26.529,26.529,26.529,26.524,26.514,26.508,26.503,26.498,26.493,26.488,26.488,26.488,26.482,26.488,26.493,26.488,26.482,26.477,26.472,26.462,26.456,26.456,26.451,26.451,26.441,26.441,26.446,26.451,26.456,26.462,26.467,26.472,26.477,26.482,26.482,26.488,26.493,26.498,26.498,26.498,26.503,26.503,26.503,26.508,26.498,26.482,26.482,26.477,26.456,26.347,26.3,25.944,25.313,24.975,24.996,25.049,25.049,25.181,25.708,26.2,26.174,26.232,26.284,26.331,26.357,26.383,26.404,26.42,26.43,26.441,26.446,26.456,26.456,26.462,26.472,26.477,26.477,26.482,26.477,26.477,26.477,26.472,26.472,26.467,26.467,26.456,26.451,26.446,26.441,26.43,26.425,26.42,26.409,26.399,26.394,26.389,26.383,26.383,26.394,26.399,26.409,26.42,26.425,26.43,26.435,26.435,26.43,26.435,26.435,26.441,26.446,26.456,26.472,26.498,26.519,26.545,26.571,26.592,26.623,26.649,26.686,26.717,26.758,26.795,26.899,26.894,27.339,28.205,28.189,28.174,28.112,28.035,28.025,28.004,27.984,27.958,27.938,27.917,27.881,27.886,27.876,27.866,27.866,27.855,27.855,27.845,27.85,27.85,27.85,27.824,27.824,27.814,27.793,27.783,27.809,27.726,27.804,27.685,27.489,27.086,26.727,26.347,26.315,26.336,26.336,26.368,26.389,26.42,26.446,26.462,26.488,26.503,26.524,26.54,26.561,26.571,26.576,26.587,26.587,26.592,26.602,26.607,26.607,26.602,26.597,26.592,26.581,26.571,26.571,26.566,26.566,26.561,26.55,26.55,26.545,26.529,26.524,26.514,26.503,26.498,26.503,26.503,26.508,26.508,26.508,26.503,26.503,26.498,26.503,26.498,26.503,26.493,26.493,26.482,26.472,26.462,26.446,26.441,26.441,26.441,26.446,26.446,26.446,26.441,26.441,26.441,26.441,26.441,26.441,26.446,26.446,26.441,26.441,26.446,26.446,26.446,26.446,26.446,26.441,26.441,26.435,26.435,26.42,26.404,26.378,26.321,26.321,26.258,25.86,25.345,25.208,25.15,25.171,25.155,25.139,25.26,25.96,26.216,26.258,26.295,26.362,26.389,26.42,26.441,26.462,26.477,26.493,26.498,26.503,26.508,26.508,26.514,26.519,26.514,26.514,26.508,26.514,26.508,26.519,26.519,26.524,26.529,26.529,26.529,26.524,26.524,26.519,26.524,26.524,26.529,26.529,26.535,26.535,26.529,26.524,26.519,26.514,26.514,26.519,26.524,26.524,26.524,26.529,26.524,26.519,26.519,26.514,26.514,26.519,26.519,26.524,26.524,26.529,26.529,26.535,26.54,26.545,26.55,26.55,26.555,26.561,26.555,26.555,26.555,26.55,26.55,26.545,26.54,26.54,26.54,26.55,26.555,26.555,26.555,26.555,26.55,26.545,26.545,26.54,26.54,26.545,26.54,26.535,26.529,26.524,26.519,26.519,26.519,26.508,26.508,26.498,26.493,26.488,26.488,26.482,26.477,26.467,26.467,26.451,26.446,26.441,26.446,26.446,26.451,26.456,26.456,26.462,26.462,26.462,26.462,26.456,26.456,26.451,26.441,26.441,26.441,26.441,26.441,26.441,26.435,26.435
,26.514,26.519,26.524,26.529,26.529,26.529,26.519,26.514,26.503,26.503,26.493,26.488,26.488,26.488,26.488,26.488,26.493,26.493,26.493,26.488,26.477,26.467,26.456,26.451,26.451,26.446,26.446,26.446,26.446,26.446,26.451,26.456,26.467,26.472,26.472,26.477,26.482,26.488,26.488,26.493,26.498,26.493,26.498,26.498,26.503,26.503,26.503,26.493,26.488,26.482,26.456,26.472,26.409,26.368,26.028,25.487,25.023,25.033,25.039,25.065,25.113,25.482,25.981,26.059,26.216,26.284,26.315,26.347,26.373,26.394,26.409,26.425,26.441,26.451,26.456,26.462,26.467,26.472,26.482,26.482,26.482,26.482,26.477,26.472,26.472,26.472,26.467,26.462,26.456,26.456,26.446,26.441,26.425,26.42,26.415,26.409,26.399,26.389,26.389,26.378,26.383,26.389,26.399,26.404,26.415,26.425,26.43,26.43,26.43,26.43,26.43,26.43,26.441,26.441,26.456,26.472,26.488,26.514,26.529,26.555,26.576,26.602,26.634,26.66,26.691,26.727,26.8,26.821,26.836,26.945,28.015,28.117,28.01,28.025,28.01,27.999,27.968,27.943,27.917,27.891,27.871,27.85,27.84,27.835,27.824,27.819,27.804,27.788,27.778,27.783,27.778,27.773,27.783,27.763,27.763,27.747,27.737,27.732,27.634,27.654,27.629,27.35,26.805,26.415,26.425,26.342,26.404,26.378,26.404,26.42,26.441,26.472,26.493,26.508,26.519,26.535,26.545,26.566,26.571,26.576,26.587,26.592,26.592,26.597,26.602,26.607,26.607,26.602,26.597,26.592,26.587,26.581,26.581,26.576,26.571,26.571,26.566,26.555,26.545,26.529,26.524,26.519,26.514,26.514,26.524,26.529,26.529,26.529,26.524,26.514,26.514,26.508,26.508,26.508,26.503,26.498,26.488,26.477,26.472,26.456,26.451,26.451,26.451,26.451,26.451,26.446,26.441,26.441,26.435,26.441,26.441,26.446,26.446,26.446,26.446,26.446,26.446,26.446,26.446,26.451,26.451,26.446,26.441,26.441,26.441,26.425,26.42,26.399,26.399,26.31,26.242,26.117,25.692,25.176,25.144,25.15,25.181,25.139,25.208,25.776,26.18,26.279,26.274,26.347,26.383,26.415,26.435,26.456,26.472,26.488,26.498,26.503,26.508,26.508,26.514,26.514,26.514,26.514,26.514,26.514,26.514,26.519,26.519,26.524,26.529,26.524,26.529,26.529,26.519,26.519,26.524,26.519,26.524,26.529,26.529,26.529,26.519,26.514,26.514,26.514,26.514,26.519,26.524,26.529,26.529,26.524,26.529,26.519,26.519,26.514,26.519,26.519,26.524,26.529,26.529,26.535,26.535,26.535,26.545,26.55,26.55,26.555,26.561,26.555,26.561,26.566,26.555,26.555,26.555,26.55,26.545,26.545,26.55,26.555,26.561,26.566,26.561,26.555,26.55,26.55,26.545,26.545,26.545,26.545,26.535,26.54,26.529,26.524,26.519,26.519,26.514,26.514,26.508,26.503,26.493,26.488,26.488,26.488,26.482,26.472,26.462,26.456,26.446,26.441,26.441,26.446,26.446,26.451,26.456,26.462,26.467,26.467,26.467,26.462,26.456,26.451,26.451,26.451,26.446,26.451,26.446,26.441,26.441,26.441
,26.514,26.519,26.519,26.524,26.524,26.519,26.514,26.508,26.503,26.498,26.493,26.493,26.488,26.488,26.488,26.493,26.493,26.493,26.498,26.488,26.482,26.467,26.456,26.451,26.446,26.446,26.441,26.446,26.446,26.446,26.456,26.456,26.462,26.472,26.472,26.477,26.482,26.488,26.488,26.498,26.498,26.498,26.498,26.498,26.498,26.503,26.493,26.493,26.488,26.482,26.472,26.472,26.435,26.415,26.227,25.886,25.208,25.091,24.98,24.986,25.076,25.144,25.724,26.017,26.227,26.284,26.305,26.336,26.368,26.389,26.404,26.42,26.441,26.451,26.456,26.467,26.472,26.477,26.477,26.488,26.482,26.477,26.477,26.472,26.472,26.472,26.472,26.467,26.462,26.451,26.446,26.435,26.43,26.425,26.415,26.409,26.399,26.394,26.383,26.383,26.383,26.389,26.394,26.404,26.409,26.42,26.43,26.43,26.43,26.425,26.43,26.43,26.435,26.446,26.456,26.467,26.482,26.503,26.519,26.535,26.555,26.587,26.607,26.639,26.675,26.706,26.743,26.779,26.852,27.029,27.561,28.046,27.974,27.989,27.989,27.963,27.938,27.907,27.871,27.84,27.824,27.814,27.804,27.793,27.788,27.773,27.752,27.742,27.721,27.721,27.732,27.721,27.716,27.711,27.706,27.701,27.685,27.659,27.659,27.561,27.598,27.127,26.816,26.555,26.399,26.42,26.399,26.425,26.43,26.446,26.472,26.488,26.508,26.529,26.535,26.55,26.561,26.566,26.576,26.576,26.581,26.587,26.587,26.597,26.597,26.602,26.607,26.602,26.597,26.597,26.592,26.587,26.587,26.587,26.581,26.576,26.576,26.566,26.555,26.545,26.535,26.524,26.524,26.535,26.54,26.545,26.55,26.54,26.535,26.529,26.524,26.519,26.519,26.514,26.514,26.503,26.498,26.488,26.477,26.462,26.456,26.456,26.451,26.456,26.451,26.451,26.441,26.435,26.43,26.43,26.435,26.435,26.441,26.441,26.446,26.446,26.446,26.441,26.446,26.441,26.446,26.451,26.446,26.441,26.441,26.43,26.425,26.415,26.409,26.336,26.368,26.101,25.766,25.223,25.097,25.192,25.181,25.113,25.181,25.718,26.174,26.18,26.227,26.331,26.368,26.394,26.425,26.451,26.467,26.482,26.498,26.503,26.508,26.514,26.508,26.514,26.514,26.514,26.514,26.519,26.519,26.519,26.519,26.524,26.524,26.529,26.529,26.524,26.524,26.519,26.524,26.524,26.529,26.529,26.529,26.524,26.514,26.508,26.508,26.508,26.519,26.519,26.529,26.529,26.535,26.535,26.529,26.524,26.519,26.524,26.519,26.524,26.529,26.524,26.535,26.535,26.535,26.535,26.54,26.55,26.55,26.555,26.555,26.561,26.566,26.566,26.561,26.555,26.555,26.555,26.55,26.55,26.561,26.566,26.566,26.566,26.561,26.555,26.555,26.55,26.55,26.555,26.55,26.545,26.545,26.54,26.529,26.524,26.519,26.514,26.514,26.508,26.503,26.498,26.493,26.493,26.488,26.488,26.482,26.477,26.467,26.456,26.441,26.441,26.441,26.446,26.446,26.451,26.456,26.462,26.462,26.467,26.467,26.462,26.456,26.451,26.456,26.456,26.451,26.451,26.451,26.441,26.446,26.446
,26.508,26.508,26.519,26.519,26.519,26.514,26.508,26.503,26.503,26.493,26.488,26.493,26.493,26.493,26.488,26.498,26.503,26.498,26.503,26.498,26.482,26.472,26.456,26.451,26.446,26.446,26.446,26.441,26.446,26.446,26.451,26.451,26.462,26.472,26.477,26.482,26.482,26.493,26.493,26.498,26.498,26.503,26.503,26.498,26.493,26.493,26.488,26.482,26.477,26.472,26.472,26.451,26.456,26.368,26.295,25.97,25.434,25.234,24.98,24.996,25.076,25.139,25.482,25.881,26.169,26.263,26.279,26.315,26.352,26.373,26.399,26.42,26.435,26.446,26.456,26.462,26.472,26.472,26.482,26.482,26.477,26.477,26.472,26.472,26.472,26.472,26.472,26.462,26.462,26.456,26.446,26.441,26.43,26.42,26.415,26.409,26.404,26.394,26.389,26.389,26.389,26.389,26.394,26.394,26.404,26.415,26.425,26.43,26.43,26.425,26.43,26.43,26.435,26.446,26.451,26.462,26.477,26.488,26.508,26.519,26.54,26.561,26.581,26.613,26.649,26.68,26.717,26.743,26.779,26.847,27.251,27.809,27.989,27.999,27.932,27.922,27.896,27.866,27.835,27.809,27.799,27.783,27.773,27.763,27.757,27.742,27.726,27.706,27.69,27.68,27.675,27.67,27.675,27.68,27.67,27.665,27.654,27.634,27.592,27.541,27.515,27.029,26.399,26.488,26.503,26.415,26.456,26.451,26.456,26.472,26.493,26.508,26.529,26.54,26.55,26.561,26.566,26.571,26.571,26.576,26.576,26.581,26.587,26.597,26.597,26.602,26.597,26.602,26.597,26.597,26.592,26.597,26.592,26.592,26.587,26.592,26.581,26.576,26.566,26.555,26.55,26.545,26.535,26.545,26.55,26.561,26.561,26.561,26.55,26.545,26.54,26.535,26.524,26.519,26.519,26.514,26.508,26.493,26.482,26.467,26.462,26.462,26.462,26.456,26.456,26.451,26.441,26.435,26.43,26.435,26.441,26.441,26.441,26.441,26.441,26.441,26.441,26.435,26.441,26.441,26.446,26.446,26.446,26.446,26.446,26.441,26.435,26.42,26.415,26.42,26.305,26.153,25.76,25.171,25.139,25.192,25.181,25.139,25.155,25.634,26.185,26.195,26.242,26.315,26.357,26.389,26.42,26.441,26.462,26.482,26.493,26.503,26.503,26.503,26.508,26.508,26.508,26.514,26.514,26.519,26.519,26.519,26.514,26.519,26.519,26.519,26.524,26.524,26.519,26.519,26.524,26.524,26.529,26.524,26.529,26.519,26.514,26.508,26.503,26.498,26.508,26.514,26.519,26.529,26.529,26.535,26.535,26.535,26.529,26.529,26.529,26.529,26.529,26.535,26.535,26.535,26.535,26.535,26.54,26.55,26.555,26.555,26.561,26.566,26.566,26.566,26.566,26.566,26.561,26.555,26.555,26.561,26.561,26.566,26.571,26.571,26.561,26.555,26.555,26.555,26.555,26.555,26.555,26.555,26.55,26.54,26.529,26.524,26.519,26.519,26.514,26.503,26.498,26.493,26.488,26.488,26.488,26.482,26.482,26.477,26.467,26.456,26.451,26.446,26.446,26.446,26.446,26.446,26.451,26.456,26.462,26.462,26.467,26.462,26.456,26.456,26.451,26.451,26.456,26.451,26.446,26.441,26.441,26.446
,26.498,26.503,26.508,26.508,26.514,26.514,26.508,26.503,26.498,26.498,26.498,26.498,26.498,26.498,26.498,26.503,26.508,26.508,26.503,26.498,26.493,26.477,26.467,26.456,26.446,26.446,26.441,26.441,26.441,26.441,26.446,26.456,26.456,26.467,26.477,26.482,26.482,26.493,26.493,26.498,26.503,26.503,26.503,26.498,26.493,26.488,26.488,26.477,26.472,26.472,26.462,26.451,26.425,26.404,26.326,26.258,25.713,25.245,25.054,25.012,25.023,25.017,25.329,25.739,26.127,26.185,26.263,26.3,26.336,26.368,26.389,26.42,26.435,26.446,26.456,26.467,26.472,26.477,26.477,26.477,26.477,26.472,26.467,26.467,26.467,26.472,26.472,26.467,26.462,26.462,26.451,26.446,26.43,26.425,26.42,26.415,26.409,26.404,26.394,26.389,26.389,26.389,26.383,26.389,26.399,26.409,26.42,26.425,26.43,26.43,26.43,26.43,26.435,26.441,26.446,26.456,26.467,26.477,26.493,26.503,26.524,26.54,26.561,26.592,26.623,26.66,26.696,26.722,26.764,26.8,26.966,27.479,27.896,27.953,27.912,27.912,27.845,27.824,27.799,27.783,27.768,27.757,27.747,27.742,27.726,27.711,27.696,27.675,27.659,27.654,27.644,27.644,27.644,27.654,27.649,27.649,27.634,27.623,27.598,27.561,27.381,26.935,26.482,26.545,26.508,26.498,26.477,26.477,26.482,26.498,26.514,26.524,26.54,26.555,26.555,26.566,26.571,26.571,26.571,26.576,26.576,26.576,26.581,26.592,26.597,26.602,26.602,26.597,26.597,26.597,26.592,26.592,26.592,26.592,26.592,26.597,26.592,26.587,26.576,26.571,26.561,26.555,26.55,26.555,26.561,26.566,26.571,26.571,26.566,26.561,26.55,26.545,26.535,26.529,26.529,26.519,26.508,26.498,26.482,26.467,26.462,26.462,26.462,26.462,26.456,26.451,26.446,26.441,26.441,26.441,26.441,26.441,26.441,26.446,26.441,26.435,26.441,26.435,26.441,26.435,26.441,26.446,26.446,26.446,26.446,26.446,26.435,26.425,26.409,26.368,26.404,26.101,25.86,25.292,25.123,25.223,25.15,25.176,25.097,25.281,25.923,26.143,26.274,26.31,26.357,26.378,26.404,26.435,26.456,26.472,26.488,26.498,26.498,26.498,26.498,26.498,26.503,26.503,26.514,26.514,26.519,26.519,26.519,26.514,26.514,26.514,26.514,26.519,26.519,26.519,26.524,26.524,26.529,26.529,26.529,26.519,26.514,26.503,26.503,26.503,26.508,26.514,26.519,26.529,26.529,26.54,26.54,26.54,26.535,26.535,26.529,26.529,26.529,26.524,26.529,26.529,26.535,26.54,26.545,26.55,26.555,26.561,26.561,26.566,26.566,26.571,26.571,26.561,26.561,26.555,26.55,26.555,26.566,26.566,26.571,26.566,26.561,26.561,26.555,26.555,26.555,26.561,26.555,26.55,26.545,26.54,26.529,26.524,26.514,26.508,26.503,26.498,26.493,26.482,26.482,26.482,26.477,26.482,26.482,26.477,26.467,26.462,26.456,26.451,26.446,26.446,26.441,26.451,26.451,26.462,26.467,26.467,26.472,26.462,26.456,26.451,26.451,26.451,26.446,26.446,26.446,26.446,26.441,26.446
,26.503,26.498,26.503,26.503,26.508,26.503,26.503,26.498,26.498,26.498,26.498,26.498,26.503,26.503,26.503,26.508,26.508,26.514,26.508,26.503,26.498,26.482,26.472,26.456,26.451,26.446,26.446,26.435,26.435,26.441,26.441,26.451,26.456,26.472,26.477,26.482,26.482,26.488,26.493,26.493,26.503,26.503,26.503,26.498,26.493,26.488,26.482,26.472,26.472,26.467,26.456,26.446,26.43,26.394,26.342,26.237,26.185,25.787,25.039,25.086,25.012,25.023,25.023,25.455,25.965,26.18,26.232,26.268,26.315,26.347,26.373,26.404,26.425,26.441,26.446,26.451,26.462,26.467,26.467,26.472,26.467,26.467,26.467,26.467,26.467,26.467,26.472,26.472,26.467,26.467,26.456,26.451,26.435,26.435,26.425,26.42,26.415,26.409,26.404,26.394,26.389,26.389,26.389,26.389,26.394,26.399,26.409,26.425,26.43,26.43,26.43,26.425,26.43,26.435,26.446,26.451,26.462,26.467,26.472,26.488,26.503,26.519,26.55,26.566,26.597,26.628,26.66,26.696,26.712,26.758,26.842,27.013,27.515,27.943,27.932,27.814,27.773,27.768,27.752,27.747,27.737,27.732,27.721,27.716,27.711,27.69,27.675,27.654,27.644,27.629,27.623,27.623,27.623,27.629,27.639,27.639,27.634,27.598,27.577,27.618,27.355,26.961,26.498,26.566,26.545,26.519,26.508,26.503,26.514,26.524,26.535,26.545,26.55,26.561,26.566,26.571,26.576,26.576,26.571,26.576,26.571,26.576,26.581,26.592,26.597,26.602,26.597,26.597,26.592,26.597,26.597,26.592,26.592,26.597,26.597,26.597,26.592,26.592,26.581,26.576,26.566,26.566,26.561,26.561,26.571,26.576,26.576,26.576,26.571,26.566,26.555,26.555,26.545,26.54,26.535,26.524,26.519,26.503,26.488,26.477,26.462,26.456,26.462,26.462,26.456,26.451,26.446,26.446,26.446,26.446,26.446,26.446,26.446,26.446,26.446,26.441,26.441,26.43,26.441,26.435,26.441,26.446,26.451,26.451,26.451,26.441,26.435,26.425,26.415,26.362,26.357,26.227,26.059,25.497,25.128,25.202,25.181,25.171,25.155,25.324,25.881,26.075,26.248,26.315,26.347,26.373,26.399,26.43,26.451,26.467,26.482,26.488,26.498,26.493,26.493,26.493,26.498,26.503,26.508,26.508,26.514,26.519,26.514,26.508,26.508,26.508,26.508,26.519,26.519,26.519,26.524,26.529,26.535,26.535,26.529,26.524,26.514,26.508,26.503,26.498,26.508,26.508,26.519,26.529,26.54,26.54,26.54,26.545,26.54,26.54,26.535,26.535,26.529,26.529,26.529,26.529,26.54,26.54,26.545,26.55,26.555,26.561,26.566,26.566,26.571,26.571,26.571,26.566,26.561,26.561,26.561,26.561,26.566,26.561,26.566,26.561,26.566,26.561,26.561,26.561,26.561,26.561,26.561,26.555,26.55,26.54,26.535,26.524,26.519,26.508,26.503,26.498,26.493,26.482,26.477,26.477,26.477,26.477,26.482,26.472,26.467,26.462,26.456,26.451,26.446,26.446,26.446,26.451,26.451,26.462,26.467,26.472,26.472,26.462,26.456,26.451,26.446,26.446,26.441,26.441,26.446,26.446,26.451,26.456
,26.493,26.493,26.493,26.498,26.498,26.498,26.503,26.498,26.493,26.498,26.503,26.503,26.508,26.508,26.508,26.514,26.508,26.508,26.514,26.508,26.493,26.488,26.477,26.467,26.462,26.456,26.446,26.446,26.441,26.441,26.441,26.446,26.456,26.472,26.477,26.482,26.488,26.482,26.493,26.493,26.498,26.503,26.503,26.498,26.493,26.488,26.482,26.472,26.467,26.467,26.456,26.446,26.435,26.42,26.373,26.373,26.216,25.829,25.276,25.102,24.996,25.049,25.065,25.171,25.802,26.038,26.242,26.232,26.3,26.336,26.362,26.389,26.409,26.425,26.435,26.446,26.451,26.456,26.456,26.456,26.456,26.456,26.456,26.456,26.462,26.467,26.472,26.472,26.472,26.467,26.462,26.456,26.451,26.441,26.43,26.425,26.42,26.409,26.404,26.394,26.394,26.389,26.389,26.389,26.394,26.399,26.409,26.415,26.425,26.425,26.425,26.425,26.43,26.435,26.441,26.446,26.451,26.456,26.467,26.472,26.488,26.503,26.524,26.545,26.571,26.597,26.623,26.654,26.68,26.738,26.769,26.649,27.132,27.618,27.701,27.773,27.747,27.747,27.726,27.721,27.711,27.706,27.706,27.706,27.696,27.685,27.665,27.649,27.629,27.618,27.613,27.613,27.618,27.618,27.613,27.613,27.613,27.618,27.659,27.184,27.143,26.628,26.607,26.587,26.561,26.545,26.535,26.535,26.54,26.545,26.55,26.561,26.566,26.566,26.571,26.571,26.576,26.581,26.576,26.576,26.576,26.576,26.581,26.592,26.592,26.602,26.607,26.597,26.597,26.597,26.597,26.592,26.592,26.592,26.592,26.597,26.597,26.587,26.581,26.581,26.571,26.576,26.566,26.571,26.576,26.581,26.587,26.581,26.581,26.576,26.566,26.561,26.555,26.55,26.54,26.535,26.519,26.508,26.493,26.477,26.467,26.462,26.462,26.462,26.462,26.456,26.456,26.446,26.451,26.456,26.451,26.451,26.456,26.446,26.446,26.441,26.441,26.435,26.441,26.435,26.446,26.451,26.446,26.446,26.451,26.446,26.435,26.425,26.409,26.383,26.362,26.253,26.059,25.566,25.16,25.218,25.202,25.192,25.186,25.239,25.839,26.19,26.289,26.336,26.352,26.373,26.404,26.43,26.446,26.467,26.482,26.488,26.493,26.493,26.488,26.488,26.488,26.498,26.503,26.508,26.514,26.514,26.514,26.514,26.503,26.503,26.514,26.514,26.514,26.519,26.524,26.529,26.54,26.535,26.535,26.524,26.519,26.514,26.508,26.503,26.508,26.514,26.524,26.529,26.535,26.545,26.545,26.55,26.545,26.545,26.535,26.535,26.529,26.524,26.524,26.529,26.535,26.545,26.55,26.555,26.555,26.566,26.566,26.571,26.576,26.576,26.571,26.566,26.561,26.561,26.561,26.561,26.561,26.561,26.566,26.566,26.566,26.566,26.561,26.561,26.561,26.561,26.555,26.555,26.55,26.545,26.54,26.529,26.519,26.514,26.508,26.498,26.493,26.482,26.477,26.472,26.472,26.472,26.477,26.477,26.467,26.462,26.456,26.451,26.451,26.446,26.446,26.451,26.456,26.462,26.472,26.477,26.472,26.462,26.456,26.451,26.446,26.441,26.441,26.441,26.446,26.446,26.451,26.456
,26.488,26.488,26.488,26.488,26.493,26.493,26.498,26.498,26.498,26.498,26.503,26.503,26.508,26.508,26.514,26.514,26.508,26.514,26.514,26.508,26.493,26.488,26.477,26.472,26.467,26.456,26.456,26.446,26.441,26.441,26.441,26.446,26.456,26.467,26.477,26.482,26.488,26.482,26.488,26.493,26.498,26.503,26.503,26.498,26.493,26.488,26.482,26.472,26.472,26.467,26.462,26.451,26.441,26.425,26.425,26.368,26.315,26.164,25.676,25.07,24.933,25.044,25.113,25.192,25.513,25.902,26.216,26.232,26.284,26.315,26.352,26.373,26.399,26.415,26.425,26.43,26.435,26.446,26.446,26.446,26.446,26.446,26.446,26.451,26.456,26.462,26.467,26.472,26.467,26.472,26.467,26.462,26.456,26.451,26.441,26.43,26.42,26.415,26.404,26.404,26.394,26.394,26.389,26.389,26.394,26.399,26.404,26.409,26.415,26.42,26.42,26.425,26.425,26.43,26.435,26.441,26.441,26.451,26.456,26.467,26.477,26.498,26.514,26.529,26.55,26.571,26.597,26.623,26.644,26.66,26.644,26.738,26.842,27.158,27.613,27.644,27.737,27.732,27.701,27.68,27.685,27.685,27.69,27.696,27.701,27.685,27.665,27.644,27.629,27.618,27.608,27.608,27.608,27.623,27.623,27.659,27.659,27.644,27.215,26.956,26.706,26.686,26.634,26.607,26.581,26.571,26.555,26.555,26.561,26.566,26.571,26.571,26.571,26.571,26.576,26.576,26.581,26.581,26.581,26.581,26.576,26.581,26.581,26.597,26.602,26.607,26.613,26.607,26.602,26.597,26.597,26.592,26.592,26.592,26.592,26.592,26.592,26.587,26.587,26.581,26.581,26.581,26.581,26.581,26.581,26.587,26.592,26.592,26.587,26.581,26.571,26.566,26.561,26.555,26.55,26.535,26.529,26.514,26.498,26.482,26.477,26.467,26.462,26.467,26.462,26.462,26.456,26.456,26.451,26.456,26.462,26.462,26.462,26.456,26.451,26.446,26.446,26.435,26.441,26.441,26.451,26.451,26.451,26.451,26.451,26.446,26.435,26.425,26.404,26.373,26.368,26.127,26.138,25.697,25.086,25.208,25.308,25.229,25.165,25.281,25.787,26.122,26.284,26.321,26.352,26.383,26.404,26.42,26.446,26.462,26.477,26.488,26.493,26.493,26.488,26.488,26.488,26.488,26.498,26.503,26.503,26.508,26.508,26.508,26.508,26.514,26.508,26.514,26.514,26.519,26.524,26.529,26.54,26.54,26.529,26.524,26.519,26.514,26.508,26.508,26.508,26.514,26.519,26.529,26.535,26.54,26.545,26.55,26.55,26.54,26.535,26.529,26.524,26.524,26.524,26.529,26.535,26.54,26.545,26.555,26.561,26.566,26.571,26.576,26.576,26.576,26.576,26.566,26.561,26.561,26.561,26.561,26.561,26.561,26.566,26.566,26.566,26.566,26.571,26.561,26.561,26.561,26.555,26.55,26.545,26.545,26.535,26.535,26.529,26.519,26.508,26.508,26.498,26.488,26.477,26.477,26.477,26.477,26.477,26.472,26.467,26.462,26.456,26.451,26.451,26.451,26.451,26.456,26.462,26.467,26.477,26.477,26.472,26.462,26.456,26.446,26.441,26.441,26.441,26.446,26.451,26.456,26.456,26.462
,26.482,26.482,26.482,26.488,26.493,26.493,26.493,26.498,26.498,26.503,26.498,26.498,26.508,26.508,26.514,26.514,26.514,26.514,26.508,26.503,26.493,26.493,26.482,26.477,26.472,26.467,26.462,26.451,26.446,26.446,26.441,26.446,26.456,26.467,26.477,26.482,26.488,26.488,26.488,26.493,26.493,26.498,26.498,26.493,26.493,26.488,26.472,26.477,26.472,26.467,26.467,26.451,26.441,26.435,26.42,26.399,26.378,26.248,25.823,25.382,25.054,24.975,25.07,25.039,25.318,25.86,26.023,26.253,26.258,26.295,26.336,26.357,26.389,26.404,26.409,26.42,26.43,26.43,26.435,26.441,26.441,26.441,26.441,26.441,26.446,26.456,26.467,26.472,26.472,26.472,26.467,26.467,26.462,26.456,26.446,26.435,26.425,26.415,26.404,26.399,26.399,26.399,26.394,26.394,26.394,26.399,26.404,26.409,26.409,26.415,26.415,26.42,26.425,26.43,26.43,26.435,26.435,26.446,26.451,26.462,26.472,26.488,26.503,26.514,26.535,26.55,26.576,26.592,26.613,26.639,26.66,26.654,26.602,26.883,27.257,27.701,27.763,27.726,27.675,27.613,27.665,27.659,27.685,27.685,27.701,27.696,27.685,27.649,27.623,27.618,27.613,27.603,27.598,27.629,27.747,27.747,27.567,27.339,26.878,26.738,26.753,26.696,26.649,26.618,26.597,26.587,26.576,26.576,26.576,26.576,26.581,26.581,26.581,26.581,26.581,26.581,26.581,26.587,26.581,26.581,26.581,26.581,26.592,26.597,26.613,26.618,26.618,26.613,26.613,26.602,26.597,26.592,26.587,26.581,26.581,26.587,26.581,26.581,26.581,26.576,26.576,26.581,26.581,26.581,26.587,26.587,26.592,26.592,26.592,26.581,26.576,26.571,26.566,26.561,26.55,26.545,26.529,26.519,26.503,26.488,26.482,26.472,26.472,26.472,26.467,26.467,26.462,26.462,26.462,26.462,26.467,26.467,26.467,26.462,26.462,26.451,26.451,26.451,26.451,26.451,26.456,26.462,26.462,26.456,26.456,26.446,26.441,26.43,26.415,26.389,26.362,26.216,26.122,25.787,25.345,25.255,25.297,25.192,25.255,25.213,25.713,26.232,26.263,26.389,26.342,26.394,26.415,26.43,26.446,26.462,26.482,26.493,26.493,26.493,26.488,26.482,26.482,26.482,26.488,26.493,26.503,26.503,26.508,26.508,26.514,26.514,26.514,26.514,26.514,26.519,26.524,26.529,26.535,26.535,26.535,26.529,26.519,26.514,26.508,26.503,26.508,26.514,26.519,26.529,26.535,26.545,26.545,26.55,26.545,26.545,26.535,26.524,26.519,26.519,26.524,26.529,26.535,26.54,26.55,26.555,26.561,26.566,26.571,26.576,26.576,26.576,26.571,26.566,26.561,26.561,26.561,26.561,26.566,26.566,26.566,26.571,26.566,26.571,26.571,26.566,26.561,26.561,26.55,26.55,26.545,26.545,26.54,26.535,26.535,26.524,26.519,26.508,26.498,26.488,26.482,26.477,26.477,26.472,26.477,26.472,26.462,26.462,26.451,26.451,26.446,26.451,26.451,26.456,26.462,26.472,26.472,26.472,26.467,26.462,26.451,26.446,26.441,26.441,26.441,26.441,26.451,26.456,26.462,26.462
,26.477,26.477,26.482,26.482,26.482,26.493,26.493,26.498,26.498,26.498,26.503,26.503,26.503,26.503,26.508,26.508,26.508,26.503,26.503,26.498,26.493,26.493,26.482,26.477,26.472,26.467,26.462,26.456,26.451,26.451,26.451,26.446,26.456,26.467,26.477,26.482,26.482,26.488,26.488,26.488,26.493,26.493,26.493,26.493,26.488,26.488,26.477,26.477,26.472,26.472,26.462,26.456,26.446,26.435,26.425,26.394,26.357,26.336,25.991,25.292,25.091,24.943,25.06,25.028,25.097,25.482,26.028,26.242,26.258,26.289,26.331,26.352,26.378,26.394,26.404,26.415,26.42,26.425,26.43,26.425,26.425,26.425,26.43,26.43,26.435,26.451,26.462,26.467,26.472,26.472,26.472,26.467,26.467,26.462,26.451,26.441,26.43,26.415,26.404,26.399,26.394,26.399,26.394,26.394,26.394,26.399,26.399,26.404,26.404,26.409,26.415,26.42,26.425,26.425,26.425,26.43,26.43,26.435,26.441,26.451,26.462,26.472,26.488,26.508,26.524,26.54,26.555,26.571,26.592,26.597,26.628,26.634,26.66,26.623,26.738,27.303,27.505,27.629,27.742,27.644,27.649,27.696,27.752,27.696,27.711,27.706,27.701,27.67,27.623,27.629,27.623,27.598,27.603,27.665,27.494,27.251,27.101,26.753,26.607,26.665,26.675,26.67,26.654,26.628,26.613,26.602,26.592,26.592,26.592,26.587,26.587,26.592,26.592,26.592,26.587,26.592,26.587,26.587,26.581,26.587,26.581,26.587,26.597,26.602,26.613,26.623,26.623,26.623,26.618,26.607,26.597,26.592,26.587,26.581,26.581,26.587,26.576,26.576,26.576,26.581,26.576,26.581,26.581,26.581,26.587,26.587,26.587,26.592,26.587,26.587,26.581,26.576,26.571,26.566,26.555,26.545,26.535,26.524,26.508,26.493,26.482,26.482,26.477,26.477,26.477,26.472,26.467,26.467,26.467,26.462,26.467,26.467,26.467,26.467,26.462,26.462,26.462,26.462,26.462,26.467,26.467,26.467,26.467,26.467,26.462,26.456,26.446,26.435,26.42,26.389,26.326,26.295,26.274,25.986,25.334,25.281,25.366,25.245,25.339,25.15,25.571,26.138,26.242,26.321,26.373,26.389,26.415,26.435,26.446,26.467,26.477,26.488,26.493,26.493,26.488,26.482,26.482,26.482,26.482,26.488,26.493,26.503,26.508,26.514,26.519,26.514,26.519,26.514,26.514,26.519,26.519,26.529,26.535,26.535,26.529,26.524,26.519,26.514,26.508,26.508,26.514,26.519,26.524,26.524,26.535,26.535,26.545,26.54,26.535,26.535,26.524,26.514,26.514,26.514,26.519,26.524,26.529,26.535,26.55,26.555,26.561,26.566,26.571,26.576,26.576,26.576,26.571,26.566,26.566,26.561,26.561,26.566,26.566,26.566,26.571,26.571,26.576,26.571,26.571,26.566,26.561,26.555,26.555,26.545,26.545,26.545,26.545,26.545,26.545,26.535,26.524,26.514,26.508,26.493,26.488,26.482,26.477,26.482,26.477,26.467,26.462,26.456,26.451,26.451,26.446,26.451,26.456,26.462,26.467,26.472,26.472,26.467,26.462,26.451,26.446,26.441,26.435,26.435,26.441,26.446,26.451,26.456,26.462,26.462
,26.477,26.477,26.477,26.482,26.482,26.488,26.493,26.493,26.498,26.498,26.498,26.498,26.498,26.503,26.503,26.508,26.508,26.498,26.498,26.493,26.493,26.488,26.488,26.482,26.472,26.472,26.467,26.462,26.456,26.451,26.446,26.451,26.456,26.467,26.472,26.477,26.477,26.482,26.482,26.482,26.488,26.493,26.493,26.488,26.488,26.482,26.488,26.477,26.472,26.467,26.462,26.456,26.451,26.435,26.43,26.415,26.394,26.342,26.185,25.687,25.245,25.097,24.98,25.107,25.06,25.218,26.038,26.227,26.206,26.289,26.31,26.342,26.368,26.383,26.399,26.409,26.415,26.42,26.42,26.42,26.42,26.42,26.42,26.425,26.43,26.435,26.451,26.462,26.467,26.472,26.472,26.472,26.467,26.462,26.456,26.446,26.43,26.42,26.404,26.399,26.394,26.399,26.399,26.399,26.394,26.394,26.399,26.399,26.399,26.404,26.409,26.415,26.42,26.42,26.42,26.425,26.43,26.425,26.435,26.446,26.451,26.462,26.482,26.493,26.508,26.524,26.535,26.55,26.561,26.576,26.587,26.587,26.618,26.607,26.675,26.847,26.852,26.93,27.319,27.69,27.665,27.685,27.783,27.737,27.737,27.726,27.752,27.67,27.659,27.623,27.618,27.587,27.654,27.153,26.987,26.701,26.706,26.691,26.691,26.686,26.68,26.66,26.654,26.639,26.623,26.618,26.607,26.607,26.607,26.602,26.602,26.602,26.602,26.602,26.597,26.592,26.592,26.592,26.587,26.581,26.587,26.587,26.597,26.607,26.613,26.623,26.623,26.623,26.618,26.613,26.602,26.597,26.592,26.587,26.581,26.581,26.576,26.571,26.571,26.571,26.571,26.571,26.571,26.576,26.576,26.581,26.587,26.587,26.587,26.587,26.581,26.576,26.576,26.571,26.561,26.55,26.54,26.524,26.514,26.498,26.488,26.488,26.488,26.482,26.488,26.482,26.472,26.472,26.467,26.467,26.472,26.472,26.472,26.477,26.472,26.472,26.472,26.472,26.472,26.472,26.472,26.472,26.472,26.467,26.467,26.462,26.451,26.441,26.42,26.394,26.331,26.321,26.253,26.164,25.534,25.281,25.329,25.276,25.329,25.192,25.445,26.054,26.227,26.315,26.352,26.394,26.415,26.435,26.456,26.472,26.488,26.498,26.498,26.493,26.493,26.488,26.482,26.482,26.482,26.488,26.493,26.503,26.514,26.519,26.524,26.519,26.519,26.519,26.519,26.519,26.524,26.529,26.535,26.535,26.535,26.524,26.519,26.514,26.508,26.508,26.514,26.519,26.524,26.524,26.529,26.54,26.54,26.535,26.535,26.524,26.514,26.514,26.508,26.519,26.519,26.524,26.529,26.535,26.54,26.55,26.555,26.566,26.571,26.571,26.576,26.571,26.561,26.566,26.561,26.561,26.566,26.561,26.571,26.571,26.566,26.571,26.571,26.571,26.566,26.561,26.561,26.55,26.55,26.545,26.545,26.545,26.54,26.54,26.545,26.54,26.529,26.519,26.508,26.503,26.498,26.488,26.482,26.482,26.477,26.467,26.462,26.456,26.451,26.446,26.451,26.451,26.456,26.462,26.462,26.467,26.462,26.462,26.456,26.451,26.451,26.441,26.441,26.446,26.446,26.451,26.451,26.456,26.456,26.462
,26.472,26.472,26.472,26.477,26.477,26.482,26.488,26.493,26.488,26.493,26.498,26.498,26.498,26.498,26.493,26.498,26.493,26.493,26.488,26.482,26.482,26.477,26.477,26.477,26.472,26.472,26.467,26.456,26.451,26.451,26.451,26.456,26.456,26.467,26.472,26.477,26.482,26.482,26.488,26.488,26.488,26.488,26.482,26.482,26.488,26.482,26.488,26.482,26.477,26.472,26.467,26.456,26.451,26.441,26.435,26.404,26.394,26.347,26.221,26.054,25.408,25.208,25.039,25.023,25.033,25.144,25.713,26.075,26.242,26.263,26.3,26.331,26.357,26.378,26.394,26.409,26.409,26.42,26.42,26.415,26.415,26.415,26.415,26.415,26.425,26.43,26.446,26.456,26.467,26.467,26.467,26.472,26.467,26.467,26.462,26.451,26.441,26.42,26.409,26.399,26.399,26.394,26.394,26.394,26.394,26.394,26.394,26.399,26.404,26.404,26.409,26.409,26.415,26.415,26.415,26.415,26.415,26.42,26.425,26.43,26.441,26.451,26.467,26.482,26.498,26.508,26.519,26.535,26.54,26.55,26.561,26.561,26.561,26.576,26.623,26.639,26.706,26.764,26.769,27.06,26.847,27.592,27.587,27.886,27.814,27.732,27.835,27.654,27.721,27.706,27.67,27.721,27.2,26.826,26.81,26.753,26.696,26.691,26.68,26.675,26.67,26.66,26.654,26.649,26.639,26.628,26.623,26.623,26.618,26.618,26.613,26.618,26.613,26.613,26.607,26.602,26.602,26.597,26.587,26.592,26.592,26.592,26.597,26.613,26.613,26.623,26.618,26.618,26.613,26.607,26.602,26.597,26.592,26.592,26.581,26.581,26.571,26.566,26.566,26.566,26.566,26.566,26.566,26.566,26.571,26.576,26.576,26.581,26.581,26.581,26.581,26.576,26.576,26.571,26.561,26.555,26.54,26.529,26.514,26.498,26.493,26.488,26.498,26.498,26.493,26.493,26.482,26.477,26.477,26.472,26.472,26.477,26.477,26.477,26.477,26.477,26.482,26.477,26.482,26.477,26.482,26.482,26.477,26.472,26.477,26.467,26.462,26.451,26.43,26.409,26.357,26.258,26.279,26.122,25.576,25.276,25.455,25.366,25.297,25.171,25.397,26.049,26.132,26.279,26.357,26.399,26.425,26.441,26.462,26.477,26.493,26.498,26.498,26.498,26.498,26.488,26.488,26.482,26.488,26.493,26.503,26.508,26.519,26.524,26.524,26.524,26.519,26.524,26.519,26.519,26.524,26.535,26.54,26.54,26.54,26.529,26.519,26.514,26.508,26.514,26.519,26.524,26.524,26.529,26.535,26.535,26.535,26.529,26.529,26.519,26.514,26.508,26.508,26.514,26.514,26.519,26.524,26.529,26.535,26.54,26.55,26.561,26.571,26.571,26.571,26.571,26.561,26.561,26.555,26.561,26.566,26.566,26.571,26.571,26.571,26.571,26.571,26.566,26.566,26.561,26.555,26.55,26.55,26.545,26.54,26.545,26.545,26.55,26.545,26.54,26.535,26.524,26.514,26.508,26.503,26.498,26.493,26.488,26.482,26.477,26.472,26.462,26.456,26.456,26.456,26.462,26.456,26.462,26.467,26.462,26.456,26.456,26.451,26.446,26.441,26.446,26.446,26.446,26.446,26.446,26.446,26.451,26.451,26.456
,26.467,26.467,26.467,26.472,26.472,26.477,26.477,26.482,26.488,26.493,26.488,26.493,26.488,26.493,26.488,26.488,26.488,26.482,26.477,26.477,26.472,26.472,26.472,26.472,26.467,26.472,26.467,26.456,26.456,26.451,26.451,26.456,26.456,26.467,26.472,26.477,26.477,26.482,26.488,26.488,26.488,26.488,26.488,26.488,26.488,26.482,26.488,26.488,26.477,26.477,26.472,26.462,26.456,26.446,26.446,26.425,26.456,26.415,26.347,26.352,25.634,25.197,25.023,25.044,25.044,25.017,25.608,26.085,26.085,26.248,26.3,26.315,26.342,26.373,26.394,26.404,26.409,26.42,26.42,26.415,26.409,26.404,26.404,26.409,26.415,26.43,26.441,26.451,26.456,26.462,26.467,26.467,26.467,26.462,26.456,26.451,26.435,26.425,26.415,26.399,26.394,26.389,26.383,26.383,26.389,26.394,26.394,26.399,26.404,26.404,26.409,26.409,26.409,26.415,26.409,26.409,26.415,26.415,26.42,26.425,26.435,26.446,26.462,26.477,26.488,26.503,26.508,26.514,26.524,26.529,26.535,26.54,26.55,26.571,26.571,26.691,26.654,26.706,26.717,26.717,26.753,26.748,26.904,26.753,26.862,26.888,26.878,27.417,27.101,26.888,26.878,26.842,26.691,26.8,26.758,26.738,26.712,26.691,26.68,26.675,26.67,26.665,26.66,26.654,26.649,26.649,26.639,26.634,26.628,26.634,26.628,26.634,26.628,26.623,26.623,26.618,26.607,26.597,26.592,26.592,26.592,26.592,26.597,26.607,26.613,26.618,26.613,26.607,26.613,26.607,26.602,26.602,26.597,26.592,26.587,26.581,26.571,26.571,26.561,26.561,26.561,26.561,26.561,26.561,26.566,26.566,26.571,26.576,26.576,26.581,26.576,26.576,26.576,26.571,26.561,26.555,26.545,26.529,26.514,26.503,26.488,26.498,26.503,26.503,26.508,26.503,26.498,26.488,26.482,26.477,26.477,26.477,26.482,26.488,26.482,26.482,26.488,26.482,26.488,26.482,26.482,26.488,26.482,26.477,26.482,26.477,26.472,26.462,26.446,26.415,26.383,26.263,26.284,26.143,25.613,25.371,25.408,25.392,25.313,25.165,25.334,25.892,26.143,26.284,26.373,26.394,26.425,26.451,26.467,26.488,26.498,26.498,26.503,26.498,26.493,26.498,26.488,26.493,26.498,26.503,26.508,26.519,26.524,26.524,26.529,26.529,26.524,26.524,26.519,26.524,26.529,26.54,26.545,26.55,26.55,26.54,26.524,26.524,26.514,26.519,26.519,26.524,26.529,26.529,26.529,26.529,26.535,26.524,26.524,26.519,26.514,26.514,26.514,26.514,26.519,26.514,26.519,26.524,26.529,26.54,26.55,26.555,26.566,26.571,26.566,26.566,26.561,26.561,26.561,26.561,26.571,26.566,26.571,26.571,26.576,26.576,26.571,26.566,26.566,26.555,26.55,26.55,26.55,26.55,26.545,26.545,26.55,26.545,26.55,26.54,26.535,26.524,26.514,26.514,26.508,26.503,26.503,26.498,26.488,26.482,26.477,26.472,26.467,26.462,26.462,26.462,26.462,26.462,26.467,26.462,26.456,26.451,26.451,26.451,26.451,26.451,26.451,26.451,26.451,26.451,26.451,26.451,26.451,26.456
,26.467,26.467,26.472,26.472,26.472,26.472,26.472,26.482,26.477,26.482,26.482,26.482,26.482,26.482,26.488,26.488,26.482,26.477,26.472,26.467,26.467,26.467,26.467,26.467,26.467,26.467,26.467,26.462,26.456,26.451,26.451,26.456,26.462,26.467,26.472,26.477,26.477,26.482,26.488,26.488,26.488,26.482,26.482,26.482,26.482,26.482,26.488,26.482,26.482,26.482,26.472,26.467,26.462,26.456,26.456,26.446,26.446,26.404,26.389,26.383,25.996,25.419,25.165,25.039,25.07,25.107,25.097,25.818,26.122,26.221,26.263,26.305,26.331,26.357,26.383,26.404,26.415,26.42,26.42,26.415,26.409,26.404,26.409,26.404,26.415,26.425,26.435,26.446,26.451,26.456,26.462,26.467,26.462,26.462,26.456,26.446,26.441,26.43,26.42,26.404,26.394,26.389,26.389,26.389,26.389,26.394,26.394,26.394,26.404,26.404,26.404,26.409,26.409,26.409,26.409,26.409,26.409,26.415,26.415,26.42,26.43,26.441,26.456,26.467,26.482,26.493,26.498,26.503,26.503,26.508,26.519,26.524,26.535,26.545,26.576,26.597,26.634,26.628,26.67,26.675,26.691,26.816,26.816,26.831,26.764,26.743,26.764,26.649,26.769,26.821,26.816,26.722,26.774,26.738,26.67,26.717,26.691,26.686,26.675,26.665,26.66,26.665,26.665,26.66,26.66,26.654,26.649,26.644,26.644,26.644,26.644,26.644,26.644,26.639,26.639,26.634,26.618,26.613,26.602,26.597,26.597,26.602,26.602,26.607,26.613,26.613,26.613,26.613,26.607,26.607,26.602,26.602,26.602,26.597,26.592,26.587,26.581,26.566,26.566,26.561,26.561,26.561,26.561,26.561,26.561,26.566,26.566,26.576,26.576,26.576,26.576,26.576,26.571,26.571,26.561,26.555,26.545,26.529,26.514,26.503,26.498,26.498,26.508,26.519,26.519,26.519,26.508,26.498,26.493,26.488,26.488,26.482,26.488,26.488,26.488,26.488,26.493,26.488,26.488,26.493,26.488,26.488,26.493,26.482,26.488,26.482,26.477,26.467,26.456,26.435,26.394,26.3,26.3,26.138,25.865,25.455,25.371,25.382,25.339,25.303,25.208,25.892,26.289,26.19,26.383,26.409,26.435,26.462,26.482,26.493,26.498,26.514,26.514,26.508,26.503,26.498,26.498,26.498,26.503,26.508,26.514,26.519,26.524,26.529,26.524,26.529,26.524,26.529,26.524,26.524,26.535,26.55,26.555,26.561,26.561,26.555,26.54,26.529,26.519,26.519,26.529,26.529,26.535,26.54,26.535,26.535,26.535,26.529,26.519,26.514,26.519,26.514,26.508,26.508,26.519,26.519,26.519,26.524,26.529,26.535,26.545,26.555,26.561,26.561,26.566,26.561,26.561,26.561,26.555,26.561,26.571,26.566,26.576,26.576,26.576,26.576,26.571,26.571,26.566,26.555,26.555,26.55,26.55,26.55,26.545,26.55,26.55,26.55,26.545,26.54,26.535,26.524,26.519,26.514,26.514,26.508,26.508,26.503,26.493,26.488,26.482,26.477,26.477,26.467,26.467,26.462,26.467,26.467,26.467,26.462,26.456,26.456,26.456,26.456,26.456,26.462,26.456,26.456,26.451,26.451,26.451,26.451,26.451,26.451
,26.462,26.462,26.467,26.467,26.467,26.467,26.472,26.472,26.472,26.477,26.477,26.477,26.477,26.482,26.482,26.482,26.482,26.477,26.467,26.462,26.462,26.462,26.462,26.462,26.467,26.467,26.462,26.462,26.456,26.451,26.456,26.456,26.467,26.467,26.472,26.477,26.477,26.482,26.482,26.488,26.488,26.482,26.482,26.477,26.477,26.477,26.477,26.477,26.482,26.482,26.472,26.472,26.467,26.467,26.467,26.467,26.462,26.441,26.446,26.435,26.169,25.829,25.208,25.033,25.049,25.16,25.144,25.466,25.981,26.18,26.253,26.279,26.321,26.357,26.383,26.404,26.415,26.425,26.43,26.42,26.415,26.409,26.409,26.404,26.415,26.425,26.435,26.441,26.451,26.451,26.451,26.456,26.456,26.456,26.451,26.446,26.441,26.43,26.415,26.404,26.394,26.389,26.383,26.378,26.389,26.394,26.394,26.399,26.404,26.404,26.404,26.399,26.404,26.409,26.409,26.409,26.42,26.42,26.42,26.425,26.43,26.435,26.451,26.462,26.472,26.482,26.488,26.488,26.493,26.498,26.503,26.514,26.529,26.545,26.561,26.592,26.618,26.639,26.686,26.691,26.701,26.68,26.68,26.706,26.727,26.649,26.696,26.738,26.753,26.717,26.717,26.706,26.691,26.67,26.706,26.68,26.68,26.675,26.67,26.67,26.66,26.66,26.66,26.665,26.665,26.665,26.66,26.654,26.654,26.654,26.654,26.66,26.654,26.654,26.649,26.644,26.634,26.628,26.618,26.613,26.613,26.613,26.613,26.613,26.613,26.613,26.613,26.607,26.602,26.607,26.602,26.602,26.602,26.602,26.597,26.592,26.581,26.576,26.571,26.561,26.561,26.561,26.561,26.555,26.561,26.561,26.571,26.576,26.576,26.576,26.571,26.566,26.571,26.566,26.561,26.555,26.545,26.529,26.514,26.503,26.498,26.498,26.514,26.524,26.529,26.524,26.519,26.503,26.498,26.493,26.488,26.493,26.493,26.498,26.498,26.498,26.493,26.493,26.493,26.493,26.493,26.498,26.493,26.498,26.493,26.493,26.493,26.482,26.467,26.446,26.42,26.362,26.295,26.274,26.049,25.497,25.397,25.508,25.345,25.329,25.229,25.86,26.2,26.383,26.389,26.425,26.462,26.482,26.498,26.508,26.514,26.519,26.519,26.514,26.508,26.503,26.503,26.503,26.503,26.508,26.519,26.524,26.524,26.529,26.529,26.535,26.535,26.535,26.529,26.529,26.54,26.555,26.566,26.571,26.566,26.561,26.545,26.54,26.529,26.524,26.529,26.535,26.535,26.54,26.545,26.54,26.535,26.524,26.529,26.519,26.519,26.514,26.514,26.514,26.519,26.524,26.524,26.524,26.524,26.535,26.545,26.55,26.555,26.561,26.561,26.561,26.561,26.555,26.555,26.561,26.566,26.566,26.576,26.581,26.581,26.587,26.581,26.576,26.571,26.561,26.561,26.55,26.545,26.545,26.545,26.55,26.545,26.545,26.54,26.535,26.529,26.524,26.519,26.514,26.514,26.514,26.508,26.503,26.503,26.493,26.488,26.488,26.482,26.477,26.472,26.472,26.472,26.472,26.472,26.467,26.467,26.462,26.467,26.467,26.467,26.472,26.467,26.462,26.456,26.456,26.451,26.451,26.451,26.451
,26.462,26.462,26.462,26.462,26.467,26.467,26.467,26.467,26.467,26.472,26.472,26.472,26.477,26.477,26.482,26.482,26.477,26.472,26.462,26.456,26.456,26.456,26.456,26.462,26.462,26.462,26.462,26.462,26.456,26.456,26.456,26.462,26.467,26.472,26.472,26.477,26.482,26.482,26.482,26.482,26.482,26.477,26.477,26.477,26.472,26.472,26.472,26.477,26.482,26.477,26.472,26.472,26.472,26.472,26.472,26.477,26.467,26.462,26.441,26.477,26.331,26.012,25.271,25.044,25.076,25.139,25.118,25.181,25.85,26.174,26.232,26.305,26.305,26.347,26.378,26.399,26.42,26.425,26.43,26.425,26.42,26.415,26.409,26.409,26.42,26.43,26.43,26.441,26.446,26.441,26.446,26.446,26.451,26.456,26.451,26.441,26.435,26.43,26.42,26.409,26.399,26.389,26.383,26.383,26.383,26.394,26.399,26.404,26.404,26.399,26.404,26.404,26.409,26.409,26.415,26.42,26.42,26.42,26.425,26.43,26.43,26.435,26.446,26.451,26.467,26.472,26.472,26.477,26.482,26.488,26.503,26.508,26.519,26.535,26.555,26.576,26.602,26.618,26.634,26.654,26.665,26.68,26.68,26.66,26.68,26.665,26.727,26.654,26.665,26.68,26.696,26.696,26.675,26.67,26.66,26.665,26.665,26.675,26.665,26.665,26.665,26.665,26.67,26.67,26.67,26.67,26.665,26.67,26.67,26.665,26.675,26.675,26.675,26.665,26.66,26.654,26.644,26.639,26.628,26.623,26.618,26.618,26.623,26.623,26.618,26.618,26.613,26.607,26.607,26.607,26.607,26.607,26.602,26.602,26.597,26.597,26.587,26.576,26.571,26.566,26.566,26.566,26.566,26.566,26.566,26.566,26.576,26.576,26.576,26.576,26.571,26.571,26.571,26.566,26.561,26.555,26.545,26.529,26.514,26.508,26.503,26.498,26.529,26.529,26.535,26.529,26.524,26.508,26.508,26.498,26.498,26.498,26.498,26.498,26.503,26.503,26.503,26.493,26.493,26.498,26.498,26.498,26.498,26.503,26.503,26.503,26.498,26.498,26.477,26.462,26.43,26.389,26.383,26.321,25.97,25.466,25.403,25.503,25.408,25.366,25.297,25.634,26.038,26.357,26.368,26.451,26.482,26.503,26.508,26.519,26.529,26.529,26.524,26.519,26.514,26.508,26.498,26.498,26.503,26.508,26.508,26.519,26.519,26.524,26.529,26.54,26.54,26.54,26.545,26.545,26.55,26.561,26.566,26.576,26.576,26.566,26.561,26.55,26.54,26.535,26.535,26.54,26.545,26.545,26.545,26.545,26.54,26.535,26.529,26.529,26.524,26.524,26.524,26.524,26.524,26.524,26.529,26.529,26.535,26.535,26.545,26.555,26.555,26.561,26.561,26.555,26.555,26.555,26.555,26.561,26.561,26.571,26.576,26.581,26.587,26.592,26.587,26.581,26.576,26.571,26.555,26.55,26.55,26.55,26.555,26.55,26.545,26.54,26.54,26.529,26.529,26.524,26.514,26.514,26.514,26.508,26.514,26.508,26.503,26.498,26.493,26.488,26.488,26.482,26.482,26.482,26.477,26.477,26.482,26.482,26.477,26.472,26.472,26.472,26.482,26.477,26.477,26.472,26.462,26.456,26.462,26.456,26.462,26.462
,26.462,26.462,26.462,26.467,26.467,26.467,26.462,26.462,26.462,26.456,26.462,26.462,26.472,26.467,26.477,26.472,26.467,26.462,26.456,26.451,26.446,26.451,26.451,26.451,26.456,26.456,26.462,26.456,26.451,26.451,26.456,26.462,26.467,26.477,26.477,26.477,26.477,26.482,26.482,26.482,26.482,26.477,26.477,26.472,26.472,26.467,26.467,26.467,26.467,26.472,26.467,26.467,26.467,26.477,26.482,26.477,26.477,26.472,26.467,26.441,26.315,26.216,25.913,25.287,25.049,25.086,25.091,25.186,25.466,26.043,26.253,26.221,26.305,26.342,26.373,26.399,26.42,26.43,26.43,26.425,26.425,26.415,26.409,26.415,26.42,26.425,26.43,26.43,26.43,26.43,26.43,26.441,26.441,26.441,26.446,26.441,26.435,26.43,26.425,26.409,26.404,26.394,26.383,26.389,26.389,26.399,26.399,26.404,26.399,26.394,26.399,26.404,26.409,26.415,26.42,26.425,26.43,26.43,26.43,26.43,26.435,26.441,26.446,26.451,26.456,26.462,26.467,26.472,26.477,26.482,26.488,26.498,26.508,26.524,26.545,26.555,26.576,26.597,26.613,26.628,26.644,26.649,26.654,26.66,26.654,26.665,26.654,26.66,26.665,26.675,26.67,26.67,26.66,26.66,26.649,26.649,26.649,26.66,26.654,26.66,26.66,26.665,26.67,26.67,26.67,26.67,26.67,26.675,26.68,26.68,26.686,26.686,26.686,26.675,26.67,26.67,26.654,26.644,26.639,26.634,26.634,26.634,26.634,26.628,26.628,26.623,26.623,26.618,26.613,26.607,26.607,26.607,26.607,26.602,26.597,26.597,26.587,26.581,26.576,26.571,26.571,26.571,26.571,26.571,26.571,26.581,26.581,26.581,26.581,26.581,26.576,26.576,26.571,26.571,26.561,26.555,26.545,26.535,26.519,26.514,26.514,26.519,26.545,26.535,26.54,26.535,26.524,26.519,26.508,26.503,26.503,26.503,26.503,26.508,26.508,26.508,26.503,26.503,26.498,26.498,26.498,26.503,26.503,26.503,26.508,26.508,26.508,26.503,26.488,26.477,26.441,26.415,26.404,26.295,26.08,25.671,25.461,25.419,25.519,25.471,25.26,25.739,26.148,26.456,26.477,26.482,26.503,26.514,26.519,26.529,26.529,26.535,26.529,26.529,26.514,26.508,26.508,26.503,26.503,26.498,26.508,26.514,26.519,26.524,26.529,26.54,26.545,26.555,26.55,26.555,26.555,26.561,26.566,26.576,26.576,26.576,26.566,26.555,26.55,26.54,26.545,26.545,26.55,26.555,26.555,26.55,26.545,26.54,26.535,26.535,26.529,26.529,26.529,26.529,26.529,26.529,26.529,26.529,26.535,26.535,26.54,26.545,26.55,26.55,26.55,26.555,26.555,26.555,26.555,26.561,26.566,26.566,26.581,26.587,26.597,26.597,26.597,26.587,26.581,26.571,26.561,26.561,26.555,26.555,26.555,26.555,26.545,26.54,26.535,26.529,26.529,26.524,26.519,26.514,26.508,26.508,26.514,26.514,26.508,26.508,26.498,26.493,26.493,26.488,26.488,26.488,26.493,26.493,26.498,26.498,26.493,26.488,26.488,26.488,26.488,26.482,26.482,26.477,26.472,26.462,26.467,26.472,26.472,26.477
,26.462,26.462,26.462,26.467,26.467,26.467,26.462,26.451,26.451,26.456,26.456,26.456,26.462,26.467,26.472,26.467,26.462,26.456,26.451,26.441,26.441,26.441,26.446,26.446,26.451,26.451,26.456,26.456,26.451,26.451,26.456,26.462,26.467,26.477,26.477,26.477,26.482,26.477,26.477,26.477,26.477,26.482,26.477,26.472,26.472,26.467,26.462,26.462,26.462,26.462,26.462,26.467,26.472,26.477,26.482,26.488,26.482,26.482,26.467,26.435,26.409,26.315,26.127,25.545,25.086,25.076,25.208,25.065,25.186,25.713,26.185,26.216,26.258,26.315,26.362,26.394,26.415,26.43,26.435,26.435,26.425,26.42,26.415,26.42,26.42,26.43,26.43,26.425,26.42,26.42,26.42,26.43,26.43,26.435,26.435,26.435,26.43,26.43,26.425,26.415,26.404,26.399,26.394,26.394,26.399,26.404,26.404,26.404,26.399,26.399,26.399,26.404,26.415,26.425,26.425,26.435,26.435,26.441,26.441,26.435,26.435,26.435,26.446,26.446,26.456,26.456,26.462,26.467,26.472,26.482,26.482,26.493,26.503,26.519,26.529,26.545,26.555,26.571,26.587,26.597,26.613,26.623,26.623,26.628,26.634,26.628,26.628,26.634,26.639,26.644,26.644,26.644,26.644,26.644,26.639,26.639,26.639,26.649,26.654,26.654,26.66,26.66,26.665,26.665,26.67,26.675,26.675,26.68,26.686,26.691,26.691,26.696,26.696,26.691,26.686,26.675,26.665,26.654,26.644,26.644,26.644,26.639,26.644,26.639,26.634,26.634,26.628,26.623,26.613,26.618,26.607,26.607,26.607,26.607,26.602,26.597,26.592,26.587,26.581,26.576,26.576,26.576,26.581,26.576,26.581,26.587,26.592,26.592,26.592,26.587,26.587,26.581,26.581,26.576,26.566,26.555,26.545,26.535,26.524,26.519,26.519,26.529,26.54,26.54,26.54,26.535,26.529,26.524,26.519,26.514,26.514,26.508,26.514,26.514,26.519,26.519,26.514,26.508,26.508,26.503,26.503,26.503,26.508,26.508,26.519,26.514,26.514,26.514,26.498,26.482,26.446,26.425,26.342,26.305,26.3,25.813,25.513,25.545,25.618,25.45,25.271,25.529,26.169,26.326,26.514,26.514,26.519,26.524,26.529,26.535,26.535,26.54,26.535,26.529,26.524,26.514,26.503,26.498,26.498,26.498,26.498,26.508,26.519,26.524,26.535,26.54,26.55,26.561,26.561,26.561,26.561,26.561,26.566,26.571,26.576,26.576,26.571,26.561,26.55,26.55,26.55,26.555,26.555,26.561,26.555,26.555,26.55,26.545,26.545,26.54,26.54,26.54,26.535,26.535,26.535,26.535,26.535,26.535,26.535,26.535,26.535,26.545,26.545,26.55,26.55,26.555,26.555,26.55,26.555,26.561,26.566,26.571,26.581,26.587,26.597,26.597,26.597,26.597,26.587,26.581,26.571,26.561,26.561,26.561,26.561,26.555,26.555,26.55,26.545,26.54,26.529,26.524,26.524,26.519,26.519,26.519,26.524,26.514,26.514,26.503,26.503,26.503,26.493,26.493,26.493,26.498,26.498,26.503,26.508,26.508,26.498,26.498,26.498,26.498,26.498,26.493,26.482,26.477,26.477,26.477,26.477,26.477,26.482,26.498
,26.456,26.462,26.462,26.467,26.467,26.456,26.462,26.451,26.446,26.446,26.451,26.456,26.456,26.462,26.462,26.462,26.456,26.451,26.446,26.435,26.435,26.441,26.441,26.446,26.451,26.451,26.456,26.446,26.446,26.446,26.451,26.456,26.467,26.467,26.472,26.472,26.477,26.477,26.472,26.477,26.477,26.482,26.477,26.477,26.472,26.467,26.462,26.451,26.451,26.451,26.456,26.462,26.467,26.477,26.477,26.488,26.493,26.482,26.477,26.456,26.404,26.435,26.352,25.776,25.223,25.091,25.102,25.144,25.144,25.555,25.939,26.19,26.2,26.305,26.352,26.383,26.409,26.425,26.435,26.43,26.43,26.425,26.415,26.42,26.42,26.425,26.425,26.42,26.409,26.404,26.409,26.42,26.425,26.425,26.43,26.435,26.43,26.43,26.425,26.42,26.409,26.404,26.399,26.399,26.404,26.404,26.404,26.404,26.399,26.399,26.404,26.409,26.415,26.425,26.425,26.43,26.435,26.435,26.435,26.441,26.441,26.441,26.446,26.446,26.451,26.451,26.456,26.462,26.467,26.472,26.482,26.488,26.498,26.503,26.519,26.524,26.545,26.55,26.566,26.581,26.592,26.597,26.602,26.613,26.607,26.613,26.618,26.613,26.618,26.623,26.628,26.628,26.634,26.634,26.628,26.628,26.634,26.639,26.644,26.649,26.649,26.66,26.66,26.665,26.665,26.67,26.675,26.686,26.691,26.696,26.701,26.706,26.706,26.701,26.696,26.686,26.675,26.665,26.649,26.644,26.639,26.644,26.649,26.649,26.644,26.644,26.639,26.634,26.628,26.623,26.613,26.607,26.607,26.607,26.602,26.602,26.597,26.592,26.587,26.587,26.587,26.581,26.587,26.587,26.592,26.597,26.597,26.602,26.597,26.597,26.592,26.592,26.587,26.581,26.571,26.566,26.555,26.545,26.529,26.524,26.529,26.529,26.535,26.54,26.54,26.54,26.535,26.529,26.524,26.519,26.519,26.519,26.519,26.524,26.529,26.529,26.524,26.519,26.519,26.514,26.514,26.514,26.514,26.514,26.524,26.519,26.524,26.519,26.508,26.488,26.451,26.435,26.373,26.352,26.295,26.017,25.555,25.529,25.55,25.44,25.445,25.534,26.132,26.305,26.535,26.493,26.535,26.535,26.54,26.545,26.545,26.54,26.54,26.529,26.524,26.508,26.508,26.498,26.493,26.493,26.498,26.503,26.514,26.524,26.529,26.545,26.555,26.561,26.561,26.566,26.566,26.566,26.571,26.571,26.576,26.571,26.566,26.566,26.561,26.555,26.561,26.561,26.561,26.566,26.566,26.566,26.561,26.555,26.55,26.545,26.545,26.545,26.54,26.54,26.54,26.54,26.54,26.54,26.535,26.535,26.529,26.54,26.545,26.55,26.55,26.555,26.555,26.55,26.555,26.561,26.561,26.571,26.581,26.587,26.597,26.602,26.602,26.597,26.597,26.587,26.576,26.571,26.566,26.566,26.566,26.566,26.555,26.555,26.55,26.545,26.54,26.529,26.529,26.524,26.524,26.524,26.524,26.519,26.519,26.514,26.508,26.503,26.503,26.498,26.498,26.503,26.514,26.519,26.519,26.514,26.508,26.508,26.508,26.503,26.503,26.498,26.488,26.482,26.482,26.482,26.482,26.493,26.498,26.508
,26.462,26.462,26.467,26.467,26.467,26.462,26.462,26.446,26.451,26.451,26.451,26.451,26.456,26.462,26.462,26.462,26.451,26.446,26.441,26.435,26.43,26.441,26.441,26.446,26.451,26.451,26.446,26.441,26.441,26.441,26.446,26.451,26.456,26.462,26.467,26.472,26.477,26.472,26.472,26.477,26.477,26.482,26.477,26.477,26.467,26.462,26.456,26.451,26.446,26.446,26.451,26.456,26.462,26.477,26.482,26.488,26.493,26.488,26.488,26.472,26.477,26.451,26.394,26.028,25.508,25.202,25.15,25.176,25.234,25.229,25.813,26.075,26.216,26.295,26.331,26.373,26.399,26.42,26.425,26.43,26.43,26.425,26.415,26.415,26.42,26.42,26.415,26.409,26.404,26.399,26.404,26.404,26.415,26.42,26.425,26.43,26.43,26.43,26.43,26.425,26.415,26.404,26.404,26.404,26.404,26.404,26.404,26.399,26.399,26.399,26.404,26.409,26.415,26.425,26.43,26.43,26.43,26.441,26.441,26.435,26.441,26.446,26.446,26.441,26.446,26.451,26.456,26.456,26.467,26.472,26.477,26.482,26.493,26.498,26.508,26.514,26.524,26.535,26.545,26.55,26.566,26.576,26.581,26.587,26.587,26.587,26.587,26.587,26.592,26.597,26.607,26.607,26.607,26.618,26.618,26.623,26.623,26.628,26.634,26.639,26.644,26.644,26.649,26.654,26.654,26.665,26.675,26.686,26.696,26.701,26.712,26.712,26.712,26.712,26.701,26.691,26.68,26.67,26.66,26.649,26.649,26.649,26.649,26.654,26.654,26.649,26.649,26.639,26.639,26.628,26.623,26.618,26.613,26.613,26.613,26.607,26.607,26.597,26.597,26.592,26.592,26.587,26.587,26.592,26.602,26.607,26.607,26.613,26.613,26.607,26.602,26.597,26.597,26.592,26.587,26.576,26.571,26.561,26.545,26.54,26.535,26.535,26.535,26.54,26.54,26.54,26.535,26.535,26.529,26.524,26.524,26.524,26.535,26.535,26.54,26.54,26.535,26.535,26.529,26.524,26.519,26.519,26.519,26.519,26.529,26.535,26.535,26.524,26.514,26.493,26.472,26.441,26.446,26.409,26.31,26.101,25.482,25.519,25.524,25.587,25.613,25.476,26.153,26.446,26.566,26.607,26.545,26.561,26.555,26.555,26.555,26.55,26.54,26.54,26.529,26.514,26.508,26.498,26.493,26.488,26.493,26.503,26.514,26.524,26.535,26.545,26.55,26.561,26.566,26.566,26.561,26.566,26.566,26.571,26.566,26.571,26.566,26.566,26.561,26.561,26.566,26.566,26.566,26.566,26.566,26.566,26.571,26.561,26.555,26.555,26.55,26.55,26.55,26.55,26.545,26.545,26.545,26.54,26.529,26.535,26.529,26.54,26.545,26.545,26.555,26.555,26.555,26.55,26.555,26.561,26.561,26.571,26.576,26.587,26.597,26.602,26.602,26.597,26.597,26.592,26.587,26.581,26.576,26.571,26.566,26.566,26.561,26.555,26.561,26.55,26.55,26.54,26.535,26.535,26.535,26.529,26.529,26.524,26.524,26.519,26.514,26.508,26.508,26.508,26.508,26.519,26.514,26.524,26.524,26.524,26.524,26.514,26.514,26.503,26.503,26.498,26.493,26.488,26.488,26.488,26.488,26.498,26.503,26.514
,26.467,26.462,26.467,26.467,26.467,26.467,26.462,26.456,26.451,26.446,26.451,26.451,26.456,26.456,26.462,26.456,26.451,26.446,26.441,26.435,26.43,26.43,26.435,26.441,26.441,26.446,26.446,26.441,26.435,26.43,26.435,26.446,26.451,26.456,26.462,26.462,26.467,26.467,26.467,26.472,26.477,26.482,26.477,26.477,26.472,26.462,26.456,26.446,26.441,26.446,26.446,26.456,26.467,26.477,26.482,26.488,26.493,26.498,26.488,26.488,26.472,26.472,26.524,26.195,25.687,25.281,25.213,25.186,25.223,25.15,25.555,25.986,26.206,26.284,26.321,26.352,26.389,26.409,26.42,26.425,26.425,26.425,26.42,26.415,26.415,26.409,26.409,26.404,26.399,26.394,26.399,26.404,26.409,26.415,26.425,26.425,26.435,26.43,26.43,26.425,26.415,26.409,26.404,26.404,26.404,26.399,26.399,26.394,26.394,26.399,26.404,26.409,26.42,26.42,26.425,26.43,26.43,26.435,26.441,26.435,26.441,26.441,26.446,26.446,26.446,26.451,26.451,26.451,26.462,26.467,26.472,26.482,26.482,26.493,26.498,26.503,26.514,26.519,26.529,26.54,26.55,26.561,26.566,26.571,26.571,26.576,26.571,26.571,26.576,26.576,26.587,26.592,26.602,26.607,26.607,26.618,26.618,26.623,26.623,26.634,26.634,26.639,26.639,26.644,26.649,26.66,26.67,26.68,26.691,26.706,26.706,26.717,26.717,26.712,26.706,26.696,26.686,26.675,26.66,26.649,26.649,26.649,26.649,26.654,26.654,26.654,26.649,26.649,26.639,26.634,26.628,26.623,26.623,26.618,26.618,26.618,26.613,26.607,26.607,26.602,26.592,26.592,26.587,26.592,26.602,26.607,26.613,26.618,26.613,26.613,26.613,26.607,26.602,26.602,26.607,26.592,26.581,26.571,26.566,26.555,26.545,26.535,26.535,26.535,26.54,26.54,26.54,26.535,26.535,26.535,26.535,26.535,26.54,26.545,26.55,26.55,26.55,26.545,26.545,26.54,26.535,26.529,26.524,26.529,26.535,26.54,26.54,26.535,26.529,26.514,26.482,26.456,26.42,26.373,26.321,26.216,25.713,25.555,25.708,25.603,25.524,25.545,26.059,26.482,26.66,26.592,26.561,26.576,26.576,26.576,26.571,26.561,26.555,26.55,26.535,26.524,26.514,26.503,26.498,26.493,26.498,26.503,26.514,26.529,26.535,26.545,26.555,26.561,26.566,26.566,26.561,26.566,26.566,26.571,26.571,26.576,26.571,26.566,26.566,26.566,26.576,26.571,26.576,26.576,26.581,26.571,26.576,26.571,26.566,26.561,26.561,26.561,26.555,26.561,26.55,26.55,26.55,26.545,26.535,26.54,26.54,26.545,26.545,26.55,26.55,26.555,26.555,26.555,26.555,26.55,26.561,26.566,26.571,26.587,26.597,26.597,26.607,26.602,26.602,26.592,26.587,26.581,26.581,26.576,26.571,26.571,26.561,26.561,26.561,26.561,26.561,26.55,26.54,26.54,26.54,26.54,26.535,26.535,26.524,26.519,26.514,26.514,26.508,26.514,26.508,26.519,26.519,26.529,26.529,26.529,26.529,26.519,26.514,26.508,26.498,26.498,26.503,26.498,26.493,26.493,26.498,26.498,26.503,26.514
,26.462,26.462,26.467,26.472,26.472,26.472,26.467,26.462,26.456,26.451,26.451,26.451,26.456,26.456,26.462,26.456,26.451,26.446,26.441,26.441,26.43,26.43,26.435,26.441,26.441,26.441,26.441,26.441,26.435,26.435,26.435,26.435,26.441,26.446,26.451,26.451,26.462,26.462,26.467,26.472,26.472,26.477,26.477,26.477,26.472,26.462,26.456,26.446,26.441,26.446,26.446,26.451,26.467,26.472,26.482,26.488,26.493,26.493,26.498,26.498,26.482,26.467,26.488,26.378,25.881,25.455,25.355,25.181,25.276,25.239,25.213,25.839,26.148,26.248,26.315,26.336,26.373,26.394,26.415,26.425,26.43,26.425,26.42,26.42,26.415,26.409,26.409,26.409,26.399,26.399,26.399,26.404,26.409,26.415,26.425,26.425,26.435,26.43,26.43,26.425,26.415,26.409,26.404,26.399,26.399,26.394,26.394,26.394,26.394,26.399,26.404,26.404,26.409,26.415,26.425,26.425,26.425,26.435,26.435,26.435,26.446,26.441,26.441,26.441,26.441,26.446,26.451,26.451,26.456,26.467,26.472,26.477,26.482,26.488,26.488,26.498,26.503,26.514,26.519,26.529,26.545,26.55,26.561,26.561,26.566,26.566,26.561,26.555,26.561,26.566,26.576,26.581,26.592,26.597,26.602,26.607,26.613,26.618,26.618,26.628,26.623,26.628,26.628,26.628,26.639,26.649,26.665,26.68,26.696,26.706,26.712,26.717,26.717,26.717,26.706,26.701,26.686,26.67,26.66,26.649,26.649,26.649,26.654,26.66,26.654,26.654,26.654,26.654,26.644,26.639,26.634,26.628,26.628,26.623,26.623,26.623,26.618,26.613,26.607,26.602,26.597,26.597,26.592,26.597,26.602,26.607,26.618,26.618,26.618,26.607,26.613,26.613,26.613,26.613,26.618,26.607,26.602,26.587,26.576,26.566,26.55,26.545,26.545,26.545,26.54,26.54,26.535,26.529,26.535,26.535,26.535,26.54,26.545,26.55,26.555,26.561,26.566,26.561,26.555,26.55,26.545,26.54,26.545,26.54,26.545,26.55,26.55,26.55,26.54,26.529,26.514,26.472,26.435,26.415,26.389,26.253,25.797,25.64,25.597,25.703,25.65,25.55,26.159,26.722,26.701,26.654,26.649,26.623,26.613,26.602,26.592,26.587,26.566,26.561,26.545,26.535,26.529,26.514,26.503,26.503,26.503,26.514,26.519,26.529,26.54,26.545,26.555,26.566,26.566,26.566,26.566,26.566,26.571,26.571,26.576,26.576,26.571,26.571,26.576,26.576,26.576,26.581,26.581,26.587,26.587,26.587,26.587,26.581,26.581,26.581,26.576,26.571,26.571,26.566,26.566,26.561,26.555,26.55,26.545,26.545,26.545,26.55,26.555,26.555,26.561,26.555,26.555,26.555,26.55,26.55,26.55,26.555,26.571,26.587,26.592,26.597,26.602,26.602,26.602,26.597,26.592,26.587,26.581,26.581,26.576,26.571,26.566,26.561,26.566,26.566,26.561,26.555,26.55,26.55,26.54,26.54,26.535,26.535,26.529,26.519,26.514,26.514,26.508,26.514,26.508,26.519,26.529,26.529,26.535,26.535,26.529,26.519,26.514,26.508,26.503,26.514,26.503,26.503,26.493,26.498,26.493,26.488,26.482,26.508
,26.472,26.467,26.472,26.477,26.482,26.477,26.477,26.467,26.462,26.456,26.456,26.456,26.456,26.456,26.462,26.462,26.456,26.451,26.446,26.441,26.43,26.43,26.425,26.43,26.435,26.435,26.441,26.43,26.43,26.43,26.43,26.425,26.43,26.441,26.446,26.446,26.456,26.456,26.462,26.467,26.472,26.472,26.477,26.477,26.472,26.467,26.462,26.451,26.446,26.446,26.451,26.451,26.467,26.472,26.482,26.488,26.493,26.498,26.503,26.503,26.488,26.477,26.472,26.467,26.253,25.682,25.245,25.186,25.26,25.287,25.208,25.682,26.185,26.232,26.279,26.315,26.352,26.378,26.399,26.415,26.425,26.43,26.425,26.42,26.42,26.415,26.409,26.409,26.409,26.404,26.404,26.409,26.409,26.415,26.425,26.43,26.43,26.43,26.43,26.425,26.415,26.409,26.404,26.399,26.399,26.394,26.394,26.394,26.394,26.399,26.404,26.404,26.409,26.415,26.425,26.425,26.43,26.43,26.435,26.441,26.441,26.441,26.441,26.441,26.441,26.441,26.446,26.446,26.451,26.456,26.462,26.472,26.472,26.477,26.482,26.488,26.493,26.503,26.514,26.529,26.535,26.545,26.555,26.555,26.555,26.555,26.55,26.55,26.555,26.555,26.561,26.576,26.581,26.592,26.597,26.602,26.602,26.607,26.613,26.618,26.623,26.623,26.623,26.623,26.634,26.644,26.654,26.675,26.696,26.701,26.706,26.717,26.717,26.712,26.706,26.696,26.686,26.67,26.654,26.649,26.644,26.649,26.66,26.66,26.66,26.66,26.654,26.649,26.649,26.644,26.639,26.634,26.634,26.628,26.634,26.623,26.623,26.618,26.613,26.607,26.597,26.597,26.597,26.597,26.602,26.613,26.613,26.613,26.613,26.607,26.613,26.618,26.618,26.623,26.623,26.618,26.613,26.602,26.587,26.576,26.561,26.555,26.55,26.545,26.545,26.54,26.54,26.529,26.535,26.535,26.54,26.545,26.55,26.561,26.566,26.571,26.571,26.566,26.561,26.555,26.55,26.545,26.545,26.545,26.555,26.555,26.561,26.566,26.561,26.545,26.529,26.498,26.467,26.404,26.404,26.315,25.918,25.734,25.739,25.666,25.661,25.624,26.059,26.748,26.732,26.691,26.691,26.665,26.639,26.634,26.618,26.602,26.592,26.576,26.561,26.545,26.54,26.524,26.519,26.519,26.519,26.524,26.529,26.529,26.54,26.55,26.555,26.566,26.566,26.566,26.566,26.571,26.576,26.576,26.581,26.581,26.581,26.576,26.571,26.576,26.581,26.581,26.592,26.592,26.597,26.597,26.597,26.592,26.592,26.587,26.587,26.587,26.576,26.576,26.571,26.566,26.561,26.555,26.555,26.555,26.555,26.561,26.561,26.561,26.561,26.561,26.55,26.55,26.545,26.55,26.545,26.55,26.566,26.576,26.592,26.597,26.602,26.597,26.597,26.592,26.592,26.592,26.587,26.581,26.576,26.571,26.571,26.566,26.566,26.566,26.561,26.555,26.55,26.55,26.54,26.54,26.535,26.535,26.529,26.524,26.514,26.508,26.503,26.503,26.508,26.519,26.524,26.535,26.54,26.529,26.555,26.519,26.488,26.42,26.508,26.477,26.493,26.54,26.503,26.503,26.498,26.503,26.482,26.488
,26.482,26.477,26.482,26.488,26.482,26.488,26.482,26.472,26.467,26.456,26.456,26.456,26.456,26.462,26.462,26.462,26.462,26.456,26.451,26.446,26.435,26.43,26.43,26.43,26.43,26.435,26.435,26.435,26.43,26.43,26.425,26.425,26.43,26.435,26.435,26.441,26.446,26.446,26.451,26.462,26.467,26.472,26.477,26.477,26.477,26.467,26.462,26.456,26.456,26.456,26.456,26.462,26.467,26.472,26.482,26.488,26.503,26.503,26.508,26.508,26.498,26.498,26.503,26.441,26.451,25.96,25.524,25.403,25.271,25.292,25.292,25.308,25.975,26.164,26.253,26.284,26.336,26.368,26.389,26.409,26.42,26.425,26.425,26.425,26.425,26.425,26.42,26.42,26.415,26.415,26.415,26.415,26.415,26.42,26.42,26.425,26.425,26.43,26.43,26.42,26.409,26.409,26.404,26.399,26.394,26.394,26.394,26.394,26.394,26.399,26.404,26.409,26.415,26.42,26.425,26.43,26.425,26.435,26.441,26.435,26.435,26.435,26.441,26.43,26.435,26.435,26.435,26.441,26.451,26.456,26.462,26.462,26.467,26.467,26.472,26.477,26.482,26.498,26.503,26.519,26.529,26.54,26.545,26.55,26.55,26.545,26.545,26.545,26.545,26.55,26.561,26.571,26.576,26.581,26.587,26.592,26.597,26.597,26.602,26.613,26.618,26.618,26.618,26.618,26.613,26.597,26.618,26.686,26.686,26.696,26.706,26.706,26.706,26.706,26.701,26.691,26.68,26.665,26.654,26.649,26.644,26.649,26.654,26.66,26.66,26.66,26.654,26.649,26.649,26.649,26.644,26.644,26.639,26.639,26.634,26.628,26.628,26.618,26.613,26.607,26.602,26.597,26.597,26.597,26.602,26.607,26.607,26.613,26.613,26.618,26.618,26.623,26.628,26.634,26.634,26.628,26.623,26.607,26.602,26.581,26.571,26.561,26.561,26.555,26.55,26.55,26.54,26.535,26.535,26.535,26.545,26.55,26.555,26.571,26.576,26.576,26.576,26.576,26.571,26.566,26.555,26.555,26.555,26.555,26.561,26.566,26.571,26.571,26.571,26.561,26.54,26.519,26.488,26.456,26.399,26.357,25.96,25.734,25.703,25.724,25.713,25.671,26.028,26.753,26.769,26.701,26.738,26.706,26.686,26.665,26.649,26.628,26.607,26.587,26.576,26.561,26.55,26.54,26.535,26.529,26.535,26.535,26.54,26.545,26.55,26.555,26.561,26.566,26.571,26.571,26.571,26.576,26.571,26.581,26.587,26.581,26.581,26.576,26.576,26.581,26.581,26.587,26.592,26.602,26.602,26.602,26.602,26.602,26.597,26.597,26.592,26.592,26.592,26.581,26.576,26.571,26.571,26.571,26.561,26.561,26.561,26.566,26.566,26.566,26.561,26.561,26.55,26.545,26.54,26.54,26.545,26.55,26.566,26.571,26.587,26.592,26.597,26.587,26.592,26.581,26.587,26.587,26.581,26.587,26.576,26.576,26.566,26.561,26.561,26.555,26.555,26.55,26.535,26.514,26.508,26.545,26.514,26.503,26.529,26.498,26.508,26.503,26.482,26.482,26.493,26.488,26.545,26.529,26.535,26.535,26.535,26.508,26.488,26.508,26.462,26.441,26.508,26.514,26.55,26.482,26.462,26.482,26.446,26.456
,26.493,26.488,26.493,26.493,26.488,26.493,26.488,26.477,26.467,26.456,26.456,26.451,26.451,26.462,26.462,26.467,26.462,26.462,26.456,26.446,26.435,26.43,26.425,26.425,26.425,26.43,26.435,26.43,26.425,26.425,26.425,26.425,26.425,26.43,26.43,26.435,26.435,26.441,26.446,26.462,26.467,26.472,26.477,26.477,26.477,26.472,26.467,26.462,26.462,26.462,26.462,26.462,26.467,26.477,26.488,26.498,26.503,26.503,26.508,26.514,26.508,26.503,26.456,26.467,26.451,26.195,25.624,25.482,25.271,25.297,25.287,25.271,25.682,26.059,26.274,26.3,26.315,26.357,26.383,26.399,26.415,26.42,26.425,26.43,26.43,26.43,26.425,26.425,26.42,26.42,26.42,26.42,26.42,26.42,26.42,26.425,26.43,26.43,26.425,26.415,26.415,26.409,26.404,26.404,26.399,26.394,26.399,26.399,26.399,26.404,26.404,26.409,26.415,26.425,26.425,26.43,26.435,26.435,26.441,26.441,26.441,26.441,26.441,26.43,26.43,26.43,26.43,26.441,26.446,26.451,26.456,26.462,26.462,26.462,26.462,26.467,26.477,26.488,26.498,26.514,26.524,26.535,26.54,26.54,26.54,26.54,26.54,26.54,26.54,26.55,26.555,26.566,26.571,26.576,26.576,26.581,26.592,26.597,26.597,26.607,26.613,26.613,26.618,26.613,26.613,26.644,26.628,26.732,26.68,26.696,26.701,26.706,26.701,26.701,26.696,26.686,26.68,26.66,26.654,26.644,26.644,26.649,26.649,26.66,26.654,26.66,26.654,26.649,26.649,26.649,26.639,26.644,26.644,26.639,26.634,26.628,26.623,26.618,26.613,26.607,26.597,26.597,26.592,26.592,26.602,26.607,26.607,26.613,26.613,26.618,26.623,26.628,26.634,26.644,26.644,26.634,26.623,26.618,26.607,26.592,26.581,26.571,26.566,26.555,26.555,26.555,26.545,26.54,26.535,26.54,26.545,26.55,26.566,26.571,26.576,26.581,26.581,26.587,26.576,26.571,26.566,26.561,26.561,26.561,26.566,26.576,26.581,26.581,26.581,26.571,26.561,26.54,26.514,26.514,26.514,26.409,26.101,25.792,25.734,25.755,25.86,25.755,25.918,26.748,26.81,26.758,26.764,26.748,26.722,26.696,26.675,26.66,26.634,26.613,26.592,26.576,26.566,26.555,26.545,26.55,26.545,26.55,26.55,26.55,26.55,26.555,26.566,26.571,26.566,26.571,26.571,26.576,26.581,26.587,26.587,26.587,26.581,26.581,26.576,26.581,26.581,26.587,26.597,26.607,26.607,26.613,26.607,26.607,26.607,26.602,26.597,26.597,26.597,26.592,26.587,26.581,26.576,26.576,26.576,26.576,26.571,26.571,26.571,26.566,26.566,26.561,26.55,26.545,26.54,26.545,26.545,26.55,26.555,26.571,26.581,26.587,26.592,26.587,26.576,26.566,26.581,26.592,26.587,26.587,26.581,26.576,26.555,26.545,26.545,26.535,26.524,26.535,26.524,26.514,26.482,26.561,26.498,26.514,26.535,26.529,26.493,26.472,26.472,26.451,26.467,26.488,26.566,26.441,26.514,26.571,26.493,26.519,26.451,26.462,26.498,26.503,26.566,26.451,26.43,26.378,26.221,26.227,26.342,26.3
,26.503,26.498,26.498,26.498,26.498,26.498,26.488,26.477,26.472,26.462,26.456,26.446,26.451,26.462,26.462,26.467,26.467,26.467,26.462,26.451,26.446,26.435,26.435,26.43,26.43,26.425,26.43,26.425,26.425,26.425,26.42,26.42,26.425,26.425,26.43,26.43,26.43,26.43,26.446,26.456,26.467,26.472,26.477,26.477,26.472,26.472,26.467,26.467,26.467,26.462,26.462,26.467,26.472,26.477,26.488,26.498,26.508,26.514,26.514,26.514,26.514,26.514,26.482,26.482,26.477,26.462,25.986,25.555,25.345,25.229,25.303,25.271,25.513,25.928,26.2,26.248,26.315,26.352,26.383,26.399,26.415,26.42,26.43,26.435,26.441,26.441,26.435,26.435,26.43,26.43,26.425,26.43,26.43,26.43,26.425,26.43,26.43,26.43,26.425,26.42,26.415,26.409,26.409,26.404,26.394,26.399,26.404,26.404,26.409,26.409,26.409,26.415,26.42,26.425,26.43,26.435,26.43,26.441,26.441,26.435,26.441,26.441,26.435,26.43,26.425,26.43,26.425,26.43,26.441,26.446,26.451,26.451,26.451,26.451,26.451,26.456,26.462,26.477,26.493,26.503,26.514,26.519,26.529,26.524,26.535,26.524,26.535,26.535,26.54,26.545,26.55,26.555,26.561,26.561,26.566,26.571,26.576,26.587,26.592,26.602,26.607,26.607,26.607,26.613,26.623,26.628,26.665,26.654,26.68,26.686,26.691,26.696,26.696,26.696,26.691,26.686,26.67,26.66,26.649,26.649,26.649,26.649,26.649,26.654,26.654,26.654,26.654,26.644,26.644,26.644,26.644,26.644,26.644,26.639,26.639,26.634,26.623,26.618,26.613,26.607,26.602,26.592,26.592,26.592,26.592,26.602,26.602,26.613,26.618,26.623,26.628,26.634,26.644,26.644,26.644,26.644,26.634,26.628,26.613,26.602,26.592,26.576,26.571,26.571,26.566,26.561,26.555,26.545,26.54,26.545,26.55,26.555,26.571,26.576,26.581,26.587,26.587,26.587,26.587,26.576,26.576,26.571,26.566,26.566,26.576,26.581,26.581,26.587,26.587,26.581,26.576,26.555,26.535,26.545,26.55,26.42,26.263,25.813,25.766,25.823,25.839,25.829,25.881,26.774,26.987,26.961,26.779,26.784,26.758,26.727,26.701,26.686,26.654,26.634,26.613,26.592,26.576,26.571,26.566,26.561,26.561,26.561,26.561,26.555,26.561,26.561,26.566,26.571,26.571,26.576,26.576,26.581,26.587,26.592,26.592,26.592,26.587,26.581,26.576,26.576,26.581,26.587,26.597,26.607,26.607,26.618,26.618,26.613,26.607,26.607,26.602,26.602,26.597,26.597,26.587,26.587,26.581,26.587,26.581,26.587,26.581,26.576,26.571,26.555,26.566,26.55,26.545,26.54,26.545,26.529,26.54,26.55,26.55,26.561,26.581,26.571,26.561,26.566,26.555,26.535,26.566,26.561,26.576,26.581,26.566,26.561,26.54,26.561,26.55,26.54,26.508,26.519,26.514,26.488,26.477,26.503,26.488,26.498,26.561,26.514,26.54,26.55,26.555,26.503,26.561,26.195,26.258,26.242,26.43,26.373,25.965,26.143,25.876,26.054,25.965,25.944,26.007,25.724,25.582,25.482,25.128,25.471,25.308,25.313
,26.508,26.503,26.503,26.508,26.503,26.503,26.488,26.482,26.472,26.462,26.456,26.451,26.451,26.462,26.467,26.472,26.472,26.467,26.467,26.456,26.451,26.446,26.441,26.435,26.43,26.425,26.425,26.425,26.42,26.415,26.415,26.415,26.42,26.42,26.42,26.42,26.425,26.43,26.441,26.456,26.462,26.472,26.477,26.477,26.472,26.472,26.472,26.467,26.472,26.467,26.467,26.467,26.472,26.482,26.493,26.498,26.503,26.508,26.514,26.514,26.514,26.508,26.508,26.514,26.535,26.389,26.43,25.902,25.329,25.271,25.313,25.339,25.334,25.792,26.242,26.227,26.305,26.357,26.383,26.399,26.415,26.425,26.435,26.441,26.446,26.446,26.446,26.441,26.435,26.435,26.43,26.43,26.43,26.43,26.43,26.425,26.425,26.425,26.425,26.42,26.42,26.415,26.409,26.409,26.404,26.404,26.409,26.415,26.415,26.415,26.415,26.415,26.42,26.42,26.43,26.435,26.43,26.441,26.435,26.435,26.435,26.435,26.43,26.43,26.43,26.425,26.425,26.425,26.435,26.441,26.446,26.446,26.446,26.451,26.451,26.446,26.451,26.467,26.477,26.493,26.508,26.514,26.519,26.519,26.519,26.519,26.524,26.529,26.529,26.54,26.55,26.55,26.555,26.555,26.561,26.566,26.571,26.576,26.587,26.592,26.602,26.602,26.607,26.607,26.623,26.628,26.644,26.644,26.665,26.675,26.686,26.691,26.686,26.686,26.68,26.675,26.67,26.66,26.649,26.649,26.649,26.649,26.644,26.654,26.649,26.649,26.644,26.644,26.639,26.639,26.639,26.639,26.634,26.639,26.634,26.628,26.623,26.618,26.613,26.607,26.597,26.592,26.581,26.587,26.587,26.597,26.602,26.613,26.618,26.623,26.639,26.639,26.644,26.649,26.639,26.639,26.634,26.623,26.618,26.607,26.597,26.587,26.581,26.576,26.576,26.571,26.561,26.555,26.55,26.55,26.555,26.566,26.571,26.581,26.587,26.592,26.592,26.587,26.587,26.581,26.576,26.576,26.576,26.576,26.576,26.581,26.587,26.592,26.592,26.592,26.581,26.576,26.566,26.493,26.514,26.524,26.31,25.808,25.829,25.85,25.876,25.839,25.939,26.94,27.091,26.857,26.857,26.826,26.795,26.769,26.738,26.706,26.68,26.66,26.634,26.613,26.597,26.587,26.581,26.576,26.576,26.576,26.566,26.561,26.566,26.561,26.566,26.576,26.576,26.581,26.581,26.581,26.592,26.592,26.592,26.592,26.592,26.587,26.571,26.576,26.576,26.587,26.592,26.602,26.613,26.618,26.618,26.613,26.607,26.602,26.602,26.592,26.597,26.592,26.597,26.592,26.592,26.581,26.587,26.597,26.587,26.566,26.576,26.555,26.576,26.555,26.524,26.524,26.524,26.535,26.545,26.54,26.561,26.545,26.561,26.561,26.561,26.561,26.571,26.545,26.555,26.55,26.566,26.613,26.592,26.587,26.628,26.613,26.654,26.649,26.644,26.571,26.639,26.649,26.623,26.462,26.331,26.305,26.127,26.096,25.886,25.823,25.781,25.965,25.844,25.382,25.229,25.392,25.519,25.403,25.287,25.403,25.128,25.45,25.403,25.234,25.023,25.139,25.107,24.922,24.89,25.081,25.039,25.16
,26.514,26.508,26.514,26.508,26.503,26.503,26.493,26.488,26.477,26.472,26.456,26.451,26.456,26.462,26.467,26.472,26.467,26.472,26.467,26.467,26.456,26.451,26.446,26.441,26.43,26.43,26.425,26.42,26.415,26.415,26.415,26.415,26.415,26.415,26.415,26.415,26.415,26.425,26.435,26.446,26.467,26.472,26.477,26.477,26.477,26.472,26.477,26.472,26.472,26.472,26.472,26.472,26.477,26.488,26.493,26.498,26.503,26.508,26.514,26.514,26.508,26.508,26.514,26.508,26.508,26.514,26.368,26.096,25.713,25.223,25.35,25.361,25.382,25.582,25.939,26.153,26.274,26.352,26.383,26.409,26.42,26.43,26.441,26.451,26.462,26.456,26.456,26.451,26.446,26.441,26.435,26.435,26.43,26.43,26.43,26.425,26.425,26.425,26.42,26.415,26.415,26.415,26.415,26.415,26.409,26.415,26.42,26.42,26.425,26.415,26.415,26.415,26.42,26.42,26.425,26.43,26.43,26.43,26.435,26.435,26.43,26.43,26.43,26.43,26.425,26.425,26.425,26.42,26.43,26.43,26.441,26.446,26.446,26.441,26.446,26.446,26.446,26.462,26.472,26.488,26.498,26.503,26.508,26.508,26.508,26.514,26.514,26.524,26.524,26.535,26.545,26.545,26.55,26.55,26.55,26.561,26.566,26.571,26.581,26.587,26.592,26.592,26.602,26.607,26.618,26.628,26.634,26.644,26.654,26.665,26.675,26.68,26.68,26.68,26.675,26.675,26.665,26.66,26.649,26.644,26.644,26.644,26.644,26.654,26.654,26.644,26.644,26.639,26.628,26.628,26.628,26.628,26.628,26.628,26.628,26.628,26.618,26.618,26.607,26.602,26.597,26.587,26.576,26.576,26.581,26.587,26.597,26.607,26.618,26.628,26.634,26.639,26.639,26.644,26.644,26.639,26.634,26.634,26.618,26.607,26.602,26.592,26.587,26.587,26.581,26.576,26.571,26.561,26.561,26.566,26.566,26.571,26.576,26.592,26.597,26.592,26.592,26.592,26.587,26.587,26.581,26.576,26.576,26.576,26.576,26.581,26.587,26.592,26.592,26.592,26.587,26.581,26.571,26.576,26.566,26.576,26.305,26.174,25.813,25.923,25.965,26.017,26.043,26.769,27.137,27.044,26.966,26.862,26.831,26.81,26.769,26.738,26.706,26.68,26.66,26.628,26.618,26.602,26.602,26.592,26.581,26.581,26.576,26.571,26.571,26.566,26.576,26.576,26.581,26.581,26.581,26.581,26.592,26.592,26.592,26.587,26.592,26.576,26.597,26.571,26.576,26.592,26.592,26.592,26.597,26.613,26.623,26.618,26.602,26.571,26.581,26.592,26.592,26.587,26.576,26.571,26.576,26.587,26.597,26.592,26.587,26.566,26.555,26.55,26.451,26.503,26.571,26.493,26.545,26.529,26.54,26.576,26.566,26.576,26.54,26.535,26.555,26.581,26.634,26.613,26.602,26.592,26.686,26.378,26.404,26.425,26.08,26.08,25.902,25.718,25.687,25.703,25.592,25.461,25.566,25.508,25.281,25.176,25.181,25.144,25.102,25.181,25.171,25.213,25.213,25.113,25.028,24.975,24.922,24.98,25.023,25.081,25.081,25.134,25.25,25.229,25.028,25.171,25.065,24.986,25.091,25.186,25.107,25.076
,26.519,26.514,26.508,26.514,26.508,26.503,26.498,26.488,26.477,26.472,26.462,26.456,26.456,26.462,26.462,26.467,26.472,26.472,26.472,26.467,26.456,26.451,26.446,26.441,26.435,26.425,26.425,26.42,26.409,26.415,26.415,26.415,26.415,26.409,26.409,26.409,26.415,26.42,26.425,26.446,26.462,26.467,26.472,26.477,26.477,26.477,26.477,26.477,26.477,26.477,26.477,26.472,26.477,26.482,26.488,26.498,26.503,26.508,26.508,26.508,26.514,26.514,26.519,26.524,26.508,26.529,26.493,26.336,25.944,25.476,25.339,25.361,25.429,25.434,25.734,26.263,26.268,26.378,26.399,26.404,26.42,26.435,26.446,26.456,26.462,26.462,26.462,26.462,26.456,26.451,26.441,26.435,26.435,26.43,26.43,26.425,26.425,26.42,26.415,26.415,26.415,26.415,26.415,26.415,26.42,26.42,26.425,26.425,26.425,26.425,26.42,26.42,26.415,26.42,26.42,26.425,26.425,26.425,26.43,26.43,26.425,26.425,26.43,26.425,26.42,26.42,26.42,26.415,26.42,26.42,26.43,26.435,26.435,26.435,26.441,26.441,26.446,26.456,26.462,26.477,26.482,26.498,26.498,26.503,26.503,26.503,26.508,26.514,26.524,26.529,26.535,26.54,26.545,26.545,26.55,26.55,26.555,26.566,26.576,26.576,26.581,26.592,26.597,26.602,26.602,26.618,26.628,26.639,26.649,26.654,26.67,26.67,26.67,26.675,26.67,26.665,26.665,26.66,26.649,26.644,26.644,26.644,26.649,26.649,26.649,26.644,26.639,26.634,26.628,26.618,26.618,26.618,26.613,26.613,26.618,26.618,26.613,26.613,26.607,26.602,26.587,26.581,26.576,26.571,26.571,26.587,26.592,26.602,26.618,26.628,26.634,26.634,26.639,26.639,26.634,26.634,26.628,26.623,26.618,26.618,26.607,26.592,26.592,26.592,26.592,26.581,26.576,26.571,26.571,26.571,26.576,26.581,26.587,26.592,26.592,26.597,26.597,26.592,26.587,26.587,26.581,26.581,26.576,26.571,26.576,26.581,26.581,26.587,26.592,26.597,26.592,26.587,26.581,26.576,26.561,26.566,26.394,26.195,25.829,25.902,25.86,25.96,25.944,26.784,27.117,27.039,26.935,26.862,26.873,26.831,26.79,26.764,26.727,26.701,26.67,26.649,26.628,26.623,26.613,26.597,26.587,26.587,26.576,26.576,26.566,26.566,26.571,26.576,26.581,26.592,26.571,26.587,26.581,26.597,26.587,26.561,26.555,26.571,26.571,26.555,26.566,26.597,26.581,26.592,26.581,26.592,26.607,26.613,26.618,26.592,26.561,26.566,26.561,26.566,26.597,26.587,26.566,26.54,26.561,26.561,26.488,26.55,26.503,26.409,26.446,26.42,26.441,26.43,26.425,26.342,26.221,26.159,26.08,26.07,26.033,26.023,26.054,25.618,25.429,25.503,25.139,25.329,25.429,25.213,25.044,25.144,25.065,25.15,25.165,25.213,25.218,25.202,25.113,25.039,25.07,25.181,24.98,24.943,24.938,25.012,25.054,25.097,25.118,25.07,25.012,25.054,25.044,25.07,25.023,25.007,24.943,25.171,25.134,25.081,25.07,25.06,25.076,25.171,25.15,25.086,25.229,25.313,25.408,25.534
,26.524,26.519,26.519,26.514,26.514,26.508,26.503,26.488,26.482,26.472,26.467,26.462,26.462,26.462,26.462,26.467,26.467,26.472,26.467,26.467,26.462,26.462,26.451,26.441,26.435,26.43,26.425,26.42,26.415,26.415,26.415,26.415,26.409,26.409,26.404,26.404,26.404,26.409,26.425,26.435,26.456,26.467,26.477,26.477,26.482,26.477,26.477,26.477,26.477,26.477,26.472,26.472,26.477,26.477,26.488,26.498,26.498,26.508,26.508,26.508,26.514,26.514,26.519,26.519,26.555,26.529,26.514,26.404,26.091,25.571,25.355,25.408,25.434,25.44,25.54,26.059,26.31,26.357,26.383,26.404,26.42,26.435,26.446,26.456,26.472,26.467,26.472,26.472,26.467,26.462,26.446,26.441,26.435,26.43,26.425,26.43,26.425,26.42,26.409,26.409,26.409,26.409,26.415,26.415,26.42,26.425,26.43,26.43,26.43,26.43,26.425,26.42,26.42,26.42,26.42,26.42,26.42,26.42,26.42,26.42,26.42,26.42,26.42,26.42,26.415,26.415,26.404,26.404,26.404,26.415,26.42,26.425,26.43,26.435,26.435,26.435,26.441,26.451,26.456,26.467,26.477,26.488,26.493,26.493,26.498,26.498,26.503,26.503,26.514,26.519,26.524,26.535,26.535,26.545,26.545,26.55,26.555,26.561,26.571,26.576,26.576,26.587,26.592,26.592,26.602,26.607,26.623,26.634,26.644,26.654,26.66,26.665,26.665,26.66,26.66,26.66,26.654,26.649,26.644,26.644,26.644,26.644,26.644,26.654,26.649,26.644,26.634,26.628,26.618,26.613,26.607,26.607,26.607,26.607,26.607,26.607,26.607,26.607,26.602,26.597,26.581,26.576,26.571,26.566,26.566,26.576,26.587,26.597,26.613,26.618,26.623,26.628,26.628,26.634,26.628,26.623,26.623,26.618,26.618,26.618,26.607,26.602,26.597,26.597,26.592,26.592,26.587,26.587,26.581,26.587,26.587,26.592,26.592,26.597,26.597,26.597,26.602,26.592,26.592,26.587,26.587,26.581,26.581,26.576,26.581,26.581,26.581,26.587,26.592,26.597,26.602,26.592,26.592,26.576,26.555,26.571,26.394,26.289,25.944,25.928,25.928,25.96,26.07,26.524,27.282,27.179,26.966,26.914,26.909,26.888,26.805,26.79,26.748,26.727,26.686,26.654,26.628,26.644,26.628,26.592,26.566,26.576,26.587,26.571,26.561,26.571,26.55,26.581,26.576,26.561,26.561,26.576,26.592,26.581,26.576,26.535,26.529,26.545,26.587,26.597,26.597,26.607,26.576,26.587,26.519,26.634,26.602,26.618,26.613,26.519,26.425,26.415,26.378,26.467,26.216,26.221,26.18,26.038,26.002,25.954,25.907,25.928,25.734,25.366,25.64,25.618,25.461,25.45,25.382,25.292,25.118,25.208,25.049,24.975,24.859,24.901,25.229,25.276,25.255,25.25,25.065,25.102,25.118,25.165,25.208,25.123,25.081,25.107,25.128,25.107,25.091,25.139,25.113,25.186,24.996,25.186,25.091,24.97,25.044,25.086,25.102,25.155,25.165,25.208,25.197,25.292,25.276,25.239,25.403,25.503,25.35,25.455,25.466,25.492,25.603,25.991,25.991,26.169,25.97,25.991,25.892,25.834,25.913,26.159
,26.524,26.519,26.519,26.519,26.514,26.508,26.498,26.493,26.482,26.477,26.472,26.467,26.462,26.456,26.456,26.456,26.462,26.462,26.467,26.462,26.456,26.451,26.446,26.441,26.435,26.43,26.425,26.42,26.415,26.415,26.415,26.415,26.409,26.404,26.399,26.394,26.399,26.404,26.415,26.425,26.446,26.467,26.472,26.477,26.477,26.477,26.477,26.477,26.477,26.477,26.472,26.472,26.472,26.472,26.477,26.488,26.493,26.498,26.508,26.508,26.514,26.514,26.519,26.524,26.524,26.54,26.529,26.529,26.409,26.049,25.55,25.408,25.44,25.44,25.471,25.886,26.248,26.415,26.368,26.394,26.415,26.43,26.446,26.462,26.472,26.477,26.477,26.477,26.472,26.467,26.456,26.441,26.435,26.43,26.425,26.425,26.425,26.425,26.42,26.409,26.409,26.409,26.409,26.415,26.42,26.425,26.43,26.43,26.43,26.43,26.425,26.42,26.42,26.415,26.415,26.415,26.415,26.42,26.42,26.42,26.415,26.415,26.415,26.409,26.404,26.404,26.399,26.399,26.399,26.399,26.404,26.415,26.42,26.425,26.435,26.43,26.435,26.441,26.451,26.456,26.467,26.472,26.477,26.482,26.488,26.488,26.493,26.498,26.503,26.508,26.519,26.529,26.529,26.54,26.545,26.55,26.555,26.561,26.566,26.571,26.576,26.576,26.581,26.587,26.592,26.602,26.607,26.623,26.628,26.644,26.654,26.654,26.66,26.654,26.649,26.649,26.649,26.644,26.639,26.639,26.639,26.644,26.644,26.649,26.649,26.639,26.628,26.618,26.607,26.602,26.602,26.597,26.597,26.597,26.602,26.602,26.602,26.602,26.592,26.587,26.576,26.576,26.561,26.561,26.561,26.566,26.581,26.592,26.602,26.613,26.613,26.618,26.618,26.618,26.618,26.618,26.618,26.613,26.613,26.607,26.602,26.607,26.597,26.597,26.592,26.592,26.587,26.581,26.587,26.587,26.592,26.597,26.597,26.602,26.602,26.607,26.597,26.597,26.592,26.592,26.592,26.587,26.581,26.581,26.581,26.581,26.581,26.592,26.592,26.597,26.602,26.597,26.602,26.587,26.592,26.571,26.524,26.3,26.017,25.986,25.923,25.923,26.091,26.279,27.293,27.262,27.06,26.94,26.956,26.899,26.81,26.79,26.743,26.696,26.675,26.665,26.623,26.618,26.592,26.602,26.571,26.566,26.576,26.566,26.576,26.561,26.555,26.571,26.618,26.67,26.639,26.665,26.712,26.587,26.644,26.602,26.602,26.571,26.561,26.43,26.321,26.342,26.342,26.143,26.038,25.96,25.881,26.075,25.907,25.745,25.576,25.618,25.445,25.629,25.171,25.255,25.234,25.165,25.186,25.086,25.123,25.091,25.002,25.017,25.102,24.917,24.837,25.054,25.028,25.118,25.091,25.076,25.113,25.07,25.076,24.986,25.192,25.044,25.076,24.98,25.097,25.091,25.06,25.065,25.16,25.15,25.234,25.276,25.303,25.229,25.287,25.419,25.371,25.382,25.392,25.434,25.503,25.55,25.503,25.734,25.703,25.592,25.865,26.012,26.033,26.143,26.117,26.164,26.138,26.059,26.169,26.263,26.274,26.321,26.342,26.185,26.159,26.043,26.059,26.315,26.336,26.295,26.237,26.221
,26.524,26.524,26.524,26.519,26.514,26.508,26.503,26.493,26.482,26.477,26.472,26.472,26.467,26.467,26.462,26.462,26.462,26.462,26.462,26.456,26.451,26.451,26.441,26.435,26.43,26.425,26.425,26.42,26.42,26.42,26.42,26.415,26.409,26.404,26.399,26.394,26.394,26.399,26.409,26.42,26.441,26.456,26.467,26.472,26.477,26.477,26.477,26.472,26.472,26.467,26.472,26.467,26.467,26.472,26.477,26.482,26.493,26.498,26.508,26.503,26.514,26.514,26.519,26.524,26.529,26.529,26.514,26.493,26.529,26.43,25.991,25.529,25.408,25.429,25.429,25.582,26.132,26.31,26.336,26.378,26.409,26.43,26.451,26.462,26.477,26.482,26.482,26.482,26.482,26.472,26.462,26.451,26.435,26.435,26.435,26.43,26.43,26.425,26.42,26.415,26.409,26.409,26.409,26.409,26.415,26.42,26.43,26.425,26.425,26.43,26.425,26.425,26.42,26.415,26.415,26.415,26.415,26.415,26.415,26.415,26.415,26.415,26.409,26.409,26.404,26.399,26.399,26.394,26.394,26.389,26.394,26.399,26.404,26.409,26.42,26.425,26.43,26.435,26.441,26.446,26.451,26.462,26.467,26.472,26.472,26.477,26.482,26.482,26.493,26.503,26.514,26.524,26.535,26.54,26.55,26.555,26.561,26.561,26.571,26.571,26.576,26.576,26.581,26.576,26.587,26.592,26.602,26.613,26.628,26.634,26.649,26.649,26.649,26.649,26.649,26.644,26.644,26.639,26.634,26.634,26.639,26.639,26.644,26.644,26.644,26.634,26.623,26.613,26.607,26.602,26.597,26.597,26.597,26.597,26.597,26.597,26.597,26.597,26.592,26.581,26.571,26.561,26.561,26.555,26.555,26.566,26.571,26.587,26.592,26.607,26.607,26.613,26.613,26.613,26.613,26.613,26.607,26.607,26.607,26.607,26.597,26.602,26.597,26.592,26.592,26.587,26.587,26.587,26.592,26.597,26.597,26.597,26.602,26.613,26.618,26.613,26.618,26.607,26.602,26.597,26.592,26.592,26.581,26.581,26.576,26.581,26.576,26.581,26.592,26.597,26.607,26.607,26.613,26.613,26.597,26.576,26.545,26.362,25.939,25.975,25.928,25.991,26.059,26.253,27.267,27.308,27.2,27.143,26.961,26.873,26.842,26.831,26.753,26.712,26.691,26.613,26.649,26.675,26.66,26.644,26.628,26.712,26.67,26.686,26.66,26.66,26.675,26.644,26.498,26.18,26.2,26.248,26.08,25.933,25.913,25.776,25.808,25.792,25.724,25.597,25.634,25.618,25.671,25.408,25.281,25.25,25.223,25.297,25.128,25.091,25.155,25.139,25.192,25.107,25.213,25.176,25.139,25.308,25.318,25.223,25.171,25.139,25.192,25.107,25.065,25.002,25.044,25.023,24.986,25.033,25.155,25.023,25.128,25.123,25.139,25.181,25.123,25.461,25.403,25.603,25.503,25.682,25.597,25.55,25.487,25.555,25.813,26.038,26.017,25.76,25.923,26.18,26.101,26.085,26.012,26.132,26.268,26.07,26.227,26.326,26.221,26.336,26.258,26.122,26.112,26.054,26.153,26.206,26.174,26.221,26.399,26.289,26.342,26.378,26.289,26.253,26.336,26.394,26.378,26.3,26.347,26.326,26.305,26.389
,26.529,26.529,26.524,26.524,26.519,26.514,26.508,26.498,26.488,26.477,26.477,26.472,26.472,26.467,26.467,26.467,26.462,26.462,26.456,26.456,26.446,26.446,26.435,26.43,26.425,26.425,26.425,26.425,26.42,26.42,26.42,26.425,26.415,26.409,26.404,26.399,26.389,26.394,26.404,26.42,26.435,26.451,26.462,26.467,26.467,26.467,26.467,26.467,26.472,26.467,26.462,26.467,26.467,26.472,26.477,26.482,26.493,26.498,26.508,26.508,26.508,26.508,26.514,26.519,26.524,26.529,26.524,26.519,26.493,26.524,26.023,25.818,25.503,25.497,25.471,25.492,26.002,26.274,26.284,26.373,26.415,26.43,26.456,26.472,26.482,26.488,26.488,26.488,26.488,26.477,26.462,26.456,26.446,26.441,26.441,26.435,26.435,26.43,26.425,26.42,26.409,26.404,26.404,26.409,26.415,26.42,26.425,26.43,26.425,26.43,26.43,26.425,26.425,26.42,26.415,26.415,26.415,26.415,26.42,26.42,26.415,26.415,26.409,26.404,26.404,26.399,26.394,26.394,26.389,26.383,26.383,26.389,26.394,26.399,26.415,26.42,26.425,26.435,26.441,26.441,26.451,26.451,26.462,26.456,26.467,26.467,26.477,26.482,26.488,26.498,26.514,26.524,26.529,26.545,26.55,26.555,26.561,26.571,26.571,26.576,26.576,26.576,26.581,26.581,26.576,26.587,26.592,26.602,26.613,26.623,26.634,26.639,26.639,26.639,26.644,26.644,26.639,26.634,26.628,26.634,26.634,26.639,26.644,26.639,26.628,26.623,26.618,26.607,26.602,26.602,26.597,26.592,26.587,26.592,26.592,26.592,26.592,26.587,26.581,26.571,26.566,26.555,26.55,26.55,26.555,26.561,26.566,26.581,26.587,26.597,26.597,26.607,26.602,26.607,26.607,26.602,26.607,26.597,26.597,26.592,26.587,26.592,26.597,26.592,26.581,26.587,26.581,26.587,26.581,26.587,26.592,26.597,26.613,26.623,26.618,26.623,26.602,26.602,26.623,26.618,26.592,26.576,26.587,26.571,26.576,26.571,26.571,26.581,26.571,26.613,26.618,26.602,26.602,26.623,26.587,26.623,26.488,26.503,26.159,25.881,25.981,25.981,26.08,26.18,27.06,27.36,27.288,27.091,26.971,26.956,26.914,26.836,26.748,26.717,26.67,26.67,26.446,26.289,26.185,26.248,26.284,25.724,25.65,25.645,25.613,25.618,25.571,25.54,25.513,25.429,25.419,25.345,25.113,25.492,25.271,25.461,25.366,25.313,25.413,25.329,25.107,25.128,25.113,25.287,25.26,25.229,25.234,25.292,25.234,25.266,25.16,25.192,25.15,25.134,25.076,25.128,25.181,25.023,25.155,25.25,25.176,25.276,25.16,25.339,25.771,25.697,25.324,25.55,25.671,25.724,25.771,25.734,25.75,25.676,25.734,25.781,25.792,26.028,25.902,25.96,26.012,26.274,26.268,26.174,26.279,26.195,26.164,26.289,26.305,26.289,26.174,26.159,26.148,26.321,26.227,26.268,26.378,26.18,26.368,26.237,26.336,26.368,26.352,26.268,26.31,26.279,26.315,26.357,26.383,26.321,26.31,26.279,26.321,26.352,26.326,26.42,26.394,26.415,26.383,26.415,26.378,26.383,26.404,26.368
,26.535,26.529,26.529,26.524,26.519,26.514,26.503,26.498,26.493,26.488,26.482,26.472,26.472,26.477,26.472,26.472,26.472,26.462,26.456,26.451,26.446,26.441,26.43,26.42,26.42,26.42,26.425,26.425,26.425,26.43,26.425,26.425,26.425,26.415,26.409,26.404,26.394,26.394,26.404,26.415,26.43,26.446,26.451,26.456,26.462,26.462,26.456,26.456,26.462,26.462,26.462,26.467,26.467,26.472,26.477,26.482,26.493,26.498,26.508,26.508,26.508,26.514,26.514,26.519,26.529,26.529,26.529,26.524,26.519,26.566,26.378,25.86,25.718,25.624,25.566,25.524,25.766,26.227,26.164,26.357,26.404,26.441,26.456,26.477,26.488,26.493,26.493,26.493,26.488,26.477,26.467,26.462,26.451,26.451,26.441,26.441,26.435,26.435,26.43,26.425,26.42,26.409,26.409,26.409,26.415,26.42,26.425,26.43,26.43,26.435,26.425,26.43,26.425,26.42,26.42,26.42,26.42,26.42,26.42,26.42,26.425,26.415,26.415,26.409,26.404,26.404,26.394,26.394,26.389,26.383,26.383,26.383,26.389,26.394,26.404,26.415,26.43,26.435,26.441,26.446,26.451,26.451,26.451,26.456,26.462,26.467,26.467,26.467,26.482,26.493,26.503,26.519,26.535,26.545,26.561,26.561,26.566,26.571,26.576,26.576,26.581,26.581,26.581,26.581,26.581,26.581,26.581,26.597,26.602,26.613,26.623,26.628,26.634,26.639,26.644,26.639,26.634,26.634,26.628,26.634,26.634,26.634,26.634,26.628,26.623,26.613,26.607,26.602,26.592,26.592,26.587,26.592,26.587,26.592,26.592,26.592,26.587,26.587,26.576,26.566,26.55,26.55,26.535,26.54,26.545,26.55,26.561,26.576,26.587,26.597,26.592,26.597,26.581,26.607,26.587,26.597,26.592,26.592,26.592,26.581,26.566,26.581,26.587,26.587,26.581,26.581,26.566,26.561,26.576,26.592,26.581,26.592,26.634,26.618,26.644,26.623,26.628,26.597,26.602,26.576,26.555,26.545,26.581,26.555,26.555,26.607,26.592,26.571,26.535,26.607,26.639,26.649,26.639,26.644,26.587,26.561,26.592,26.373,26.138,26.064,25.944,25.855,26.059,26.117,26.446,26.94,26.795,26.482,26.383,26.284,25.881,25.965,26.023,25.918,25.734,25.618,25.634,25.671,25.618,25.561,25.445,25.555,25.592,25.566,25.529,25.44,25.413,25.466,25.434,25.403,25.361,25.376,25.192,25.297,25.345,25.107,25.345,25.26,25.308,25.15,25.276,25.223,25.202,25.313,25.271,25.255,25.329,25.245,25.287,25.329,25.318,25.44,25.413,25.708,25.965,25.724,25.555,26.091,25.545,25.734,25.949,26.064,26.075,25.986,26.206,26.169,26.112,25.944,26.012,26.315,26.326,25.991,26.242,26.148,26.373,26.279,26.441,26.143,26.19,26.117,26.164,26.258,26.336,26.368,26.415,26.362,26.258,26.326,26.195,26.331,26.383,26.43,26.498,26.409,26.362,26.409,26.378,26.362,26.347,26.425,26.446,26.425,26.456,26.394,26.357,26.362,26.373,26.394,26.362,26.383,26.389,26.404,26.362,26.43,26.43,26.43,26.451,26.456,26.435,26.43,26.43,26.435,26.43,26.462
,26.54,26.535,26.529,26.524,26.519,26.519,26.508,26.503,26.498,26.493,26.482,26.482,26.482,26.482,26.482,26.482,26.477,26.467,26.456,26.451,26.441,26.435,26.425,26.425,26.42,26.425,26.425,26.43,26.435,26.435,26.435,26.435,26.43,26.42,26.415,26.409,26.404,26.399,26.404,26.42,26.43,26.441,26.446,26.456,26.456,26.451,26.446,26.446,26.451,26.456,26.462,26.462,26.472,26.472,26.477,26.488,26.493,26.498,26.508,26.514,26.508,26.514,26.514,26.519,26.529,26.54,26.545,26.545,26.535,26.555,26.587,25.986,25.724,25.692,25.618,25.566,25.487,26.08,26.258,26.362,26.404,26.441,26.462,26.482,26.498,26.498,26.498,26.498,26.493,26.488,26.477,26.472,26.462,26.456,26.451,26.446,26.446,26.446,26.435,26.43,26.425,26.415,26.415,26.415,26.415,26.425,26.425,26.43,26.43,26.435,26.43,26.43,26.43,26.43,26.425,26.425,26.425,26.425,26.425,26.425,26.425,26.425,26.415,26.415,26.409,26.409,26.404,26.394,26.389,26.383,26.378,26.383,26.389,26.394,26.404,26.415,26.43,26.435,26.441,26.446,26.446,26.446,26.451,26.451,26.456,26.456,26.467,26.462,26.472,26.488,26.503,26.519,26.54,26.55,26.561,26.571,26.576,26.581,26.581,26.581,26.587,26.587,26.587,26.581,26.581,26.581,26.581,26.581,26.592,26.602,26.613,26.623,26.623,26.628,26.634,26.634,26.634,26.634,26.628,26.628,26.634,26.634,26.623,26.623,26.613,26.607,26.597,26.602,26.602,26.592,26.576,26.587,26.581,26.581,26.592,26.576,26.592,26.566,26.566,26.561,26.545,26.529,26.529,26.54,26.535,26.54,26.561,26.566,26.581,26.587,26.587,26.592,26.561,26.634,26.597,26.592,26.592,26.602,26.555,26.55,26.529,26.561,26.581,26.587,26.555,26.571,26.545,26.566,26.581,26.592,26.592,26.592,26.66,26.644,26.701,26.675,26.67,26.686,26.644,26.654,26.545,26.587,26.514,26.467,26.571,26.352,26.331,26.362,26.43,26.425,26.441,26.357,26.368,26.326,26.132,26.248,26.263,26.038,25.923,26.007,25.991,25.907,26.012,26.091,26.002,25.897,25.871,25.949,25.865,25.923,25.829,25.86,25.808,25.676,25.655,25.587,25.534,25.524,25.44,25.482,25.318,25.487,25.492,25.482,25.371,25.461,25.455,25.424,25.45,25.44,25.508,25.508,25.492,25.555,25.508,25.587,25.445,25.476,25.492,25.45,25.603,25.996,26.091,25.718,25.434,25.949,26.038,26.08,26.284,26.112,26.263,26.227,26.305,26.284,26.153,26.18,26.216,26.289,26.383,26.216,26.232,26.242,26.211,26.169,26.3,26.268,26.373,26.263,26.368,26.404,26.472,26.284,26.435,26.336,26.43,26.498,26.383,26.389,26.394,26.43,26.42,26.477,26.508,26.503,26.462,26.462,26.524,26.555,26.503,26.524,26.55,26.467,26.409,26.555,26.482,26.456,26.441,26.441,26.456,26.482,26.493,26.493,26.462,26.441,26.425,26.435,26.441,26.43,26.441,26.451,26.462,26.456,26.456,26.467,26.477,26.477,26.482,26.482,26.482,26.467,26.467,26.467,26.467,26.472
,26.54,26.535,26.529,26.524,26.524,26.519,26.508,26.514,26.508,26.498,26.498,26.493,26.493,26.493,26.493,26.488,26.477,26.467,26.462,26.451,26.441,26.435,26.43,26.425,26.425,26.425,26.43,26.435,26.435,26.435,26.435,26.435,26.435,26.43,26.425,26.42,26.42,26.409,26.42,26.425,26.43,26.441,26.446,26.446,26.446,26.441,26.435,26.441,26.441,26.446,26.451,26.462,26.472,26.482,26.488,26.493,26.498,26.508,26.508,26.508,26.514,26.514,26.514,26.524,26.535,26.55,26.561,26.566,26.571,26.54,26.581,26.493,25.666,25.724,25.65,25.566,25.566,25.771,26.383,26.362,26.42,26.425,26.456,26.482,26.503,26.508,26.503,26.503,26.503,26.498,26.488,26.477,26.472,26.467,26.462,26.451,26.456,26.446,26.446,26.441,26.435,26.43,26.425,26.425,26.425,26.43,26.425,26.43,26.43,26.435,26.43,26.441,26.441,26.435,26.435,26.43,26.425,26.425,26.43,26.43,26.43,26.425,26.425,26.42,26.415,26.409,26.409,26.404,26.394,26.389,26.389,26.389,26.394,26.399,26.409,26.42,26.43,26.435,26.441,26.446,26.446,26.446,26.446,26.451,26.451,26.451,26.451,26.456,26.462,26.477,26.493,26.514,26.535,26.55,26.566,26.571,26.576,26.581,26.587,26.587,26.592,26.592,26.592,26.587,26.581,26.576,26.576,26.581,26.581,26.592,26.602,26.613,26.618,26.623,26.628,26.628,26.623,26.634,26.623,26.618,26.613,26.628,26.649,26.613,26.597,26.566,26.592,26.566,26.581,26.571,26.566,26.566,26.576,26.597,26.576,26.576,26.592,26.592,26.571,26.55,26.519,26.503,26.493,26.498,26.524,26.535,26.535,26.555,26.587,26.597,26.592,26.607,26.535,26.618,26.587,26.613,26.576,26.493,26.566,26.576,26.587,26.623,26.628,26.696,26.602,26.654,26.613,26.66,26.607,26.68,26.545,26.472,26.389,26.31,26.263,26.3,26.274,26.064,26.106,26.059,26.038,26.038,26.023,25.933,26.038,25.708,25.745,25.718,26.012,25.739,25.844,25.771,25.697,25.708,25.745,25.813,25.871,25.892,25.933,25.928,25.923,25.944,25.939,25.913,25.965,26.028,26.002,25.902,25.839,25.86,25.787,25.729,25.713,25.592,25.708,25.597,25.655,25.655,25.566,25.592,25.671,25.566,25.629,25.613,25.718,25.823,25.718,25.771,25.855,25.991,25.986,25.986,25.954,26.159,26.221,26.18,26.399,26.258,26.425,26.2,26.159,26.2,26.289,26.232,26.409,26.446,26.321,26.394,26.493,26.441,26.409,26.258,26.389,26.31,26.394,26.394,26.389,26.399,26.357,26.54,26.441,26.451,26.488,26.326,26.514,26.477,26.31,26.404,26.31,26.415,26.54,26.362,26.409,26.482,26.462,26.519,26.54,26.545,26.587,26.561,26.498,26.503,26.488,26.493,26.529,26.519,26.529,26.545,26.561,26.55,26.55,26.561,26.566,26.535,26.508,26.508,26.503,26.498,26.503,26.514,26.514,26.514,26.498,26.488,26.472,26.488,26.477,26.488,26.498,26.493,26.498,26.498,26.503,26.508,26.519,26.519,26.514,26.508,26.514,26.503,26.498,26.498,26.503,26.508
,26.545,26.54,26.529,26.529,26.524,26.524,26.519,26.519,26.508,26.503,26.503,26.503,26.503,26.503,26.503,26.498,26.488,26.482,26.467,26.456,26.446,26.441,26.435,26.43,26.43,26.43,26.435,26.435,26.441,26.441,26.441,26.441,26.441,26.43,26.43,26.43,26.43,26.43,26.43,26.435,26.435,26.441,26.441,26.441,26.441,26.435,26.43,26.435,26.441,26.446,26.451,26.462,26.472,26.482,26.488,26.493,26.498,26.503,26.514,26.514,26.514,26.514,26.519,26.524,26.54,26.555,26.576,26.581,26.581,26.587,26.592,26.576,26.117,25.766,25.603,25.666,25.671,25.576,25.892,26.404,26.399,26.43,26.472,26.493,26.514,26.519,26.519,26.519,26.514,26.503,26.498,26.493,26.488,26.482,26.472,26.467,26.462,26.462,26.456,26.451,26.446,26.446,26.441,26.435,26.435,26.435,26.435,26.435,26.441,26.441,26.441,26.446,26.441,26.441,26.435,26.435,26.435,26.425,26.43,26.43,26.43,26.43,26.425,26.425,26.42,26.42,26.415,26.415,26.409,26.404,26.404,26.404,26.404,26.409,26.415,26.425,26.435,26.441,26.446,26.446,26.446,26.446,26.446,26.446,26.441,26.441,26.451,26.451,26.462,26.472,26.482,26.498,26.524,26.545,26.561,26.576,26.581,26.587,26.592,26.592,26.592,26.592,26.592,26.592,26.587,26.581,26.571,26.571,26.571,26.571,26.592,26.571,26.597,26.602,26.613,26.644,26.654,26.597,26.634,26.639,26.634,26.623,26.592,26.592,26.587,26.571,26.587,26.597,26.581,26.566,26.561,26.561,26.555,26.566,26.581,26.566,26.576,26.576,26.514,26.488,26.472,26.482,26.488,26.524,26.519,26.561,26.576,26.628,26.613,26.634,26.592,26.597,26.566,26.555,26.675,26.55,26.54,26.55,26.535,26.503,26.409,26.211,26.263,26.028,25.797,25.85,25.766,25.75,25.734,25.734,25.682,25.603,25.519,25.513,25.497,25.624,25.634,25.513,25.545,25.524,25.461,25.587,25.624,25.608,25.592,25.64,25.729,25.661,25.592,25.613,25.797,25.787,25.734,25.655,25.676,25.739,25.797,25.76,25.76,25.844,25.913,25.923,25.907,25.96,26.017,25.97,25.939,25.913,25.954,26.117,26.033,25.918,25.881,25.881,25.939,25.944,26.028,26.033,26.017,25.965,26.263,25.97,26.059,26.174,26.258,26.3,26.237,26.253,26.373,26.232,26.174,26.253,26.263,26.31,26.305,26.232,26.383,26.352,26.362,26.3,26.378,26.352,26.274,26.373,26.394,26.446,26.42,26.435,26.43,26.446,26.493,26.519,26.446,26.425,26.503,26.508,26.425,26.446,26.514,26.467,26.441,26.561,26.561,26.488,26.503,26.441,26.383,26.477,26.477,26.503,26.524,26.529,26.54,26.519,26.535,26.54,26.561,26.592,26.55,26.571,26.508,26.587,26.555,26.555,26.576,26.592,26.592,26.587,26.576,26.581,26.576,26.576,26.571,26.561,26.555,26.55,26.55,26.54,26.55,26.545,26.55,26.535,26.529,26.524,26.514,26.519,26.524,26.519,26.529,26.535,26.529,26.54,26.545,26.55,26.555,26.55,26.545,26.54,26.535,26.529,26.529,26.524,26.529,26.529
,26.545,26.535,26.535,26.529,26.529,26.529,26.524,26.524,26.519,26.514,26.508,26.508,26.514,26.514,26.514,26.508,26.498,26.488,26.477,26.467,26.456,26.451,26.446,26.441,26.441,26.441,26.435,26.441,26.441,26.441,26.441,26.441,26.441,26.441,26.441,26.441,26.441,26.441,26.441,26.441,26.441,26.446,26.446,26.446,26.441,26.435,26.43,26.435,26.441,26.446,26.451,26.456,26.472,26.482,26.488,26.498,26.508,26.514,26.514,26.519,26.519,26.519,26.519,26.529,26.55,26.561,26.576,26.592,26.602,26.613,26.618,26.644,26.456,25.928,25.645,25.676,25.708,25.655,25.745,26.274,26.409,26.441,26.482,26.514,26.524,26.529,26.529,26.524,26.524,26.519,26.514,26.503,26.498,26.493,26.482,26.472,26.472,26.467,26.467,26.467,26.462,26.462,26.456,26.451,26.446,26.441,26.441,26.441,26.441,26.446,26.446,26.446,26.446,26.446,26.441,26.435,26.43,26.435,26.435,26.435,26.435,26.43,26.43,26.43,26.43,26.43,26.425,26.42,26.42,26.415,26.415,26.415,26.415,26.42,26.42,26.425,26.43,26.435,26.441,26.435,26.435,26.435,26.435,26.43,26.435,26.43,26.441,26.435,26.446,26.456,26.477,26.498,26.514,26.54,26.55,26.571,26.581,26.592,26.597,26.581,26.566,26.592,26.613,26.592,26.592,26.566,26.566,26.555,26.54,26.587,26.566,26.529,26.618,26.602,26.602,26.592,26.618,26.555,26.545,26.576,26.587,26.592,26.581,26.576,26.623,26.576,26.514,26.555,26.54,26.508,26.529,26.555,26.545,26.566,26.394,26.399,26.498,26.508,26.561,26.514,26.519,26.482,26.456,26.378,26.488,26.383,26.227,26.059,26.221,26.19,26.237,25.981,25.787,25.597,25.513,25.524,25.392,25.487,25.429,25.445,25.429,25.308,25.361,25.318,25.35,25.213,25.329,25.35,25.376,25.45,25.186,25.434,25.419,25.387,25.497,25.455,25.492,25.513,25.55,25.45,25.55,25.629,25.618,25.608,25.592,25.592,25.576,25.571,25.571,25.949,26.064,25.829,26.263,26.602,26.54,26.634,26.706,26.722,26.748,26.159,25.85,25.886,25.933,25.944,25.986,26.143,26.206,26.415,26.43,26.519,26.383,26.404,26.383,26.3,26.295,26.404,26.263,26.409,26.295,26.174,26.352,26.378,26.336,26.43,26.373,26.3,26.383,26.326,26.441,26.477,26.394,26.409,26.415,26.43,26.482,26.435,26.404,26.446,26.295,26.435,26.42,26.305,26.43,26.441,26.435,26.477,26.472,26.467,26.488,26.503,26.519,26.535,26.555,26.54,26.555,26.555,26.555,26.561,26.545,26.555,26.566,26.555,26.545,26.535,26.514,26.472,26.503,26.524,26.519,26.535,26.529,26.55,26.555,26.55,26.561,26.566,26.571,26.571,26.581,26.581,26.561,26.566,26.576,26.587,26.592,26.607,26.607,26.613,26.607,26.597,26.597,26.592,26.592,26.587,26.581,26.581,26.576,26.587,26.576,26.571,26.571,26.561,26.55,26.545,26.54,26.545,26.55,26.555,26.555,26.561,26.566,26.566,26.566,26.571,26.576,26.571,26.566,26.561,26.561,26.545,26.55,26.55,26.545,26.55
,26.545,26.54,26.545,26.54,26.529,26.529,26.524,26.524,26.524,26.524,26.514,26.514,26.519,26.519,26.519,26.508,26.508,26.493,26.482,26.477,26.467,26.462,26.456,26.446,26.446,26.446,26.441,26.441,26.441,26.441,26.441,26.446,26.446,26.446,26.451,26.451,26.456,26.456,26.456,26.456,26.451,26.446,26.441,26.446,26.441,26.441,26.43,26.435,26.441,26.446,26.451,26.456,26.467,26.477,26.488,26.498,26.503,26.508,26.514,26.519,26.519,26.519,26.524,26.535,26.55,26.566,26.581,26.597,26.613,26.639,26.686,26.686,26.592,26.059,25.687,25.634,25.697,25.781,25.661,26.368,26.441,26.441,26.493,26.535,26.54,26.545,26.54,26.535,26.535,26.535,26.529,26.519,26.514,26.498,26.493,26.482,26.477,26.477,26.477,26.477,26.472,26.472,26.467,26.462,26.456,26.456,26.451,26.451,26.451,26.446,26.451,26.451,26.446,26.446,26.441,26.441,26.43,26.435,26.441,26.441,26.441,26.441,26.435,26.435,26.43,26.441,26.435,26.43,26.43,26.425,26.43,26.43,26.425,26.425,26.425,26.425,26.425,26.43,26.425,26.435,26.435,26.43,26.425,26.42,26.415,26.42,26.425,26.435,26.446,26.441,26.456,26.467,26.482,26.54,26.524,26.555,26.581,26.602,26.592,26.592,26.592,26.587,26.592,26.592,26.576,26.571,26.566,26.54,26.54,26.555,26.519,26.566,26.597,26.602,26.607,26.618,26.571,26.566,26.571,26.587,26.535,26.597,26.529,26.555,26.462,26.451,26.435,26.446,26.362,26.357,26.342,26.3,26.169,26.043,26.096,26.023,25.797,25.661,25.44,25.492,25.387,25.355,25.266,25.292,25.26,25.281,25.165,25.445,25.113,25.123,25.181,25.25,25.25,25.371,25.186,25.318,25.324,25.313,25.171,25.208,25.26,25.239,25.303,25.308,25.313,25.345,25.382,25.366,25.424,25.403,25.466,25.392,25.408,25.461,25.482,25.534,25.55,25.592,25.624,25.603,25.661,25.682,25.771,25.76,26.284,26.597,26.706,26.701,26.696,26.753,26.857,26.904,26.899,26.935,26.945,26.914,26.868,27.023,26.888,26.441,25.986,25.897,25.881,25.897,25.918,26.274,26.79,26.738,26.66,26.654,26.686,26.639,26.634,26.571,26.566,26.597,26.55,26.555,26.508,26.472,26.482,26.566,26.482,26.472,26.498,26.503,26.404,26.488,26.482,26.482,26.467,26.493,26.482,26.456,26.472,26.493,26.477,26.482,26.415,26.451,26.477,26.441,26.488,26.503,26.519,26.529,26.535,26.529,26.529,26.555,26.561,26.561,26.581,26.566,26.566,26.571,26.566,26.566,26.555,26.561,26.561,26.561,26.561,26.561,26.555,26.561,26.55,26.55,26.555,26.561,26.561,26.571,26.581,26.587,26.592,26.592,26.597,26.592,26.592,26.592,26.587,26.587,26.592,26.597,26.607,26.618,26.623,26.623,26.623,26.613,26.613,26.607,26.607,26.607,26.607,26.613,26.613,26.607,26.607,26.597,26.592,26.576,26.571,26.566,26.566,26.566,26.571,26.576,26.587,26.592,26.592,26.592,26.597,26.597,26.592,26.592,26.587,26.576,26.571,26.566,26.561,26.561,26.561,26.561
,26.55,26.55,26.545,26.54,26.529,26.535,26.529,26.529,26.524,26.524,26.524,26.524,26.529,26.524,26.524,26.519,26.514,26.503,26.493,26.488,26.477,26.467,26.456,26.451,26.451,26.446,26.446,26.441,26.441,26.446,26.446,26.446,26.446,26.451,26.462,26.462,26.462,26.462,26.462,26.456,26.456,26.451,26.456,26.446,26.446,26.441,26.441,26.446,26.446,26.446,26.451,26.456,26.467,26.477,26.488,26.498,26.503,26.514,26.519,26.529,26.524,26.529,26.529,26.54,26.55,26.571,26.592,26.607,26.623,26.607,26.654,26.623,26.618,26.462,26.038,25.724,25.729,25.75,25.734,26.091,26.55,26.55,26.54,26.55,26.576,26.566,26.561,26.55,26.55,26.55,26.54,26.535,26.524,26.514,26.503,26.488,26.488,26.482,26.482,26.488,26.488,26.488,26.477,26.472,26.467,26.462,26.462,26.456,26.456,26.451,26.451,26.451,26.446,26.441,26.441,26.435,26.43,26.435,26.441,26.451,26.456,26.456,26.43,26.441,26.446,26.441,26.441,26.441,26.43,26.43,26.435,26.425,26.425,26.42,26.43,26.425,26.42,26.409,26.399,26.415,26.425,26.42,26.415,26.394,26.394,26.399,26.404,26.425,26.446,26.441,26.441,26.508,26.472,26.524,26.535,26.535,26.607,26.602,26.613,26.634,26.644,26.628,26.628,26.644,26.686,26.639,26.665,26.628,26.618,26.613,26.555,26.576,26.331,26.456,26.31,26.268,26.232,26.232,26.19,26.169,26.101,26.091,26.075,25.928,25.692,25.724,25.613,25.524,25.361,25.334,25.123,25.028,25.091,24.98,25.06,24.811,25.155,25.123,25.139,25.276,25.255,25.281,25.197,25.144,25.192,25.134,25.118,25.218,25.176,25.165,25.255,25.229,25.292,25.339,25.287,25.25,25.329,25.387,25.186,25.176,25.239,25.434,25.529,25.492,25.571,25.582,25.587,25.64,25.618,25.645,25.802,25.981,25.996,26.425,26.435,26.514,26.503,26.295,26.451,26.524,26.691,26.758,26.623,26.566,26.649,26.727,26.654,26.774,26.795,26.826,26.847,26.878,26.925,26.909,26.92,26.956,27.065,26.966,26.971,26.545,25.97,25.902,25.85,25.86,25.933,26.258,26.618,26.862,26.753,26.868,26.764,26.686,26.706,26.665,26.717,26.644,26.634,26.571,26.581,26.602,26.535,26.54,26.561,26.524,26.524,26.535,26.524,26.561,26.508,26.54,26.524,26.529,26.524,26.519,26.529,26.535,26.529,26.519,26.519,26.514,26.524,26.54,26.545,26.55,26.555,26.561,26.561,26.561,26.566,26.576,26.581,26.587,26.592,26.597,26.597,26.597,26.587,26.587,26.576,26.576,26.576,26.581,26.587,26.576,26.581,26.576,26.576,26.576,26.576,26.576,26.592,26.592,26.602,26.607,26.613,26.607,26.607,26.602,26.602,26.597,26.597,26.602,26.602,26.613,26.618,26.628,26.634,26.639,26.634,26.634,26.628,26.628,26.628,26.628,26.634,26.634,26.628,26.628,26.628,26.613,26.602,26.597,26.587,26.587,26.587,26.587,26.592,26.597,26.602,26.607,26.613,26.607,26.613,26.613,26.607,26.607,26.602,26.587,26.587,26.576,26.566,26.571,26.576,26.576
,26.555,26.555,26.55,26.545,26.54,26.535,26.529,26.529,26.529,26.529,26.529,26.524,26.529,26.529,26.524,26.524,26.519,26.508,26.503,26.493,26.482,26.477,26.467,26.462,26.451,26.451,26.446,26.451,26.446,26.446,26.446,26.446,26.451,26.456,26.467,26.467,26.467,26.467,26.467,26.467,26.462,26.462,26.456,26.456,26.451,26.451,26.446,26.451,26.451,26.446,26.451,26.456,26.472,26.477,26.488,26.503,26.508,26.514,26.519,26.529,26.535,26.535,26.54,26.545,26.561,26.581,26.602,26.618,26.639,26.634,26.675,26.68,26.613,26.524,26.326,25.886,25.708,25.881,25.823,25.865,26.503,26.644,26.576,26.592,26.592,26.592,26.581,26.571,26.571,26.561,26.55,26.54,26.529,26.524,26.514,26.503,26.493,26.493,26.493,26.493,26.493,26.493,26.482,26.477,26.477,26.472,26.472,26.472,26.462,26.451,26.435,26.435,26.441,26.451,26.441,26.43,26.435,26.435,26.441,26.446,26.462,26.441,26.43,26.42,26.462,26.462,26.446,26.456,26.415,26.441,26.435,26.456,26.456,26.409,26.415,26.409,26.415,26.409,26.435,26.394,26.42,26.399,26.409,26.373,26.378,26.409,26.378,26.415,26.519,26.503,26.514,26.571,26.571,26.597,26.54,26.581,26.576,26.467,26.467,26.435,26.441,26.477,26.493,26.237,26.08,26.038,25.75,25.939,25.724,25.745,25.713,25.687,25.366,25.482,25.292,25.229,25.208,25.181,25.26,25.303,25.186,25.102,25.054,24.917,24.959,25.086,25.017,25.017,25.065,25.197,25.07,25.097,25.065,25.16,24.991,25.081,25.044,25.044,25.081,25.07,25.07,25.118,24.964,25.039,25.123,25.123,25.176,25.176,25.26,25.44,25.497,25.487,25.597,25.634,25.608,25.865,25.813,25.944,26.07,26.122,26.221,26.295,26.441,26.295,26.451,26.545,26.488,26.581,26.43,26.607,26.644,26.649,26.394,26.383,26.545,26.545,26.555,26.654,26.571,26.441,26.602,26.587,26.503,26.665,26.54,26.675,26.748,26.795,26.816,26.842,26.821,26.873,26.888,26.909,26.894,26.961,26.888,26.899,26.899,26.435,26.002,25.797,25.881,25.823,25.871,26.263,26.628,26.732,26.706,26.862,26.701,26.769,26.769,26.743,26.68,26.644,26.66,26.649,26.623,26.602,26.602,26.592,26.587,26.576,26.576,26.571,26.576,26.581,26.581,26.576,26.566,26.581,26.576,26.576,26.571,26.566,26.566,26.561,26.55,26.555,26.566,26.576,26.581,26.587,26.592,26.597,26.597,26.592,26.592,26.597,26.607,26.613,26.618,26.618,26.618,26.618,26.607,26.602,26.597,26.592,26.592,26.592,26.597,26.597,26.597,26.597,26.597,26.597,26.597,26.592,26.597,26.607,26.618,26.623,26.628,26.628,26.623,26.618,26.613,26.602,26.607,26.607,26.607,26.618,26.623,26.634,26.639,26.644,26.639,26.644,26.639,26.639,26.644,26.649,26.649,26.66,26.654,26.649,26.644,26.628,26.618,26.607,26.602,26.602,26.597,26.602,26.607,26.613,26.613,26.618,26.618,26.618,26.623,26.618,26.618,26.613,26.607,26.597,26.592,26.581,26.581,26.581,26.581,26.592
,26.55,26.555,26.55,26.545,26.54,26.54,26.535,26.535,26.535,26.535,26.535,26.535,26.535,26.529,26.529,26.524,26.519,26.514,26.508,26.498,26.488,26.482,26.472,26.467,26.462,26.451,26.451,26.446,26.446,26.451,26.446,26.446,26.456,26.462,26.467,26.462,26.467,26.467,26.467,26.462,26.472,26.467,26.467,26.467,26.467,26.462,26.451,26.451,26.451,26.451,26.456,26.456,26.472,26.482,26.493,26.508,26.514,26.519,26.524,26.524,26.535,26.54,26.545,26.555,26.571,26.592,26.607,26.623,26.639,26.654,26.67,26.644,26.613,26.561,26.508,26.368,25.996,25.823,25.829,25.913,26.3,26.587,26.607,26.66,26.66,26.618,26.607,26.602,26.592,26.581,26.566,26.545,26.545,26.529,26.524,26.524,26.498,26.488,26.498,26.508,26.503,26.508,26.493,26.488,26.482,26.488,26.493,26.467,26.488,26.477,26.43,26.43,26.425,26.43,26.425,26.435,26.415,26.425,26.446,26.446,26.446,26.456,26.383,26.446,26.435,26.467,26.42,26.409,26.399,26.389,26.462,26.488,26.404,26.462,26.383,26.389,26.472,26.503,26.488,26.42,26.566,26.555,26.508,26.472,26.477,26.482,26.529,26.435,26.012,26.054,26.023,26.017,25.692,25.603,25.592,25.487,25.503,25.329,25.35,25.361,25.529,25.413,25.461,25.234,25.165,25.113,25.139,25.039,25.007,25.002,25.049,24.991,25.007,24.98,25.065,24.986,25.076,25.023,25.123,25.097,25.097,25.144,24.954,25.023,25.076,25.113,25.007,25.039,25.023,25.07,24.98,25.113,25.123,25.123,25.102,25.102,25.181,25.313,25.466,25.334,25.513,25.434,25.555,25.571,25.692,25.708,25.823,25.834,25.913,25.981,26.033,26.242,26.164,26.242,26.122,26.566,26.467,26.409,26.373,26.352,26.352,26.357,26.331,26.404,26.404,26.477,26.514,26.508,26.498,26.508,26.498,26.514,26.581,26.508,26.519,26.592,26.597,26.597,26.654,26.68,26.691,26.654,26.675,26.68,26.66,26.712,26.764,26.774,26.816,26.831,26.836,26.852,26.857,26.857,26.878,26.92,26.888,26.883,26.857,26.634,26.023,25.808,25.792,25.86,25.886,26.059,26.618,26.79,26.836,26.795,26.753,26.795,26.758,26.753,26.732,26.696,26.665,26.665,26.649,26.639,26.628,26.628,26.618,26.607,26.602,26.597,26.597,26.607,26.602,26.607,26.607,26.607,26.602,26.602,26.597,26.592,26.587,26.581,26.581,26.581,26.587,26.602,26.613,26.618,26.618,26.618,26.613,26.613,26.613,26.613,26.613,26.618,26.623,26.628,26.628,26.628,26.623,26.618,26.607,26.613,26.607,26.607,26.607,26.613,26.613,26.618,26.607,26.607,26.602,26.602,26.607,26.613,26.628,26.639,26.639,26.639,26.634,26.628,26.618,26.618,26.613,26.613,26.613,26.618,26.634,26.639,26.644,26.649,26.649,26.649,26.649,26.654,26.66,26.665,26.67,26.675,26.675,26.66,26.654,26.644,26.634,26.623,26.618,26.613,26.613,26.618,26.618,26.623,26.628,26.628,26.628,26.628,26.628,26.628,26.623,26.618,26.613,26.607,26.597,26.592,26.592,26.592,26.597,26.602
,26.555,26.55,26.55,26.545,26.545,26.54,26.54,26.54,26.535,26.535,26.535,26.54,26.535,26.535,26.529,26.529,26.524,26.524,26.508,26.503,26.488,26.488,26.477,26.467,26.462,26.456,26.456,26.456,26.456,26.451,26.451,26.456,26.456,26.462,26.467,26.467,26.462,26.462,26.462,26.467,26.472,26.477,26.482,26.482,26.477,26.472,26.467,26.456,26.456,26.456,26.456,26.467,26.477,26.482,26.498,26.508,26.519,26.519,26.529,26.535,26.54,26.545,26.555,26.566,26.576,26.597,26.618,26.628,26.644,26.66,26.67,26.696,26.743,26.79,26.696,26.326,26.143,25.918,26.049,26.002,26.059,26.675,26.842,26.753,26.665,26.665,26.66,26.634,26.618,26.602,26.592,26.566,26.545,26.54,26.529,26.535,26.529,26.498,26.493,26.493,26.529,26.503,26.514,26.462,26.477,26.493,26.462,26.482,26.441,26.451,26.435,26.462,26.446,26.462,26.425,26.415,26.435,26.415,26.399,26.451,26.451,26.399,26.456,26.441,26.462,26.467,26.482,26.435,26.441,26.394,26.378,26.383,26.378,26.399,26.378,26.263,25.634,25.697,25.661,25.776,25.513,25.408,25.397,25.561,25.229,25.06,25.091,25.134,25.012,24.954,25.15,25.387,25.171,25.229,25.118,25.033,25.028,25.107,25.097,25.065,25.144,25.054,25.208,25.102,25.023,24.986,25.017,24.991,25.06,25.128,25.102,25.107,25.023,25.007,24.964,25.012,24.949,25.033,25.007,24.986,25.007,24.901,25.039,25.192,25.271,25.229,25.25,25.181,25.271,25.487,25.834,25.55,25.776,25.865,25.86,25.797,25.776,25.771,25.839,25.808,26.028,25.981,26.232,26.132,26.295,26.295,26.043,26.347,26.19,26.315,26.347,26.451,26.295,26.441,26.42,26.488,26.441,26.326,26.409,26.394,26.389,26.477,26.462,26.524,26.571,26.524,26.529,26.503,26.566,26.592,26.618,26.634,26.602,26.587,26.597,26.602,26.597,26.602,26.649,26.66,26.67,26.649,26.66,26.686,26.696,26.748,26.743,26.769,26.784,26.8,26.816,26.826,26.842,26.842,26.852,26.862,26.842,26.857,26.81,26.686,26.002,25.755,25.75,25.687,25.708,25.802,26.42,26.691,26.805,26.795,26.79,26.79,26.779,26.769,26.748,26.727,26.696,26.686,26.67,26.66,26.649,26.644,26.639,26.634,26.628,26.623,26.623,26.628,26.623,26.623,26.628,26.628,26.623,26.628,26.623,26.613,26.607,26.597,26.597,26.602,26.607,26.623,26.634,26.634,26.634,26.634,26.628,26.623,26.618,26.618,26.623,26.623,26.628,26.634,26.639,26.639,26.639,26.634,26.628,26.623,26.623,26.623,26.618,26.623,26.623,26.628,26.623,26.618,26.613,26.613,26.613,26.618,26.628,26.644,26.644,26.644,26.639,26.628,26.623,26.618,26.618,26.618,26.623,26.623,26.628,26.639,26.649,26.649,26.654,26.654,26.654,26.66,26.665,26.67,26.68,26.68,26.675,26.67,26.66,26.654,26.644,26.639,26.628,26.623,26.623,26.628,26.628,26.628,26.634,26.628,26.628,26.628,26.634,26.634,26.623,26.623,26.618,26.607,26.602,26.602,26.602,26.602,26.607,26.618
,26.555,26.55,26.545,26.55,26.545,26.545,26.54,26.535,26.54,26.535,26.54,26.535,26.54,26.54,26.535,26.535,26.535,26.524,26.514,26.503,26.493,26.482,26.477,26.467,26.462,26.462,26.456,26.456,26.456,26.456,26.456,26.456,26.462,26.462,26.467,26.462,26.462,26.456,26.456,26.462,26.482,26.493,26.498,26.503,26.493,26.488,26.467,26.462,26.462,26.462,26.462,26.467,26.477,26.488,26.503,26.508,26.519,26.524,26.535,26.54,26.545,26.555,26.566,26.571,26.587,26.602,26.618,26.634,26.644,26.66,26.68,26.706,26.758,26.758,26.769,26.8,26.503,26.085,26.07,26.075,26.075,26.321,26.753,26.774,26.654,26.712,26.712,26.665,26.639,26.602,26.602,26.55,26.561,26.576,26.545,26.623,26.55,26.545,26.535,26.503,26.519,26.529,26.514,26.519,26.493,26.498,26.482,26.472,26.456,26.42,26.435,26.378,26.373,26.305,26.31,26.3,26.253,26.274,26.242,26.2,26.253,26.043,25.802,25.918,25.708,25.697,25.366,25.329,25.297,25.202,25.054,25.339,24.996,24.906,24.938,24.986,25.049,24.975,24.837,24.917,25.007,25.049,25.081,24.996,24.943,24.943,24.933,24.875,24.89,24.869,24.832,24.922,24.938,24.933,25.081,25.023,25.155,25.076,25.107,25.16,25.107,25.139,25.07,25.065,25.044,25.123,25.113,25.07,25.176,25.155,25.181,25.292,25.197,25.497,25.687,25.361,25.424,25.482,26.07,26.002,26.043,26.096,26.112,26.263,26.101,26.195,26.174,26.117,26.096,26.033,25.97,25.965,26.143,26.164,26.122,26.227,26.101,26.195,26.237,26.373,26.232,26.274,26.19,26.352,26.357,26.441,26.43,26.472,26.477,26.451,26.462,26.508,26.493,26.498,26.519,26.524,26.561,26.545,26.535,26.508,26.498,26.524,26.561,26.597,26.581,26.597,26.555,26.602,26.607,26.613,26.618,26.623,26.623,26.623,26.623,26.623,26.628,26.639,26.66,26.665,26.675,26.68,26.68,26.696,26.712,26.732,26.743,26.758,26.764,26.779,26.79,26.8,26.81,26.821,26.821,26.831,26.826,26.795,26.842,26.618,25.907,25.676,25.682,25.671,25.666,25.671,26.274,26.717,26.779,26.805,26.784,26.79,26.79,26.779,26.758,26.743,26.717,26.701,26.686,26.68,26.675,26.66,26.654,26.654,26.644,26.644,26.639,26.639,26.639,26.644,26.649,26.644,26.644,26.639,26.639,26.623,26.618,26.618,26.613,26.613,26.618,26.628,26.639,26.639,26.644,26.639,26.634,26.628,26.628,26.623,26.623,26.628,26.634,26.639,26.644,26.644,26.644,26.644,26.644,26.639,26.639,26.639,26.634,26.634,26.634,26.628,26.628,26.618,26.618,26.613,26.618,26.623,26.634,26.639,26.654,26.649,26.644,26.639,26.628,26.618,26.618,26.623,26.628,26.628,26.639,26.649,26.649,26.654,26.649,26.654,26.654,26.665,26.67,26.68,26.686,26.686,26.686,26.68,26.665,26.66,26.649,26.644,26.639,26.634,26.634,26.634,26.634,26.634,26.628,26.628,26.623,26.628,26.623,26.628,26.628,26.623,26.618,26.613,26.607,26.602,26.602,26.613,26.623,26.628
,26.55,26.545,26.545,26.55,26.55,26.55,26.545,26.545,26.545,26.54,26.535,26.54,26.54,26.54,26.54,26.54,26.535,26.529,26.514,26.508,26.493,26.482,26.472,26.467,26.462,26.462,26.462,26.462,26.462,26.462,26.462,26.462,26.462,26.467,26.467,26.462,26.456,26.451,26.451,26.467,26.488,26.503,26.514,26.514,26.508,26.498,26.482,26.467,26.462,26.467,26.477,26.477,26.482,26.488,26.503,26.508,26.535,26.519,26.54,26.55,26.561,26.561,26.561,26.571,26.587,26.597,26.613,26.628,26.639,26.654,26.675,26.701,26.738,26.857,26.904,26.971,26.488,26.195,26.054,26.07,26.085,26.315,26.862,26.883,26.805,26.764,26.712,26.701,26.628,26.649,26.654,26.66,26.644,26.628,26.597,26.566,26.607,26.503,26.477,26.399,26.399,26.368,26.378,26.169,26.216,26.174,26.075,25.907,26.091,25.771,25.965,25.687,25.687,25.513,25.487,25.403,25.102,25.15,25.023,25.033,24.964,24.975,24.912,24.986,25.091,25.118,25.076,25.007,25.218,25.16,25.002,24.975,25.039,24.996,24.986,24.949,24.875,24.89,24.89,24.943,25.002,24.943,25.023,24.97,24.986,24.97,24.991,24.97,24.996,25.044,25.049,25.139,25.144,25.113,25.123,25.192,25.387,25.476,25.461,25.419,25.829,25.755,25.529,25.871,25.991,25.954,26.033,26.153,25.802,26.038,26.164,26.059,26.101,26.007,26.07,26.19,26.185,26.106,26.07,26.038,26.07,26.253,26.326,26.127,26.232,26.248,26.106,26.18,26.164,26.169,26.164,26.216,26.263,26.357,26.263,26.326,26.336,26.399,26.425,26.435,26.456,26.342,26.456,26.404,26.456,26.441,26.389,26.472,26.488,26.529,26.529,26.535,26.524,26.535,26.555,26.55,26.576,26.576,26.566,26.571,26.566,26.571,26.592,26.607,26.618,26.623,26.618,26.623,26.628,26.628,26.628,26.634,26.634,26.639,26.639,26.649,26.649,26.654,26.665,26.67,26.68,26.686,26.696,26.706,26.717,26.732,26.738,26.743,26.753,26.758,26.769,26.779,26.79,26.795,26.8,26.8,26.79,26.805,26.748,26.717,26.106,25.771,25.666,25.655,25.708,25.64,26.064,26.654,26.732,26.732,26.784,26.784,26.79,26.784,26.774,26.758,26.738,26.722,26.712,26.696,26.686,26.68,26.675,26.67,26.665,26.654,26.654,26.649,26.649,26.654,26.66,26.654,26.66,26.654,26.644,26.639,26.628,26.623,26.618,26.618,26.623,26.634,26.639,26.644,26.649,26.644,26.644,26.639,26.634,26.628,26.634,26.634,26.634,26.639,26.644,26.644,26.649,26.649,26.649,26.649,26.649,26.649,26.644,26.644,26.639,26.639,26.634,26.628,26.623,26.623,26.618,26.623,26.639,26.644,26.649,26.649,26.644,26.639,26.634,26.623,26.623,26.623,26.628,26.634,26.639,26.649,26.649,26.654,26.654,26.66,26.654,26.66,26.67,26.68,26.691,26.691,26.691,26.68,26.67,26.665,26.654,26.649,26.649,26.639,26.639,26.644,26.639,26.634,26.628,26.628,26.623,26.623,26.628,26.623,26.628,26.623,26.618,26.613,26.607,26.607,26.613,26.618,26.628,26.628
,26.55,26.55,26.55,26.555,26.555,26.555,26.55,26.545,26.54,26.535,26.54,26.535,26.545,26.55,26.55,26.55,26.54,26.535,26.524,26.508,26.493,26.482,26.472,26.462,26.462,26.462,26.456,26.462,26.462,26.462,26.462,26.467,26.467,26.472,26.472,26.462,26.462,26.451,26.456,26.482,26.498,26.503,26.503,26.519,26.524,26.514,26.498,26.467,26.472,26.446,26.482,26.472,26.477,26.493,26.493,26.498,26.524,26.529,26.535,26.566,26.581,26.576,26.618,26.581,26.576,26.597,26.607,26.613,26.623,26.649,26.686,26.701,26.753,26.79,26.831,26.956,26.961,26.31,26.169,26.132,26.106,26.132,26.55,26.894,26.945,26.852,26.821,26.712,26.712,26.545,26.305,26.274,26.279,26.127,26.117,26.159,26.038,26.033,25.913,25.697,25.682,25.708,25.692,25.392,25.35,25.313,25.266,25.229,25.26,24.98,25.107,25.186,25.144,25.134,25.107,25.171,25.208,25.081,25.086,25.223,25.113,25.118,25.054,25.097,25.039,24.949,24.901,24.917,24.827,24.906,24.912,24.964,25.028,24.97,24.943,24.996,25.039,25.054,25.039,25.06,25.102,25.255,25.197,25.202,25.397,25.313,25.408,25.324,25.419,25.655,25.692,25.829,25.582,25.797,25.781,26.038,26.263,26.138,26.242,26.174,26.19,26.153,26.216,26.227,26.258,26.164,26.206,26.268,26.268,26.206,26.268,26.362,26.342,26.263,26.315,26.368,26.274,26.409,26.331,26.258,26.462,26.404,26.389,26.399,26.321,26.357,26.394,26.415,26.409,26.415,26.404,26.415,26.378,26.462,26.55,26.415,26.362,26.268,26.404,26.456,26.441,26.336,26.503,26.493,26.488,26.488,26.488,26.488,26.493,26.529,26.54,26.55,26.576,26.576,26.581,26.592,26.597,26.597,26.597,26.592,26.597,26.602,26.613,26.623,26.634,26.639,26.634,26.639,26.634,26.639,26.639,26.644,26.649,26.649,26.66,26.665,26.665,26.67,26.67,26.68,26.691,26.691,26.701,26.712,26.717,26.727,26.727,26.732,26.738,26.743,26.753,26.753,26.764,26.769,26.769,26.764,26.758,26.758,26.712,26.649,26.101,25.634,25.603,25.661,25.576,25.603,26.059,26.482,26.597,26.774,26.769,26.784,26.79,26.79,26.779,26.774,26.753,26.743,26.732,26.717,26.706,26.701,26.691,26.68,26.675,26.67,26.665,26.665,26.665,26.665,26.665,26.665,26.665,26.66,26.649,26.649,26.639,26.628,26.623,26.623,26.628,26.634,26.639,26.644,26.644,26.649,26.649,26.639,26.639,26.634,26.628,26.634,26.634,26.639,26.639,26.644,26.649,26.649,26.654,26.66,26.66,26.654,26.654,26.649,26.644,26.644,26.639,26.634,26.628,26.628,26.623,26.628,26.639,26.644,26.654,26.649,26.644,26.639,26.634,26.628,26.634,26.628,26.634,26.639,26.649,26.649,26.654,26.649,26.66,26.654,26.66,26.665,26.675,26.68,26.686,26.686,26.686,26.68,26.675,26.67,26.66,26.654,26.649,26.649,26.649,26.644,26.639,26.634,26.628,26.623,26.623,26.618,26.628,26.628,26.628,26.623,26.618,26.613,26.618,26.613,26.613,26.618,26.623,26.628
,26.555,26.55,26.55,26.555,26.555,26.561,26.55,26.555,26.545,26.54,26.535,26.535,26.545,26.55,26.555,26.545,26.55,26.54,26.519,26.514,26.503,26.482,26.467,26.456,26.451,26.472,26.456,26.462,26.456,26.472,26.472,26.462,26.467,26.472,26.472,26.477,26.462,26.446,26.446,26.482,26.435,26.467,26.55,26.545,26.524,26.519,26.514,26.498,26.493,26.451,26.472,26.477,26.488,26.482,26.488,26.498,26.508,26.545,26.524,26.561,26.576,26.571,26.592,26.602,26.566,26.576,26.597,26.613,26.618,26.67,26.727,26.691,26.79,26.868,26.914,26.992,27.101,26.435,26.127,26.112,26.085,26.117,26.305,26.352,26.305,26.462,26.456,26.3,26.169,26.049,25.918,25.876,25.771,25.745,25.708,25.661,25.597,25.603,25.492,25.471,25.476,25.408,25.445,25.455,25.387,25.466,25.339,25.324,25.266,25.234,25.245,25.15,25.16,25.118,25.128,25.102,25.213,25.065,25.118,25.107,25.081,25.123,25.186,25.049,25.017,25.165,25.155,25.102,25.292,25.524,25.529,25.424,25.176,25.35,25.355,25.434,25.708,25.503,25.519,25.708,25.781,25.902,25.949,25.928,25.865,26.08,25.881,26.007,25.996,26.049,26.096,26.19,26.012,26.132,26.216,26.159,26.237,26.232,26.305,26.164,26.237,26.242,26.3,26.284,26.368,26.362,26.389,26.331,26.347,26.362,26.378,26.357,26.347,26.373,26.357,26.368,26.362,26.409,26.425,26.394,26.404,26.441,26.43,26.488,26.425,26.394,26.435,26.456,26.456,26.435,26.462,26.456,26.508,26.488,26.441,26.441,26.467,26.488,26.493,26.498,26.493,26.535,26.503,26.503,26.503,26.514,26.514,26.524,26.535,26.545,26.561,26.571,26.587,26.602,26.602,26.602,26.607,26.613,26.613,26.613,26.618,26.623,26.634,26.639,26.644,26.654,26.644,26.644,26.644,26.644,26.644,26.654,26.66,26.66,26.67,26.675,26.68,26.686,26.68,26.686,26.691,26.696,26.706,26.717,26.717,26.722,26.722,26.727,26.727,26.732,26.738,26.743,26.748,26.748,26.743,26.743,26.727,26.68,26.628,26.649,26.2,25.613,25.524,25.713,25.513,25.566,25.871,26.389,26.607,26.691,26.779,26.774,26.779,26.784,26.784,26.774,26.769,26.753,26.748,26.732,26.727,26.712,26.701,26.696,26.691,26.686,26.675,26.67,26.67,26.665,26.665,26.665,26.665,26.66,26.654,26.644,26.639,26.628,26.628,26.628,26.628,26.634,26.649,26.644,26.654,26.654,26.649,26.639,26.639,26.639,26.634,26.634,26.639,26.639,26.639,26.644,26.649,26.649,26.66,26.66,26.665,26.66,26.66,26.66,26.654,26.649,26.649,26.639,26.634,26.634,26.628,26.634,26.639,26.644,26.649,26.649,26.644,26.644,26.639,26.634,26.628,26.634,26.639,26.644,26.644,26.654,26.654,26.66,26.654,26.66,26.665,26.665,26.675,26.68,26.686,26.686,26.68,26.675,26.67,26.665,26.66,26.654,26.654,26.649,26.649,26.649,26.639,26.634,26.628,26.628,26.623,26.623,26.628,26.628,26.628,26.628,26.623,26.623,26.618,26.618,26.618,26.623,26.623,26.628
,26.555,26.555,26.555,26.561,26.561,26.561,26.55,26.545,26.535,26.524,26.529,26.529,26.545,26.571,26.571,26.566,26.54,26.529,26.535,26.508,26.493,26.462,26.451,26.43,26.43,26.435,26.435,26.456,26.456,26.462,26.462,26.456,26.446,26.477,26.467,26.482,26.472,26.451,26.488,26.488,26.477,26.524,26.498,26.529,26.55,26.529,26.508,26.482,26.456,26.451,26.462,26.467,26.477,26.482,26.493,26.55,26.566,26.571,26.618,26.618,26.602,26.628,26.597,26.607,26.623,26.634,26.634,26.66,26.67,26.43,26.195,26.592,26.477,26.508,26.409,26.326,26.467,26.373,26.248,26.211,26.054,26.096,26.106,26.033,26.054,26.007,25.986,26.012,26.033,25.949,25.923,25.834,25.766,25.776,25.676,25.687,25.582,25.613,25.571,25.503,25.471,25.413,25.397,25.35,25.271,25.313,25.276,25.223,25.292,25.144,25.213,25.165,25.26,25.55,25.445,25.608,25.281,25.466,25.497,25.582,25.618,25.666,25.608,25.923,25.975,25.792,25.724,25.97,25.834,26.054,25.944,26.012,25.708,25.954,25.97,25.923,26.023,25.886,26.054,26.268,26.305,26.106,26.106,26.211,26.211,26.389,26.31,26.132,26.153,26.159,26.164,26.227,26.3,26.242,26.18,26.237,26.195,26.31,26.389,26.347,26.336,26.378,26.383,26.383,26.389,26.342,26.409,26.394,26.373,26.409,26.435,26.42,26.409,26.425,26.441,26.42,26.425,26.425,26.435,26.451,26.43,26.467,26.462,26.456,26.467,26.472,26.462,26.462,26.482,26.467,26.493,26.508,26.514,26.519,26.514,26.498,26.498,26.503,26.503,26.508,26.524,26.529,26.529,26.529,26.535,26.529,26.54,26.545,26.55,26.566,26.581,26.592,26.597,26.613,26.618,26.623,26.623,26.623,26.623,26.623,26.628,26.634,26.644,26.649,26.654,26.654,26.654,26.654,26.649,26.649,26.649,26.66,26.66,26.665,26.675,26.68,26.686,26.686,26.691,26.696,26.701,26.701,26.706,26.717,26.717,26.722,26.722,26.722,26.722,26.727,26.727,26.732,26.738,26.732,26.727,26.717,26.701,26.654,26.644,26.644,26.31,25.597,25.45,25.661,25.524,25.597,25.603,26.352,26.649,26.665,26.758,26.758,26.769,26.779,26.779,26.774,26.774,26.764,26.758,26.748,26.738,26.727,26.717,26.706,26.701,26.691,26.68,26.675,26.67,26.67,26.665,26.665,26.66,26.665,26.654,26.649,26.639,26.634,26.628,26.628,26.634,26.639,26.644,26.649,26.654,26.649,26.654,26.644,26.644,26.639,26.634,26.639,26.639,26.639,26.644,26.644,26.644,26.649,26.654,26.654,26.665,26.665,26.66,26.66,26.654,26.654,26.644,26.644,26.644,26.639,26.639,26.639,26.644,26.644,26.649,26.644,26.644,26.644,26.639,26.639,26.639,26.639,26.644,26.644,26.649,26.654,26.66,26.66,26.66,26.66,26.665,26.67,26.675,26.68,26.68,26.68,26.68,26.675,26.67,26.665,26.66,26.654,26.649,26.649,26.649,26.644,26.644,26.639,26.634,26.628,26.628,26.628,26.628,26.634,26.634,26.628,26.623,26.623,26.623,26.623,26.623,26.618,26.623,26.628
,26.561,26.555,26.561,26.555,26.55,26.555,26.571,26.592,26.55,26.529,26.508,26.508,26.508,26.561,26.561,26.581,26.555,26.524,26.524,26.524,26.498,26.477,26.43,26.409,26.467,26.415,26.451,26.462,26.462,26.446,26.462,26.435,26.462,26.451,26.477,26.482,26.482,26.477,26.43,26.456,26.451,26.488,26.472,26.42,26.425,26.529,26.482,26.451,26.451,26.462,26.467,26.451,26.462,26.446,26.289,26.138,26.106,26.169,26.033,26.122,26.07,26.091,26.117,25.897,25.802,26.028,26.054,26.075,26.101,26.112,26.122,26.159,26.248,26.195,26.2,26.2,26.227,26.331,26.127,26.164,26.18,26.101,26.18,26.169,26.028,26.028,25.965,25.965,25.965,25.933,25.886,25.85,25.808,25.823,25.792,25.713,25.65,25.703,25.629,25.634,25.865,25.813,25.965,25.629,25.834,25.65,25.776,25.771,25.766,25.981,25.907,25.928,25.918,25.697,25.892,26.106,25.97,26.007,25.981,26.221,26.211,26.263,26.091,26.253,26.227,26.263,26.305,26.138,26.153,26.148,26.08,26.164,26.169,26.059,26.08,26.242,26.221,26.295,26.362,26.399,26.42,26.42,26.394,26.336,26.274,26.274,26.132,26.347,26.357,26.284,26.336,26.378,26.373,26.305,26.295,26.373,26.399,26.446,26.456,26.477,26.446,26.435,26.43,26.43,26.435,26.43,26.435,26.446,26.462,26.456,26.467,26.462,26.462,26.462,26.472,26.472,26.472,26.482,26.472,26.472,26.477,26.482,26.493,26.498,26.503,26.498,26.498,26.493,26.498,26.503,26.514,26.529,26.535,26.535,26.535,26.535,26.54,26.54,26.545,26.55,26.545,26.55,26.55,26.555,26.55,26.555,26.566,26.566,26.571,26.576,26.587,26.602,26.607,26.623,26.628,26.634,26.634,26.634,26.634,26.634,26.639,26.644,26.649,26.654,26.66,26.665,26.66,26.654,26.654,26.654,26.654,26.66,26.665,26.67,26.68,26.686,26.691,26.696,26.696,26.701,26.701,26.706,26.706,26.712,26.717,26.722,26.722,26.722,26.722,26.722,26.722,26.722,26.727,26.722,26.717,26.706,26.68,26.644,26.623,26.587,26.488,25.718,25.519,25.592,25.582,25.576,25.503,26.169,26.535,26.738,26.696,26.743,26.758,26.769,26.764,26.774,26.769,26.764,26.764,26.753,26.748,26.732,26.722,26.717,26.706,26.701,26.686,26.68,26.67,26.665,26.665,26.66,26.665,26.66,26.654,26.654,26.644,26.634,26.634,26.634,26.628,26.639,26.644,26.654,26.66,26.66,26.66,26.654,26.649,26.644,26.644,26.644,26.644,26.644,26.644,26.644,26.644,26.649,26.654,26.66,26.66,26.665,26.665,26.66,26.66,26.654,26.654,26.649,26.649,26.644,26.644,26.644,26.644,26.644,26.639,26.644,26.639,26.644,26.644,26.644,26.644,26.644,26.639,26.644,26.649,26.654,26.654,26.66,26.66,26.66,26.665,26.665,26.675,26.68,26.68,26.68,26.68,26.67,26.665,26.66,26.649,26.649,26.649,26.644,26.644,26.644,26.639,26.639,26.639,26.639,26.639,26.639,26.639,26.639,26.639,26.639,26.634,26.634,26.623,26.623,26.623,26.623,26.628,26.628
,26.55,26.55,26.55,26.55,26.555,26.55,26.571,26.597,26.535,26.529,26.498,26.498,26.519,26.514,26.524,26.592,26.576,26.498,26.472,26.493,26.467,26.409,26.415,26.425,26.441,26.446,26.383,26.415,26.373,26.321,26.258,26.242,26.289,26.263,26.248,26.268,26.279,26.248,26.263,26.206,26.117,26.054,26.08,25.949,25.886,25.561,25.671,25.497,25.355,25.587,25.529,25.54,25.54,25.545,25.529,25.587,25.682,25.823,25.86,25.76,25.718,25.766,25.766,25.907,25.933,25.996,26.033,26.075,26.08,26.143,26.112,26.164,26.258,26.305,26.295,26.289,26.315,26.482,26.409,26.253,26.19,26.075,26.033,26.253,26.117,26.326,26.19,26.331,26.331,26.305,26.409,26.064,26.514,26.555,26.587,26.462,26.415,26.305,26.378,26.227,26.253,26.321,26.174,26.3,26.064,26.347,26.148,26.148,26.284,26.18,26.326,26.227,26.117,26.242,26.274,26.117,26.216,26.284,26.075,26.227,26.206,26.268,26.195,26.378,26.362,26.342,26.347,26.284,26.347,26.342,26.321,26.263,26.258,26.279,26.399,26.368,26.399,26.42,26.383,26.435,26.389,26.415,26.446,26.472,26.336,26.409,26.394,26.352,26.368,26.383,26.373,26.399,26.389,26.404,26.399,26.404,26.451,26.467,26.482,26.472,26.482,26.472,26.472,26.467,26.472,26.472,26.472,26.477,26.488,26.498,26.498,26.508,26.503,26.503,26.503,26.508,26.508,26.503,26.498,26.503,26.508,26.514,26.514,26.524,26.524,26.519,26.519,26.519,26.529,26.535,26.545,26.555,26.561,26.566,26.566,26.566,26.571,26.576,26.571,26.581,26.571,26.571,26.571,26.571,26.571,26.576,26.576,26.581,26.587,26.592,26.597,26.602,26.613,26.623,26.634,26.639,26.644,26.644,26.639,26.639,26.644,26.649,26.654,26.66,26.665,26.665,26.66,26.66,26.66,26.654,26.66,26.66,26.665,26.67,26.68,26.686,26.696,26.696,26.701,26.706,26.706,26.712,26.712,26.717,26.717,26.722,26.722,26.722,26.722,26.717,26.717,26.717,26.717,26.712,26.712,26.696,26.675,26.639,26.602,26.55,26.54,25.865,25.503,25.524,25.524,25.54,25.434,25.96,26.524,26.607,26.691,26.727,26.738,26.748,26.753,26.764,26.764,26.758,26.764,26.753,26.748,26.743,26.738,26.727,26.717,26.706,26.691,26.686,26.67,26.665,26.665,26.66,26.66,26.665,26.66,26.649,26.649,26.644,26.639,26.634,26.634,26.639,26.649,26.66,26.66,26.665,26.66,26.66,26.649,26.649,26.649,26.649,26.649,26.649,26.649,26.649,26.649,26.654,26.654,26.665,26.665,26.67,26.665,26.665,26.66,26.66,26.654,26.654,26.654,26.649,26.649,26.644,26.644,26.644,26.644,26.644,26.644,26.644,26.644,26.644,26.639,26.644,26.644,26.644,26.649,26.654,26.654,26.654,26.654,26.66,26.66,26.665,26.675,26.68,26.68,26.68,26.68,26.67,26.665,26.654,26.649,26.649,26.644,26.639,26.644,26.644,26.644,26.644,26.644,26.644,26.644,26.644,26.649,26.644,26.639,26.639,26.634,26.628,26.628,26.628,26.628,26.628,26.623,26.634
,26.493,26.555,26.535,26.602,26.576,26.592,26.571,26.555,26.472,26.503,26.467,26.43,26.441,26.477,26.529,26.451,26.305,26.342,26.138,26.18,26.159,26.075,26.049,25.996,26.007,25.996,25.713,25.871,25.587,25.461,25.329,25.329,25.355,25.287,25.234,25.155,25.118,24.975,25.07,25.002,25.144,25.281,25.255,25.245,25.292,25.371,25.424,25.361,25.44,25.392,25.45,25.424,25.492,25.519,25.524,25.555,25.629,25.682,25.766,25.834,25.829,25.96,26.117,26.122,26.148,26.373,26.415,26.342,26.462,26.592,26.54,26.795,27.054,27.054,27.075,27.194,27.375,27.438,27.375,27.205,26.237,26.054,26.096,26.18,26.106,26.514,26.634,26.748,26.675,26.722,26.576,26.529,26.607,26.686,26.597,26.529,26.67,26.571,26.435,26.352,26.331,26.368,26.357,26.43,26.389,26.227,26.284,26.263,26.305,26.289,26.242,26.295,26.253,26.253,26.279,26.237,26.2,26.331,26.3,26.342,26.279,26.279,26.347,26.368,26.394,26.394,26.378,26.368,26.289,26.378,26.389,26.347,26.326,26.336,26.399,26.383,26.342,26.409,26.42,26.462,26.467,26.451,26.435,26.425,26.42,26.42,26.415,26.42,26.42,26.415,26.425,26.43,26.435,26.446,26.451,26.456,26.472,26.482,26.503,26.508,26.472,26.493,26.503,26.498,26.498,26.498,26.498,26.503,26.508,26.519,26.529,26.535,26.535,26.529,26.529,26.529,26.524,26.519,26.519,26.519,26.524,26.529,26.535,26.54,26.54,26.54,26.54,26.54,26.545,26.55,26.561,26.571,26.571,26.581,26.592,26.587,26.587,26.592,26.592,26.592,26.592,26.587,26.587,26.587,26.587,26.592,26.592,26.592,26.597,26.597,26.597,26.607,26.613,26.623,26.634,26.639,26.644,26.644,26.639,26.644,26.649,26.649,26.66,26.665,26.665,26.665,26.665,26.665,26.66,26.66,26.66,26.66,26.665,26.675,26.686,26.691,26.691,26.701,26.701,26.706,26.712,26.712,26.717,26.717,26.717,26.717,26.722,26.717,26.717,26.717,26.712,26.712,26.706,26.706,26.701,26.691,26.67,26.628,26.592,26.535,26.581,25.975,25.582,25.445,25.513,25.461,25.419,26.007,26.43,26.613,26.675,26.691,26.712,26.727,26.743,26.748,26.753,26.753,26.753,26.753,26.753,26.748,26.738,26.732,26.727,26.712,26.701,26.691,26.675,26.665,26.665,26.66,26.66,26.665,26.66,26.66,26.654,26.644,26.639,26.634,26.639,26.644,26.649,26.654,26.67,26.665,26.665,26.665,26.66,26.66,26.654,26.654,26.654,26.654,26.654,26.649,26.649,26.654,26.66,26.665,26.675,26.675,26.67,26.67,26.665,26.665,26.665,26.66,26.66,26.66,26.654,26.654,26.649,26.649,26.644,26.644,26.644,26.644,26.644,26.649,26.639,26.644,26.644,26.639,26.644,26.644,26.649,26.649,26.649,26.654,26.66,26.67,26.675,26.686,26.686,26.686,26.68,26.68,26.665,26.66,26.654,26.649,26.644,26.639,26.639,26.639,26.644,26.649,26.649,26.649,26.649,26.649,26.649,26.649,26.649,26.639,26.639,26.634,26.634,26.628,26.628,26.634,26.634,26.639
,26.493,26.566,26.42,26.3,26.263,26.263,26.19,26.19,25.907,25.755,25.813,25.829,25.829,25.64,25.734,25.603,25.419,25.355,25.392,25.339,25.155,25.054,24.986,24.991,24.949,24.938,24.938,24.975,24.943,25.091,25.054,25.065,25.049,25.113,25.202,25.181,25.234,25.113,25.113,25.128,25.081,25.239,25.271,25.313,25.329,25.508,25.318,25.397,25.492,25.429,25.692,25.86,25.902,25.897,26.002,26.043,26.159,26.342,26.378,26.519,26.529,26.456,26.784,26.961,26.997,27.293,27.282,27.267,27.37,27.313,27.401,27.479,27.484,27.396,27.355,27.463,27.443,27.474,27.417,27.132,26.524,26.132,26.117,26.159,26.101,26.482,26.805,26.805,26.758,26.779,26.795,26.686,26.857,26.686,26.665,26.67,26.66,26.592,26.519,26.514,26.519,26.519,26.628,26.462,26.472,26.394,26.284,26.3,26.326,26.342,26.352,26.383,26.362,26.342,26.305,26.326,26.258,26.336,26.373,26.362,26.362,26.362,26.389,26.383,26.383,26.389,26.389,26.389,26.399,26.378,26.368,26.378,26.383,26.394,26.409,26.435,26.451,26.446,26.456,26.462,26.472,26.477,26.477,26.472,26.467,26.451,26.451,26.451,26.462,26.462,26.456,26.462,26.472,26.472,26.472,26.482,26.498,26.503,26.519,26.524,26.524,26.519,26.514,26.514,26.514,26.514,26.519,26.519,26.529,26.54,26.55,26.555,26.555,26.555,26.55,26.545,26.54,26.54,26.529,26.535,26.54,26.545,26.545,26.55,26.55,26.55,26.55,26.55,26.561,26.561,26.571,26.576,26.587,26.592,26.597,26.607,26.607,26.613,26.607,26.613,26.607,26.602,26.602,26.602,26.597,26.602,26.602,26.602,26.602,26.602,26.602,26.602,26.613,26.623,26.634,26.639,26.644,26.644,26.639,26.649,26.649,26.649,26.654,26.654,26.66,26.665,26.66,26.66,26.654,26.649,26.649,26.66,26.665,26.675,26.686,26.691,26.701,26.696,26.706,26.706,26.712,26.717,26.717,26.722,26.722,26.722,26.722,26.717,26.717,26.712,26.712,26.701,26.706,26.706,26.701,26.691,26.675,26.634,26.592,26.55,26.545,26.2,25.508,25.466,25.434,25.403,25.455,26.07,26.2,26.639,26.639,26.654,26.701,26.717,26.732,26.738,26.748,26.748,26.753,26.753,26.753,26.753,26.743,26.738,26.727,26.722,26.706,26.696,26.68,26.67,26.665,26.66,26.665,26.67,26.67,26.665,26.66,26.649,26.644,26.639,26.639,26.644,26.649,26.66,26.665,26.675,26.675,26.665,26.665,26.665,26.665,26.66,26.665,26.66,26.66,26.654,26.654,26.66,26.665,26.675,26.68,26.68,26.68,26.675,26.675,26.67,26.675,26.67,26.67,26.665,26.665,26.66,26.654,26.649,26.649,26.644,26.649,26.649,26.649,26.649,26.644,26.644,26.644,26.644,26.644,26.639,26.644,26.644,26.649,26.66,26.66,26.67,26.68,26.686,26.691,26.691,26.686,26.68,26.675,26.665,26.66,26.649,26.644,26.644,26.639,26.644,26.644,26.654,26.654,26.654,26.654,26.654,26.654,26.649,26.649,26.644,26.639,26.639,26.639,26.639,26.634,26.639,26.639,26.644
,25.661,25.561,25.487,25.329,25.218,25.239,25.266,25.318,25.229,24.98,25.023,25.06,25.107,25.044,24.949,25.017,24.949,25.039,25.097,25.039,25.028,25.033,25.044,25.06,25.049,25.128,24.991,25.033,25.039,24.996,25.017,25.118,25.039,25.076,25.081,25.134,25.171,25.134,25.186,25.329,25.397,25.792,25.855,25.666,25.576,25.671,26.174,26.038,26.033,26.033,26.19,26.295,26.535,26.519,26.566,26.587,26.649,26.888,26.914,27.096,27.075,26.873,27.008,27.029,27.039,27.075,27.106,27.22,27.174,27.298,27.324,27.241,27.277,27.282,27.324,27.303,27.257,27.319,27.334,27.163,26.727,26.315,25.944,26.017,26.07,26.221,26.68,26.826,26.79,26.836,26.79,26.795,26.816,26.821,26.717,26.665,26.66,26.639,26.576,26.529,26.618,26.592,26.55,26.482,26.451,26.425,26.42,26.409,26.409,26.394,26.415,26.404,26.394,26.383,26.378,26.378,26.368,26.378,26.378,26.378,26.383,26.394,26.404,26.409,26.409,26.409,26.415,26.42,26.415,26.409,26.404,26.409,26.409,26.425,26.435,26.441,26.456,26.462,26.472,26.488,26.498,26.498,26.498,26.498,26.493,26.482,26.488,26.482,26.488,26.488,26.482,26.493,26.493,26.498,26.498,26.508,26.514,26.524,26.535,26.535,26.535,26.529,26.524,26.524,26.524,26.524,26.524,26.529,26.54,26.55,26.561,26.571,26.571,26.566,26.561,26.555,26.545,26.54,26.54,26.54,26.545,26.55,26.55,26.555,26.561,26.561,26.561,26.566,26.566,26.571,26.576,26.581,26.592,26.597,26.602,26.607,26.613,26.618,26.623,26.618,26.613,26.607,26.607,26.607,26.607,26.607,26.607,26.607,26.602,26.602,26.602,26.607,26.618,26.623,26.628,26.634,26.639,26.644,26.644,26.644,26.644,26.649,26.649,26.654,26.654,26.654,26.654,26.654,26.649,26.644,26.649,26.66,26.665,26.675,26.686,26.691,26.696,26.701,26.706,26.712,26.712,26.712,26.717,26.717,26.717,26.712,26.717,26.712,26.706,26.712,26.706,26.701,26.706,26.701,26.696,26.686,26.67,26.634,26.602,26.561,26.607,26.321,25.471,25.429,25.45,25.424,25.345,25.545,26.289,26.566,26.576,26.649,26.675,26.701,26.717,26.732,26.743,26.748,26.748,26.753,26.753,26.748,26.743,26.743,26.732,26.717,26.706,26.696,26.686,26.675,26.67,26.67,26.67,26.675,26.675,26.67,26.665,26.654,26.649,26.649,26.644,26.649,26.654,26.66,26.67,26.675,26.675,26.675,26.675,26.675,26.675,26.675,26.675,26.67,26.67,26.67,26.66,26.67,26.675,26.68,26.686,26.691,26.691,26.691,26.686,26.686,26.686,26.675,26.675,26.675,26.67,26.67,26.66,26.654,26.649,26.654,26.649,26.654,26.654,26.654,26.644,26.644,26.639,26.639,26.639,26.634,26.639,26.639,26.644,26.654,26.66,26.67,26.686,26.691,26.696,26.701,26.696,26.691,26.686,26.675,26.665,26.654,26.649,26.644,26.644,26.644,26.649,26.66,26.66,26.66,26.66,26.654,26.654,26.654,26.654,26.649,26.644,26.644,26.644,26.644,26.644,26.644,26.644,26.649
,25.033,25.102,24.943,25.017,24.959,24.975,25.086,25.123,25.15,25.123,25.049,25.118,25.07,25.091,24.975,25.033,25.039,24.901,25.017,24.991,25.017,24.975,25.023,24.986,25.039,25.113,25.123,25.382,25.213,25.245,25.234,25.671,25.697,25.661,25.655,25.592,25.792,25.781,25.85,26.106,25.97,26.091,26.253,26.206,26.195,26.169,26.467,26.373,26.409,26.274,26.399,26.378,26.587,26.576,26.524,26.566,26.634,26.675,26.795,26.894,26.961,26.878,26.935,26.956,26.951,27.018,27.049,27.08,27.179,27.08,27.174,27.137,27.35,27.293,27.277,27.282,27.225,27.225,27.189,27.106,26.842,26.248,25.975,25.939,26.059,26.221,26.639,26.743,26.836,26.836,26.79,26.805,26.795,26.81,26.774,26.712,26.686,26.654,26.634,26.618,26.607,26.613,26.561,26.529,26.498,26.472,26.462,26.446,26.441,26.441,26.43,26.43,26.425,26.43,26.415,26.415,26.409,26.404,26.404,26.399,26.404,26.409,26.42,26.42,26.425,26.43,26.43,26.435,26.43,26.43,26.43,26.43,26.435,26.441,26.456,26.462,26.472,26.482,26.493,26.503,26.519,26.524,26.529,26.524,26.519,26.519,26.514,26.508,26.508,26.503,26.503,26.514,26.514,26.519,26.519,26.524,26.529,26.535,26.545,26.545,26.545,26.54,26.535,26.529,26.535,26.529,26.535,26.54,26.55,26.561,26.566,26.576,26.576,26.576,26.571,26.561,26.55,26.545,26.545,26.54,26.55,26.55,26.555,26.561,26.566,26.566,26.566,26.566,26.571,26.576,26.581,26.587,26.592,26.602,26.613,26.613,26.623,26.623,26.628,26.623,26.628,26.618,26.613,26.613,26.613,26.613,26.613,26.613,26.607,26.607,26.607,26.613,26.613,26.623,26.628,26.628,26.634,26.639,26.639,26.644,26.644,26.644,26.649,26.649,26.649,26.654,26.654,26.649,26.644,26.644,26.649,26.66,26.665,26.68,26.686,26.691,26.701,26.706,26.712,26.717,26.717,26.722,26.717,26.717,26.717,26.717,26.712,26.712,26.712,26.706,26.706,26.701,26.701,26.696,26.696,26.686,26.67,26.639,26.623,26.607,26.571,26.425,25.545,25.419,25.434,25.419,25.366,25.613,26.232,26.524,26.602,26.628,26.67,26.696,26.706,26.727,26.738,26.743,26.743,26.748,26.748,26.748,26.738,26.738,26.727,26.717,26.712,26.701,26.686,26.675,26.67,26.665,26.675,26.675,26.675,26.675,26.67,26.665,26.654,26.654,26.649,26.649,26.654,26.66,26.67,26.675,26.675,26.675,26.67,26.675,26.68,26.68,26.68,26.675,26.675,26.675,26.675,26.675,26.675,26.68,26.686,26.691,26.696,26.696,26.691,26.691,26.691,26.691,26.686,26.68,26.68,26.675,26.67,26.665,26.66,26.66,26.654,26.654,26.654,26.654,26.654,26.649,26.644,26.639,26.639,26.634,26.634,26.639,26.644,26.654,26.665,26.68,26.686,26.691,26.696,26.701,26.701,26.696,26.691,26.675,26.67,26.66,26.654,26.649,26.649,26.66,26.66,26.665,26.67,26.67,26.67,26.665,26.66,26.654,26.654,26.654,26.66,26.649,26.654,26.649,26.654,26.649,26.649,26.654
,25.017,25.15,25.044,24.912,24.97,25.017,25.165,25.208,25.049,25.07,25.266,25.165,25.07,25.281,25.287,25.223,25.434,25.724,25.513,25.739,25.771,25.923,25.876,25.975,25.55,25.86,25.829,25.975,25.855,25.871,25.975,26.017,26.08,25.965,26.07,26.195,26.023,26.153,26.232,26.242,26.237,26.237,26.331,26.362,26.357,26.347,26.441,26.409,26.446,26.399,26.498,26.581,26.581,26.587,26.576,26.602,26.592,26.758,26.743,26.784,26.779,26.831,26.909,26.92,26.925,26.92,26.966,26.977,27.003,27.008,27.013,27.065,27.111,27.153,27.148,27.127,27.132,27.184,27.117,27.018,26.971,26.535,26.038,25.928,25.939,26.049,26.284,26.795,26.842,26.852,26.79,26.805,26.8,26.784,26.779,26.758,26.717,26.67,26.649,26.628,26.618,26.597,26.576,26.55,26.524,26.503,26.493,26.488,26.482,26.477,26.467,26.467,26.462,26.456,26.446,26.441,26.435,26.43,26.425,26.425,26.425,26.425,26.425,26.435,26.441,26.446,26.446,26.456,26.451,26.451,26.451,26.451,26.456,26.462,26.467,26.477,26.488,26.493,26.508,26.519,26.535,26.545,26.545,26.545,26.55,26.545,26.535,26.535,26.524,26.524,26.524,26.524,26.529,26.535,26.54,26.54,26.545,26.55,26.555,26.555,26.555,26.545,26.54,26.535,26.529,26.529,26.535,26.54,26.55,26.561,26.571,26.581,26.587,26.581,26.576,26.571,26.561,26.555,26.545,26.55,26.55,26.55,26.555,26.561,26.566,26.571,26.571,26.571,26.576,26.576,26.581,26.587,26.597,26.607,26.613,26.623,26.628,26.628,26.634,26.634,26.623,26.628,26.623,26.618,26.613,26.618,26.618,26.613,26.607,26.613,26.613,26.613,26.618,26.623,26.628,26.628,26.634,26.639,26.634,26.639,26.639,26.644,26.644,26.649,26.649,26.649,26.649,26.644,26.644,26.649,26.649,26.66,26.665,26.68,26.691,26.696,26.701,26.712,26.717,26.722,26.722,26.722,26.717,26.712,26.712,26.712,26.712,26.706,26.706,26.706,26.706,26.701,26.701,26.701,26.696,26.68,26.67,26.644,26.623,26.592,26.524,26.545,25.823,25.392,25.429,25.45,25.429,25.403,26.059,26.529,26.597,26.66,26.649,26.68,26.701,26.717,26.732,26.738,26.743,26.743,26.743,26.748,26.738,26.732,26.727,26.717,26.712,26.701,26.691,26.68,26.675,26.67,26.675,26.675,26.68,26.68,26.67,26.67,26.665,26.66,26.654,26.649,26.654,26.665,26.67,26.675,26.675,26.675,26.675,26.675,26.68,26.686,26.686,26.68,26.68,26.68,26.68,26.68,26.68,26.686,26.686,26.691,26.696,26.696,26.696,26.696,26.696,26.696,26.691,26.686,26.686,26.675,26.67,26.67,26.665,26.665,26.665,26.66,26.66,26.66,26.654,26.649,26.644,26.644,26.639,26.634,26.634,26.634,26.644,26.654,26.665,26.68,26.686,26.691,26.696,26.701,26.701,26.701,26.691,26.686,26.675,26.665,26.66,26.66,26.66,26.665,26.67,26.67,26.68,26.68,26.675,26.67,26.67,26.665,26.665,26.665,26.665,26.665,26.665,26.654,26.66,26.654,26.66,26.66
,25.223,25.318,25.239,25.682,25.96,25.655,25.745,25.755,25.708,25.907,25.944,25.876,25.855,25.991,25.965,26.143,26.028,25.855,25.975,26.242,25.986,26.012,26.017,25.986,26.153,26.117,25.996,26.101,26.028,26.106,26.138,26.237,26.284,26.117,26.336,26.279,26.253,26.263,26.295,26.263,26.206,26.383,26.315,26.295,26.342,26.389,26.42,26.415,26.446,26.467,26.482,26.54,26.597,26.587,26.587,26.602,26.623,26.649,26.706,26.764,26.79,26.795,26.8,26.826,26.831,26.873,26.888,26.904,26.94,26.951,26.982,26.977,27.018,27.029,27.039,27.049,27.049,27.013,27.039,27.013,27.039,26.696,26.07,25.907,25.86,25.871,25.871,26.227,26.665,26.8,26.795,26.805,26.795,26.79,26.774,26.758,26.722,26.691,26.67,26.649,26.623,26.607,26.592,26.566,26.545,26.535,26.524,26.514,26.519,26.503,26.498,26.493,26.488,26.488,26.482,26.467,26.462,26.451,26.446,26.441,26.441,26.441,26.441,26.446,26.451,26.462,26.462,26.467,26.467,26.467,26.467,26.467,26.467,26.477,26.482,26.493,26.498,26.508,26.519,26.529,26.545,26.55,26.566,26.566,26.566,26.561,26.555,26.545,26.545,26.535,26.54,26.54,26.545,26.55,26.555,26.555,26.555,26.561,26.561,26.561,26.55,26.545,26.54,26.535,26.529,26.529,26.529,26.54,26.55,26.566,26.576,26.587,26.587,26.587,26.581,26.576,26.566,26.561,26.55,26.55,26.545,26.55,26.555,26.561,26.566,26.571,26.571,26.576,26.576,26.576,26.581,26.587,26.597,26.607,26.613,26.623,26.628,26.628,26.634,26.634,26.634,26.628,26.623,26.623,26.618,26.618,26.618,26.613,26.618,26.618,26.618,26.618,26.623,26.628,26.628,26.634,26.628,26.634,26.634,26.639,26.639,26.639,26.644,26.644,26.644,26.649,26.644,26.644,26.649,26.654,26.649,26.66,26.665,26.675,26.691,26.696,26.706,26.717,26.717,26.722,26.722,26.717,26.717,26.712,26.712,26.706,26.706,26.701,26.706,26.701,26.701,26.696,26.696,26.696,26.686,26.68,26.67,26.644,26.628,26.55,26.498,26.545,25.886,25.387,25.44,25.471,25.45,25.413,25.986,26.508,26.561,26.566,26.623,26.665,26.696,26.712,26.722,26.732,26.738,26.738,26.743,26.743,26.738,26.732,26.727,26.722,26.712,26.701,26.691,26.68,26.675,26.675,26.675,26.675,26.675,26.675,26.675,26.67,26.665,26.665,26.649,26.654,26.66,26.665,26.67,26.67,26.675,26.675,26.68,26.68,26.68,26.68,26.686,26.686,26.691,26.686,26.686,26.686,26.686,26.686,26.686,26.691,26.696,26.696,26.696,26.696,26.696,26.696,26.696,26.696,26.691,26.68,26.675,26.675,26.67,26.67,26.67,26.67,26.67,26.665,26.654,26.654,26.654,26.644,26.644,26.639,26.639,26.639,26.644,26.654,26.665,26.675,26.686,26.691,26.696,26.701,26.706,26.701,26.696,26.691,26.675,26.67,26.665,26.665,26.665,26.665,26.67,26.68,26.68,26.68,26.68,26.675,26.675,26.67,26.675,26.675,26.675,26.67,26.67,26.67,26.665,26.665,26.665,26.66
,25.902,25.986,26.054,26.117,26.18,26.127,25.965,26.038,26.012,25.892,26.185,26.122,26.227,26.007,26.274,26.169,26.284,26.2,26.185,26.195,26.185,26.211,26.122,26.153,26.248,26.2,26.237,26.253,26.169,26.18,26.284,26.284,26.3,26.31,26.263,26.305,26.357,26.326,26.342,26.394,26.342,26.378,26.415,26.394,26.389,26.415,26.43,26.446,26.467,26.477,26.508,26.529,26.555,26.571,26.581,26.592,26.613,26.639,26.675,26.712,26.727,26.738,26.748,26.764,26.784,26.81,26.816,26.842,26.862,26.878,26.904,26.909,26.94,26.961,26.971,26.971,26.956,26.961,26.971,26.909,26.94,26.691,26.169,25.939,25.802,25.813,25.876,26.127,26.665,26.774,26.805,26.795,26.79,26.779,26.774,26.753,26.732,26.701,26.68,26.654,26.634,26.613,26.597,26.576,26.561,26.55,26.54,26.54,26.529,26.524,26.519,26.514,26.508,26.508,26.498,26.493,26.477,26.472,26.467,26.462,26.456,26.456,26.456,26.456,26.467,26.472,26.472,26.477,26.477,26.477,26.477,26.477,26.482,26.488,26.493,26.498,26.508,26.514,26.524,26.535,26.545,26.561,26.566,26.576,26.576,26.571,26.566,26.555,26.555,26.545,26.545,26.545,26.555,26.561,26.561,26.566,26.566,26.566,26.561,26.561,26.555,26.545,26.54,26.529,26.524,26.524,26.529,26.535,26.55,26.561,26.576,26.587,26.587,26.587,26.581,26.576,26.566,26.555,26.555,26.54,26.545,26.54,26.545,26.555,26.566,26.566,26.571,26.576,26.571,26.576,26.581,26.592,26.597,26.607,26.613,26.623,26.628,26.623,26.628,26.634,26.628,26.628,26.623,26.618,26.623,26.618,26.618,26.618,26.618,26.623,26.623,26.634,26.634,26.634,26.634,26.634,26.634,26.634,26.634,26.634,26.634,26.634,26.644,26.644,26.649,26.649,26.654,26.654,26.654,26.654,26.654,26.665,26.67,26.68,26.691,26.696,26.701,26.712,26.717,26.717,26.717,26.717,26.717,26.712,26.712,26.706,26.706,26.706,26.701,26.701,26.696,26.696,26.691,26.686,26.686,26.68,26.67,26.654,26.628,26.607,26.529,26.535,26.096,25.476,25.461,25.413,25.44,25.361,25.85,26.347,26.555,26.602,26.613,26.654,26.68,26.701,26.717,26.727,26.732,26.738,26.738,26.738,26.738,26.732,26.727,26.722,26.712,26.706,26.691,26.686,26.675,26.67,26.675,26.675,26.675,26.675,26.675,26.67,26.665,26.66,26.654,26.654,26.654,26.665,26.67,26.675,26.675,26.67,26.675,26.675,26.68,26.68,26.691,26.686,26.691,26.691,26.696,26.696,26.696,26.691,26.691,26.691,26.696,26.691,26.696,26.696,26.696,26.701,26.701,26.696,26.696,26.686,26.686,26.68,26.68,26.68,26.675,26.68,26.675,26.67,26.665,26.66,26.654,26.654,26.649,26.644,26.644,26.644,26.644,26.66,26.665,26.67,26.675,26.691,26.691,26.696,26.696,26.696,26.696,26.686,26.675,26.675,26.67,26.67,26.665,26.67,26.675,26.686,26.686,26.686,26.686,26.686,26.68,26.68,26.68,26.686,26.686,26.68,26.68,26.675,26.67,26.67,26.67,26.665
,26.2,26.263,26.169,26.164,26.295,26.127,26.059,26.357,26.315,26.321,26.216,26.289,26.289,26.274,26.279,26.237,26.321,26.268,26.216,26.253,26.221,26.263,26.315,26.253,26.237,26.295,26.305,26.295,26.31,26.284,26.331,26.279,26.305,26.31,26.321,26.331,26.352,26.362,26.373,26.347,26.347,26.368,26.389,26.399,26.415,26.425,26.435,26.446,26.462,26.488,26.498,26.524,26.54,26.555,26.566,26.576,26.592,26.613,26.639,26.675,26.686,26.696,26.706,26.727,26.738,26.753,26.764,26.769,26.784,26.8,26.821,26.852,26.862,26.873,26.888,26.909,26.904,26.909,26.888,26.842,26.784,26.743,26.566,25.97,25.776,25.802,25.913,25.865,26.394,26.738,26.774,26.8,26.774,26.769,26.758,26.748,26.732,26.706,26.686,26.665,26.639,26.618,26.597,26.581,26.566,26.561,26.555,26.55,26.545,26.54,26.535,26.535,26.529,26.524,26.514,26.508,26.503,26.488,26.477,26.472,26.472,26.472,26.472,26.472,26.477,26.477,26.482,26.488,26.482,26.488,26.488,26.488,26.488,26.493,26.493,26.503,26.508,26.514,26.524,26.535,26.55,26.555,26.571,26.576,26.581,26.576,26.571,26.566,26.561,26.55,26.55,26.555,26.561,26.566,26.566,26.571,26.566,26.561,26.566,26.555,26.555,26.545,26.535,26.529,26.524,26.514,26.524,26.529,26.545,26.561,26.576,26.587,26.587,26.587,26.581,26.576,26.566,26.55,26.545,26.54,26.535,26.54,26.545,26.555,26.561,26.566,26.566,26.566,26.566,26.571,26.576,26.587,26.597,26.607,26.613,26.623,26.623,26.628,26.623,26.628,26.623,26.628,26.623,26.618,26.623,26.618,26.618,26.618,26.623,26.623,26.628,26.634,26.639,26.639,26.634,26.634,26.634,26.634,26.634,26.628,26.623,26.623,26.634,26.639,26.644,26.649,26.654,26.654,26.654,26.654,26.654,26.665,26.67,26.686,26.686,26.696,26.701,26.706,26.712,26.712,26.712,26.717,26.712,26.712,26.706,26.706,26.706,26.701,26.701,26.696,26.696,26.691,26.691,26.686,26.686,26.675,26.67,26.654,26.634,26.623,26.592,26.498,26.153,25.371,25.419,25.461,25.392,25.387,25.629,26.258,26.529,26.54,26.602,26.639,26.67,26.696,26.712,26.722,26.727,26.732,26.732,26.732,26.732,26.732,26.727,26.722,26.717,26.706,26.696,26.686,26.675,26.675,26.675,26.675,26.675,26.67,26.67,26.67,26.665,26.66,26.654,26.654,26.654,26.665,26.675,26.675,26.68,26.675,26.68,26.68,26.68,26.68,26.686,26.691,26.691,26.691,26.696,26.696,26.696,26.696,26.691,26.696,26.691,26.696,26.696,26.696,26.696,26.701,26.701,26.696,26.701,26.696,26.691,26.691,26.691,26.686,26.686,26.68,26.68,26.675,26.675,26.67,26.665,26.66,26.66,26.654,26.66,26.654,26.644,26.654,26.66,26.665,26.67,26.68,26.686,26.686,26.691,26.691,26.691,26.691,26.686,26.68,26.675,26.67,26.665,26.675,26.68,26.686,26.686,26.696,26.691,26.691,26.691,26.691,26.696,26.696,26.696,26.691,26.686,26.68,26.675,26.67,26.67,26.67
,26.321,26.284,26.263,26.232,26.268,26.295,26.289,26.289,26.305,26.258,26.221,26.289,26.279,26.248,26.248,26.279,26.31,26.321,26.321,26.31,26.31,26.31,26.305,26.31,26.326,26.295,26.321,26.31,26.321,26.326,26.326,26.321,26.326,26.331,26.347,26.357,26.368,26.378,26.394,26.399,26.409,26.409,26.409,26.415,26.425,26.43,26.441,26.451,26.462,26.477,26.493,26.508,26.524,26.54,26.55,26.561,26.576,26.592,26.607,26.634,26.649,26.654,26.665,26.675,26.691,26.706,26.717,26.732,26.727,26.743,26.764,26.784,26.79,26.805,26.831,26.852,26.857,26.852,26.836,26.826,26.816,26.826,26.561,26.174,25.755,25.645,25.755,25.787,25.965,26.649,26.732,26.732,26.717,26.764,26.748,26.738,26.727,26.706,26.686,26.66,26.644,26.623,26.602,26.587,26.576,26.571,26.566,26.561,26.555,26.55,26.55,26.545,26.54,26.535,26.529,26.519,26.508,26.503,26.493,26.488,26.482,26.482,26.482,26.482,26.482,26.488,26.482,26.493,26.498,26.493,26.493,26.493,26.493,26.498,26.498,26.503,26.508,26.514,26.514,26.529,26.545,26.561,26.571,26.576,26.581,26.581,26.576,26.566,26.561,26.561,26.561,26.561,26.571,26.571,26.571,26.571,26.571,26.566,26.571,26.561,26.555,26.545,26.54,26.529,26.524,26.519,26.524,26.529,26.55,26.561,26.571,26.576,26.581,26.581,26.581,26.571,26.566,26.545,26.54,26.529,26.529,26.535,26.545,26.555,26.555,26.561,26.561,26.561,26.571,26.571,26.576,26.587,26.597,26.602,26.613,26.623,26.618,26.623,26.628,26.628,26.623,26.623,26.618,26.618,26.618,26.613,26.618,26.623,26.623,26.628,26.639,26.644,26.644,26.644,26.639,26.639,26.634,26.634,26.628,26.623,26.623,26.618,26.628,26.634,26.639,26.649,26.649,26.649,26.654,26.654,26.654,26.665,26.67,26.675,26.686,26.691,26.696,26.701,26.701,26.701,26.706,26.712,26.712,26.712,26.712,26.712,26.706,26.706,26.701,26.696,26.691,26.686,26.686,26.686,26.68,26.675,26.67,26.665,26.66,26.639,26.576,26.587,26.253,25.508,25.324,25.345,25.419,25.397,25.424,26.394,26.482,26.555,26.587,26.623,26.654,26.686,26.696,26.706,26.717,26.717,26.722,26.727,26.732,26.732,26.727,26.722,26.717,26.712,26.696,26.691,26.686,26.686,26.68,26.68,26.68,26.68,26.675,26.67,26.665,26.665,26.66,26.665,26.665,26.67,26.68,26.686,26.686,26.68,26.68,26.68,26.68,26.68,26.686,26.686,26.686,26.691,26.696,26.701,26.701,26.701,26.696,26.696,26.691,26.691,26.691,26.696,26.701,26.696,26.701,26.706,26.706,26.701,26.701,26.696,26.701,26.696,26.696,26.691,26.691,26.686,26.68,26.68,26.675,26.67,26.67,26.665,26.665,26.654,26.654,26.649,26.654,26.66,26.66,26.67,26.67,26.68,26.68,26.68,26.691,26.691,26.686,26.686,26.675,26.67,26.675,26.675,26.68,26.691,26.696,26.696,26.696,26.696,26.701,26.696,26.696,26.706,26.701,26.701,26.691,26.686,26.68,26.68,26.68,26.675
,26.31,26.315,26.31,26.3,26.295,26.342,26.326,26.326,26.321,26.305,26.315,26.305,26.3,26.305,26.31,26.331,26.342,26.347,26.352,26.352,26.347,26.347,26.347,26.342,26.336,26.347,26.342,26.347,26.352,26.352,26.352,26.352,26.357,26.357,26.368,26.378,26.383,26.394,26.404,26.409,26.415,26.425,26.425,26.43,26.43,26.435,26.446,26.451,26.462,26.472,26.488,26.498,26.514,26.519,26.529,26.535,26.55,26.555,26.576,26.587,26.607,26.618,26.634,26.639,26.644,26.665,26.675,26.686,26.701,26.712,26.717,26.727,26.743,26.769,26.779,26.79,26.805,26.8,26.805,26.81,26.81,26.764,26.68,26.274,25.991,25.566,25.655,25.802,25.682,26.451,26.665,26.696,26.712,26.738,26.727,26.727,26.717,26.696,26.68,26.66,26.639,26.623,26.607,26.592,26.581,26.576,26.571,26.566,26.561,26.561,26.561,26.561,26.555,26.55,26.54,26.529,26.519,26.508,26.503,26.498,26.498,26.498,26.493,26.493,26.493,26.493,26.493,26.498,26.498,26.498,26.503,26.498,26.498,26.498,26.503,26.503,26.503,26.508,26.514,26.524,26.54,26.555,26.571,26.576,26.581,26.576,26.576,26.571,26.566,26.561,26.561,26.566,26.576,26.571,26.576,26.576,26.571,26.571,26.571,26.561,26.561,26.55,26.545,26.529,26.529,26.524,26.524,26.535,26.545,26.561,26.571,26.571,26.576,26.576,26.576,26.561,26.561,26.545,26.535,26.535,26.529,26.535,26.545,26.55,26.555,26.561,26.566,26.561,26.571,26.571,26.576,26.581,26.592,26.597,26.602,26.607,26.613,26.618,26.618,26.618,26.618,26.613,26.618,26.618,26.613,26.618,26.623,26.623,26.634,26.639,26.639,26.649,26.649,26.644,26.644,26.639,26.639,26.634,26.628,26.623,26.618,26.613,26.623,26.628,26.634,26.644,26.649,26.654,26.649,26.649,26.654,26.665,26.67,26.675,26.68,26.686,26.691,26.691,26.691,26.696,26.701,26.701,26.706,26.712,26.712,26.712,26.712,26.701,26.701,26.696,26.686,26.68,26.68,26.675,26.68,26.68,26.675,26.67,26.654,26.649,26.649,26.545,26.326,25.513,25.297,25.361,25.397,25.397,25.392,26.211,26.425,26.576,26.618,26.623,26.654,26.675,26.691,26.701,26.706,26.712,26.712,26.717,26.722,26.722,26.727,26.722,26.722,26.712,26.701,26.696,26.691,26.691,26.691,26.691,26.691,26.68,26.68,26.67,26.67,26.665,26.665,26.67,26.675,26.68,26.686,26.691,26.691,26.686,26.686,26.68,26.68,26.68,26.68,26.686,26.686,26.691,26.696,26.701,26.706,26.706,26.706,26.706,26.701,26.701,26.701,26.701,26.701,26.706,26.706,26.712,26.712,26.712,26.712,26.706,26.706,26.701,26.701,26.701,26.701,26.701,26.696,26.691,26.686,26.68,26.675,26.67,26.665,26.665,26.654,26.649,26.649,26.649,26.654,26.66,26.67,26.67,26.67,26.675,26.686,26.691,26.691,26.686,26.68,26.675,26.675,26.675,26.686,26.691,26.696,26.701,26.701,26.701,26.706,26.701,26.701,26.706,26.706,26.701,26.701,26.696,26.686,26.686,26.686,26.686
,26.347,26.342,26.347,26.347,26.347,26.352,26.357,26.352,26.342,26.331,26.326,26.336,26.331,26.336,26.357,26.362,26.362,26.368,26.378,26.373,26.368,26.373,26.373,26.368,26.368,26.368,26.368,26.368,26.378,26.373,26.378,26.378,26.378,26.378,26.389,26.394,26.404,26.409,26.425,26.425,26.435,26.441,26.435,26.441,26.441,26.446,26.446,26.451,26.456,26.467,26.477,26.493,26.503,26.503,26.503,26.514,26.519,26.524,26.545,26.55,26.566,26.571,26.587,26.597,26.607,26.623,26.628,26.649,26.654,26.665,26.675,26.68,26.691,26.701,26.717,26.738,26.753,26.758,26.764,26.779,26.81,26.852,26.732,26.634,25.986,25.724,25.582,25.734,25.676,25.787,26.592,26.644,26.706,26.686,26.712,26.706,26.696,26.691,26.675,26.654,26.639,26.618,26.602,26.592,26.587,26.576,26.576,26.576,26.571,26.571,26.571,26.566,26.561,26.555,26.545,26.535,26.524,26.519,26.514,26.514,26.508,26.514,26.503,26.503,26.503,26.498,26.503,26.503,26.508,26.508,26.514,26.508,26.508,26.508,26.503,26.503,26.503,26.508,26.508,26.524,26.54,26.555,26.566,26.571,26.576,26.576,26.571,26.566,26.571,26.566,26.566,26.571,26.576,26.581,26.576,26.576,26.576,26.576,26.576,26.566,26.566,26.555,26.55,26.535,26.535,26.529,26.535,26.54,26.545,26.561,26.566,26.566,26.571,26.566,26.566,26.555,26.55,26.54,26.535,26.535,26.529,26.535,26.545,26.55,26.555,26.561,26.561,26.566,26.571,26.566,26.576,26.576,26.581,26.587,26.597,26.602,26.613,26.613,26.613,26.613,26.607,26.602,26.607,26.607,26.613,26.618,26.618,26.628,26.634,26.639,26.644,26.649,26.649,26.649,26.644,26.639,26.644,26.639,26.634,26.623,26.613,26.618,26.618,26.618,26.628,26.639,26.639,26.644,26.649,26.649,26.649,26.654,26.665,26.665,26.675,26.68,26.686,26.686,26.686,26.696,26.696,26.696,26.701,26.706,26.712,26.706,26.706,26.701,26.696,26.691,26.68,26.675,26.675,26.675,26.68,26.68,26.675,26.675,26.644,26.67,26.644,26.446,26.331,25.724,25.255,25.35,25.334,25.339,25.339,26.227,26.451,26.514,26.55,26.618,26.644,26.665,26.68,26.691,26.696,26.696,26.706,26.712,26.717,26.722,26.722,26.722,26.717,26.712,26.701,26.701,26.696,26.696,26.696,26.696,26.696,26.691,26.686,26.68,26.675,26.675,26.675,26.686,26.686,26.691,26.696,26.701,26.706,26.696,26.691,26.686,26.68,26.68,26.68,26.68,26.686,26.691,26.696,26.706,26.712,26.712,26.712,26.712,26.706,26.706,26.706,26.706,26.706,26.712,26.712,26.717,26.717,26.717,26.712,26.706,26.706,26.706,26.706,26.706,26.706,26.706,26.706,26.696,26.696,26.686,26.68,26.67,26.66,26.654,26.654,26.649,26.644,26.639,26.644,26.649,26.654,26.654,26.665,26.67,26.686,26.691,26.696,26.691,26.686,26.675,26.675,26.68,26.686,26.696,26.701,26.706,26.706,26.712,26.712,26.712,26.712,26.706,26.706,26.701,26.696,26.696,26.691,26.691,26.691,26.686
,26.389,26.389,26.383,26.389,26.389,26.389,26.389,26.383,26.378,26.368,26.368,26.368,26.373,26.378,26.383,26.394,26.399,26.399,26.399,26.399,26.399,26.399,26.394,26.394,26.389,26.389,26.389,26.394,26.399,26.399,26.399,26.399,26.399,26.399,26.404,26.404,26.415,26.425,26.435,26.441,26.441,26.441,26.446,26.451,26.451,26.456,26.456,26.456,26.467,26.467,26.472,26.477,26.482,26.493,26.488,26.488,26.493,26.498,26.503,26.524,26.519,26.535,26.545,26.555,26.566,26.576,26.587,26.597,26.607,26.618,26.628,26.634,26.639,26.654,26.675,26.691,26.701,26.717,26.722,26.722,26.712,26.665,26.644,26.623,26.232,25.745,25.429,25.534,25.75,25.64,26.148,26.66,26.613,26.639,26.665,26.68,26.686,26.675,26.665,26.644,26.628,26.613,26.602,26.592,26.581,26.576,26.576,26.576,26.576,26.576,26.571,26.571,26.566,26.555,26.545,26.535,26.524,26.519,26.514,26.519,26.519,26.519,26.519,26.514,26.514,26.508,26.508,26.508,26.508,26.514,26.514,26.514,26.514,26.508,26.508,26.503,26.503,26.508,26.508,26.519,26.535,26.55,26.561,26.571,26.571,26.571,26.571,26.571,26.571,26.576,26.576,26.576,26.581,26.581,26.581,26.581,26.581,26.581,26.581,26.576,26.571,26.566,26.555,26.545,26.54,26.54,26.54,26.54,26.55,26.555,26.561,26.561,26.561,26.561,26.555,26.55,26.545,26.54,26.535,26.535,26.535,26.54,26.545,26.55,26.555,26.561,26.566,26.566,26.571,26.566,26.566,26.566,26.571,26.571,26.587,26.597,26.602,26.607,26.607,26.607,26.602,26.602,26.602,26.607,26.607,26.613,26.618,26.628,26.634,26.639,26.644,26.649,26.649,26.649,26.649,26.649,26.644,26.639,26.634,26.628,26.618,26.618,26.613,26.618,26.623,26.634,26.639,26.639,26.639,26.644,26.644,26.649,26.654,26.66,26.67,26.675,26.68,26.68,26.686,26.686,26.686,26.696,26.701,26.701,26.706,26.701,26.701,26.701,26.691,26.686,26.675,26.67,26.67,26.67,26.675,26.675,26.675,26.67,26.665,26.654,26.639,26.514,26.383,26.017,25.255,25.297,25.318,25.324,25.324,26.028,26.488,26.482,26.592,26.628,26.649,26.665,26.68,26.686,26.691,26.696,26.706,26.706,26.712,26.717,26.717,26.717,26.717,26.712,26.701,26.701,26.701,26.701,26.706,26.701,26.701,26.701,26.696,26.691,26.691,26.691,26.696,26.701,26.701,26.706,26.706,26.712,26.717,26.706,26.701,26.691,26.686,26.686,26.68,26.686,26.686,26.691,26.696,26.706,26.712,26.717,26.717,26.717,26.712,26.712,26.712,26.712,26.712,26.717,26.717,26.722,26.722,26.722,26.717,26.706,26.712,26.706,26.712,26.712,26.712,26.712,26.712,26.706,26.701,26.686,26.68,26.67,26.66,26.654,26.649,26.649,26.644,26.644,26.639,26.639,26.644,26.649,26.654,26.66,26.675,26.691,26.696,26.691,26.686,26.68,26.68,26.68,26.686,26.696,26.701,26.706,26.706,26.712,26.712,26.712,26.706,26.706,26.701,26.696,26.696,26.696,26.691,26.696,26.691,26.686
,26.415,26.409,26.415,26.415,26.415,26.409,26.404,26.404,26.399,26.394,26.394,26.394,26.394,26.399,26.404,26.409,26.415,26.409,26.415,26.409,26.409,26.409,26.415,26.409,26.409,26.409,26.409,26.409,26.409,26.415,26.42,26.42,26.42,26.415,26.415,26.42,26.425,26.435,26.441,26.446,26.451,26.451,26.456,26.462,26.462,26.462,26.462,26.462,26.467,26.467,26.477,26.477,26.477,26.477,26.472,26.472,26.472,26.472,26.477,26.488,26.498,26.503,26.519,26.519,26.535,26.545,26.555,26.561,26.571,26.581,26.587,26.597,26.607,26.623,26.634,26.644,26.654,26.675,26.686,26.686,26.68,26.66,26.623,26.592,26.524,25.818,25.513,25.366,25.655,25.729,25.918,26.54,26.607,26.607,26.623,26.644,26.66,26.654,26.644,26.628,26.618,26.602,26.597,26.587,26.581,26.581,26.581,26.581,26.576,26.571,26.571,26.566,26.561,26.555,26.545,26.529,26.524,26.519,26.524,26.524,26.529,26.524,26.524,26.519,26.519,26.514,26.508,26.514,26.514,26.514,26.519,26.519,26.519,26.514,26.514,26.508,26.508,26.508,26.508,26.519,26.529,26.54,26.55,26.555,26.555,26.566,26.561,26.566,26.571,26.571,26.576,26.581,26.581,26.576,26.581,26.581,26.581,26.581,26.581,26.581,26.571,26.566,26.561,26.55,26.545,26.545,26.545,26.545,26.545,26.55,26.555,26.55,26.55,26.55,26.545,26.545,26.54,26.535,26.529,26.535,26.535,26.535,26.545,26.555,26.561,26.561,26.566,26.566,26.571,26.561,26.561,26.555,26.555,26.566,26.571,26.587,26.597,26.602,26.607,26.607,26.602,26.602,26.597,26.602,26.602,26.613,26.613,26.628,26.634,26.644,26.644,26.649,26.649,26.649,26.649,26.649,26.644,26.639,26.639,26.628,26.623,26.618,26.618,26.613,26.623,26.628,26.634,26.634,26.634,26.634,26.639,26.644,26.649,26.654,26.665,26.67,26.675,26.68,26.68,26.68,26.686,26.686,26.696,26.696,26.696,26.696,26.691,26.691,26.691,26.675,26.67,26.665,26.66,26.665,26.67,26.67,26.67,26.67,26.654,26.634,26.628,26.456,26.43,26.127,25.176,25.334,25.334,25.318,25.334,25.724,26.206,26.55,26.634,26.613,26.649,26.665,26.675,26.68,26.691,26.691,26.701,26.706,26.706,26.712,26.712,26.712,26.706,26.706,26.701,26.696,26.696,26.701,26.706,26.712,26.706,26.706,26.701,26.701,26.701,26.701,26.706,26.712,26.717,26.717,26.722,26.722,26.717,26.717,26.706,26.701,26.696,26.691,26.686,26.686,26.691,26.691,26.696,26.706,26.712,26.717,26.717,26.717,26.717,26.717,26.717,26.722,26.717,26.722,26.727,26.727,26.722,26.722,26.717,26.706,26.712,26.706,26.717,26.717,26.717,26.717,26.706,26.706,26.696,26.686,26.675,26.67,26.66,26.654,26.649,26.649,26.644,26.644,26.634,26.634,26.634,26.639,26.649,26.66,26.675,26.68,26.691,26.686,26.686,26.68,26.675,26.68,26.686,26.696,26.701,26.706,26.712,26.712,26.712,26.706,26.701,26.701,26.691,26.686,26.686,26.686,26.686,26.691,26.691,26.686
,26.441,26.435,26.435,26.435,26.43,26.425,26.425,26.42,26.42,26.42,26.415,26.42,26.42,26.42,26.42,26.42,26.425,26.425,26.425,26.42,26.415,26.415,26.415,26.415,26.42,26.42,26.415,26.42,26.425,26.42,26.425,26.425,26.42,26.42,26.425,26.425,26.435,26.441,26.446,26.451,26.456,26.456,26.462,26.462,26.462,26.467,26.467,26.467,26.467,26.467,26.472,26.477,26.472,26.467,26.462,26.462,26.462,26.456,26.462,26.467,26.477,26.482,26.493,26.503,26.514,26.519,26.529,26.535,26.54,26.555,26.555,26.566,26.576,26.592,26.597,26.607,26.618,26.639,26.649,26.649,26.654,26.634,26.634,26.644,26.561,26.127,25.687,25.466,25.555,25.634,25.634,26.284,26.571,26.581,26.597,26.623,26.634,26.628,26.623,26.618,26.607,26.602,26.592,26.581,26.576,26.581,26.581,26.581,26.576,26.566,26.566,26.561,26.555,26.55,26.54,26.529,26.519,26.514,26.519,26.524,26.529,26.529,26.524,26.524,26.519,26.514,26.514,26.514,26.514,26.514,26.519,26.519,26.519,26.519,26.514,26.514,26.508,26.514,26.514,26.514,26.529,26.529,26.54,26.545,26.55,26.555,26.555,26.566,26.566,26.571,26.576,26.576,26.581,26.576,26.576,26.581,26.581,26.576,26.581,26.576,26.571,26.561,26.555,26.55,26.545,26.54,26.54,26.545,26.545,26.55,26.55,26.55,26.545,26.545,26.54,26.54,26.535,26.529,26.529,26.529,26.529,26.535,26.55,26.555,26.561,26.561,26.566,26.561,26.566,26.555,26.545,26.545,26.55,26.555,26.561,26.581,26.581,26.592,26.597,26.597,26.597,26.592,26.592,26.592,26.597,26.602,26.607,26.613,26.628,26.634,26.639,26.644,26.649,26.649,26.639,26.644,26.644,26.639,26.634,26.628,26.618,26.613,26.613,26.618,26.623,26.623,26.628,26.623,26.623,26.628,26.628,26.639,26.644,26.649,26.66,26.665,26.67,26.675,26.675,26.675,26.675,26.68,26.686,26.686,26.686,26.68,26.686,26.68,26.675,26.67,26.665,26.665,26.665,26.66,26.67,26.67,26.665,26.654,26.649,26.634,26.587,26.54,26.399,26.132,25.555,25.26,25.308,25.313,25.318,25.503,26.493,26.555,26.566,26.644,26.644,26.66,26.675,26.68,26.686,26.691,26.701,26.706,26.701,26.706,26.706,26.701,26.701,26.696,26.696,26.696,26.696,26.696,26.706,26.712,26.706,26.712,26.706,26.706,26.712,26.712,26.722,26.727,26.727,26.732,26.732,26.732,26.727,26.722,26.717,26.706,26.701,26.696,26.696,26.691,26.691,26.696,26.696,26.706,26.706,26.712,26.717,26.722,26.717,26.722,26.722,26.722,26.727,26.727,26.727,26.727,26.722,26.722,26.712,26.706,26.712,26.712,26.712,26.717,26.717,26.717,26.712,26.701,26.696,26.686,26.675,26.67,26.66,26.649,26.649,26.649,26.644,26.644,26.639,26.634,26.634,26.634,26.639,26.66,26.675,26.68,26.686,26.686,26.68,26.68,26.68,26.68,26.686,26.686,26.691,26.701,26.712,26.706,26.712,26.706,26.701,26.691,26.68,26.675,26.675,26.675,26.675,26.68,26.68,26.68
,26.451,26.451,26.446,26.441,26.441,26.435,26.43,26.43,26.43,26.425,26.43,26.435,26.435,26.435,26.435,26.435,26.435,26.435,26.425,26.42,26.42,26.42,26.42,26.42,26.42,26.425,26.425,26.425,26.43,26.43,26.43,26.425,26.43,26.425,26.43,26.435,26.441,26.446,26.451,26.456,26.456,26.467,26.467,26.467,26.467,26.472,26.472,26.472,26.472,26.472,26.472,26.467,26.462,26.456,26.456,26.451,26.451,26.451,26.451,26.456,26.462,26.467,26.472,26.488,26.498,26.503,26.508,26.514,26.519,26.529,26.535,26.545,26.555,26.566,26.571,26.581,26.587,26.602,26.607,26.628,26.623,26.623,26.628,26.597,26.581,26.446,25.787,25.503,25.403,25.566,25.576,25.86,26.409,26.602,26.597,26.607,26.607,26.607,26.607,26.602,26.597,26.597,26.592,26.581,26.581,26.576,26.576,26.576,26.566,26.561,26.555,26.55,26.545,26.545,26.535,26.524,26.519,26.514,26.519,26.519,26.524,26.529,26.529,26.524,26.519,26.514,26.519,26.519,26.519,26.519,26.519,26.519,26.519,26.524,26.519,26.514,26.514,26.514,26.514,26.519,26.524,26.524,26.535,26.54,26.545,26.545,26.555,26.555,26.566,26.571,26.576,26.576,26.576,26.571,26.571,26.571,26.571,26.571,26.571,26.571,26.561,26.555,26.55,26.54,26.535,26.535,26.54,26.545,26.545,26.545,26.55,26.545,26.54,26.54,26.535,26.529,26.535,26.529,26.529,26.529,26.535,26.535,26.54,26.55,26.555,26.561,26.561,26.561,26.555,26.545,26.54,26.54,26.54,26.54,26.555,26.566,26.571,26.587,26.592,26.592,26.592,26.597,26.592,26.592,26.592,26.597,26.602,26.607,26.618,26.628,26.634,26.639,26.639,26.639,26.634,26.634,26.634,26.634,26.634,26.628,26.618,26.618,26.618,26.618,26.618,26.623,26.618,26.618,26.618,26.623,26.623,26.634,26.639,26.649,26.654,26.654,26.665,26.675,26.675,26.675,26.675,26.675,26.67,26.675,26.67,26.67,26.665,26.67,26.665,26.66,26.66,26.654,26.66,26.665,26.66,26.66,26.654,26.649,26.639,26.618,26.607,26.597,26.555,26.415,25.503,25.245,25.334,25.303,25.318,25.471,26.174,26.467,26.607,26.628,26.639,26.66,26.67,26.67,26.8,26.732,26.696,26.701,26.706,26.701,26.701,26.696,26.691,26.691,26.691,26.691,26.691,26.701,26.706,26.712,26.717,26.717,26.717,26.717,26.722,26.722,26.727,26.732,26.732,26.738,26.738,26.738,26.732,26.727,26.722,26.712,26.706,26.701,26.696,26.691,26.691,26.696,26.701,26.696,26.706,26.712,26.717,26.717,26.722,26.727,26.722,26.727,26.722,26.727,26.727,26.727,26.717,26.712,26.712,26.706,26.706,26.706,26.712,26.712,26.712,26.712,26.706,26.696,26.691,26.68,26.675,26.67,26.66,26.654,26.649,26.649,26.649,26.644,26.639,26.634,26.639,26.634,26.644,26.649,26.665,26.675,26.675,26.686,26.68,26.68,26.675,26.68,26.675,26.686,26.691,26.696,26.696,26.701,26.701,26.701,26.696,26.686,26.675,26.67,26.665,26.67,26.67,26.675,26.675,26.68
,26.462,26.456,26.456,26.451,26.451,26.441,26.435,26.435,26.435,26.43,26.435,26.441,26.441,26.446,26.446,26.441,26.441,26.435,26.425,26.425,26.42,26.42,26.42,26.42,26.42,26.43,26.43,26.43,26.43,26.43,26.43,26.43,26.425,26.43,26.43,26.435,26.446,26.446,26.456,26.462,26.467,26.472,26.467,26.472,26.472,26.472,26.472,26.472,26.472,26.467,26.467,26.467,26.456,26.456,26.451,26.446,26.446,26.446,26.446,26.451,26.451,26.451,26.462,26.472,26.488,26.493,26.493,26.503,26.508,26.514,26.514,26.529,26.535,26.545,26.55,26.555,26.566,26.571,26.581,26.592,26.602,26.607,26.607,26.623,26.597,26.498,26.106,25.634,25.339,25.45,25.497,25.634,26.101,26.493,26.561,26.587,26.571,26.592,26.597,26.597,26.592,26.587,26.581,26.576,26.576,26.576,26.571,26.566,26.561,26.555,26.545,26.545,26.545,26.535,26.529,26.519,26.514,26.514,26.514,26.519,26.524,26.524,26.524,26.519,26.519,26.519,26.519,26.519,26.514,26.514,26.519,26.519,26.519,26.524,26.519,26.519,26.519,26.514,26.514,26.519,26.519,26.524,26.529,26.535,26.535,26.54,26.55,26.555,26.566,26.566,26.571,26.571,26.571,26.566,26.561,26.566,26.561,26.561,26.566,26.561,26.555,26.545,26.54,26.529,26.529,26.529,26.535,26.535,26.54,26.54,26.54,26.54,26.535,26.535,26.529,26.524,26.524,26.524,26.524,26.529,26.535,26.535,26.545,26.55,26.555,26.555,26.555,26.555,26.545,26.54,26.529,26.524,26.529,26.54,26.55,26.555,26.571,26.576,26.587,26.587,26.592,26.587,26.592,26.587,26.592,26.592,26.597,26.602,26.607,26.623,26.623,26.628,26.628,26.628,26.628,26.628,26.628,26.623,26.623,26.618,26.613,26.618,26.618,26.618,26.613,26.618,26.618,26.623,26.623,26.618,26.623,26.634,26.639,26.644,26.649,26.654,26.66,26.67,26.67,26.675,26.675,26.665,26.665,26.665,26.66,26.66,26.66,26.665,26.654,26.66,26.654,26.66,26.66,26.66,26.66,26.654,26.649,26.644,26.634,26.623,26.607,26.571,26.508,26.305,25.587,25.255,25.313,25.339,25.303,25.339,26.19,26.519,26.571,26.607,26.628,26.649,26.665,26.675,26.665,26.675,26.691,26.701,26.701,26.696,26.696,26.686,26.68,26.686,26.68,26.686,26.691,26.696,26.706,26.712,26.717,26.712,26.717,26.717,26.722,26.727,26.727,26.732,26.738,26.738,26.738,26.738,26.732,26.727,26.717,26.712,26.706,26.701,26.701,26.691,26.696,26.696,26.696,26.701,26.706,26.712,26.717,26.722,26.722,26.727,26.727,26.727,26.727,26.722,26.722,26.717,26.712,26.706,26.706,26.701,26.701,26.701,26.706,26.706,26.706,26.706,26.696,26.691,26.68,26.675,26.67,26.67,26.66,26.654,26.66,26.66,26.649,26.654,26.644,26.644,26.639,26.639,26.644,26.654,26.66,26.665,26.67,26.67,26.67,26.67,26.665,26.67,26.675,26.68,26.68,26.686,26.691,26.691,26.696,26.691,26.686,26.675,26.665,26.66,26.66,26.66,26.665,26.67,26.675,26.68
,26.467,26.462,26.462,26.456,26.451,26.446,26.441,26.435,26.435,26.435,26.435,26.446,26.451,26.451,26.451,26.451,26.451,26.435,26.435,26.425,26.42,26.42,26.415,26.42,26.42,26.425,26.43,26.43,26.43,26.43,26.43,26.425,26.425,26.43,26.435,26.441,26.441,26.446,26.456,26.467,26.472,26.467,26.472,26.472,26.472,26.472,26.467,26.467,26.467,26.467,26.467,26.462,26.456,26.451,26.446,26.446,26.441,26.435,26.435,26.441,26.441,26.446,26.456,26.462,26.472,26.482,26.493,26.488,26.493,26.503,26.508,26.514,26.519,26.529,26.535,26.54,26.545,26.555,26.561,26.571,26.581,26.581,26.576,26.597,26.576,26.535,26.357,25.776,25.487,25.376,25.419,25.529,25.886,26.389,26.503,26.524,26.561,26.581,26.576,26.581,26.581,26.581,26.581,26.576,26.571,26.566,26.566,26.561,26.555,26.55,26.545,26.545,26.54,26.535,26.529,26.519,26.508,26.508,26.508,26.514,26.524,26.524,26.524,26.524,26.524,26.524,26.524,26.519,26.514,26.514,26.519,26.514,26.519,26.529,26.524,26.524,26.519,26.519,26.519,26.519,26.519,26.524,26.529,26.529,26.535,26.535,26.545,26.55,26.555,26.555,26.561,26.566,26.566,26.561,26.561,26.555,26.55,26.55,26.55,26.55,26.545,26.54,26.535,26.529,26.519,26.519,26.524,26.529,26.529,26.535,26.535,26.529,26.529,26.524,26.519,26.519,26.519,26.519,26.524,26.529,26.529,26.535,26.535,26.54,26.54,26.545,26.55,26.55,26.545,26.535,26.529,26.524,26.529,26.535,26.545,26.55,26.566,26.566,26.576,26.581,26.587,26.581,26.581,26.581,26.587,26.587,26.587,26.592,26.602,26.607,26.618,26.618,26.623,26.623,26.623,26.623,26.623,26.618,26.618,26.618,26.613,26.618,26.618,26.618,26.618,26.618,26.613,26.613,26.618,26.623,26.623,26.634,26.639,26.644,26.654,26.66,26.665,26.67,26.67,26.675,26.67,26.665,26.66,26.654,26.654,26.654,26.654,26.654,26.654,26.654,26.654,26.66,26.66,26.654,26.66,26.649,26.644,26.639,26.634,26.623,26.597,26.581,26.467,26.362,25.629,25.25,25.355,25.287,25.292,25.318,26.075,26.503,26.456,26.581,26.613,26.644,26.66,26.67,26.68,26.686,26.691,26.696,26.696,26.691,26.691,26.686,26.68,26.68,26.68,26.68,26.686,26.691,26.701,26.712,26.717,26.717,26.717,26.717,26.717,26.717,26.722,26.727,26.727,26.732,26.738,26.732,26.727,26.722,26.722,26.712,26.701,26.701,26.701,26.691,26.691,26.696,26.696,26.696,26.706,26.712,26.717,26.717,26.722,26.727,26.727,26.722,26.722,26.722,26.717,26.712,26.706,26.701,26.701,26.696,26.696,26.696,26.696,26.696,26.701,26.696,26.691,26.686,26.675,26.675,26.67,26.67,26.665,26.665,26.665,26.665,26.665,26.66,26.654,26.654,26.649,26.649,26.649,26.654,26.654,26.66,26.665,26.665,26.66,26.66,26.66,26.66,26.66,26.67,26.675,26.675,26.68,26.686,26.686,26.68,26.675,26.665,26.66,26.654,26.654,26.654,26.665,26.67,26.675,26.67
,26.472,26.472,26.467,26.462,26.456,26.451,26.441,26.435,26.435,26.435,26.435,26.446,26.451,26.462,26.462,26.462,26.456,26.446,26.441,26.435,26.425,26.42,26.415,26.415,26.415,26.42,26.42,26.42,26.425,26.43,26.425,26.425,26.43,26.43,26.435,26.435,26.446,26.451,26.456,26.467,26.472,26.477,26.472,26.472,26.467,26.467,26.467,26.462,26.462,26.462,26.462,26.462,26.451,26.451,26.446,26.441,26.441,26.441,26.441,26.441,26.441,26.441,26.446,26.451,26.467,26.472,26.477,26.482,26.493,26.493,26.498,26.503,26.508,26.514,26.524,26.529,26.529,26.54,26.545,26.55,26.555,26.561,26.561,26.545,26.508,26.571,26.347,26.143,25.513,25.292,25.382,25.408,25.476,26.049,26.43,26.529,26.508,26.535,26.561,26.566,26.576,26.576,26.576,26.576,26.571,26.566,26.561,26.555,26.55,26.55,26.545,26.545,26.545,26.535,26.524,26.519,26.508,26.508,26.508,26.508,26.519,26.524,26.524,26.529,26.529,26.529,26.524,26.524,26.519,26.514,26.519,26.519,26.529,26.529,26.529,26.529,26.529,26.524,26.519,26.519,26.519,26.524,26.524,26.529,26.535,26.535,26.54,26.545,26.55,26.55,26.555,26.555,26.555,26.555,26.545,26.545,26.545,26.54,26.54,26.54,26.535,26.529,26.519,26.514,26.514,26.514,26.514,26.519,26.524,26.524,26.524,26.524,26.519,26.519,26.519,26.514,26.519,26.519,26.524,26.524,26.529,26.529,26.529,26.529,26.535,26.54,26.545,26.545,26.545,26.535,26.529,26.529,26.529,26.529,26.535,26.55,26.555,26.561,26.566,26.571,26.571,26.576,26.576,26.581,26.581,26.581,26.587,26.587,26.592,26.597,26.607,26.613,26.613,26.618,26.618,26.618,26.618,26.613,26.613,26.613,26.618,26.618,26.618,26.618,26.618,26.613,26.613,26.613,26.613,26.618,26.623,26.634,26.644,26.649,26.654,26.66,26.665,26.675,26.675,26.67,26.665,26.665,26.66,26.654,26.649,26.649,26.644,26.649,26.649,26.649,26.654,26.654,26.654,26.654,26.649,26.649,26.644,26.634,26.628,26.623,26.607,26.581,26.503,26.389,25.923,25.281,25.303,25.334,25.287,25.297,25.813,26.451,26.43,26.555,26.597,26.628,26.644,26.66,26.675,26.68,26.691,26.691,26.696,26.696,26.691,26.686,26.675,26.68,26.68,26.68,26.68,26.691,26.696,26.712,26.712,26.717,26.712,26.712,26.706,26.712,26.717,26.722,26.727,26.727,26.727,26.727,26.722,26.722,26.717,26.706,26.701,26.701,26.696,26.691,26.696,26.691,26.686,26.701,26.706,26.712,26.717,26.722,26.722,26.722,26.727,26.722,26.722,26.717,26.712,26.706,26.701,26.696,26.696,26.691,26.691,26.691,26.691,26.691,26.696,26.691,26.686,26.68,26.675,26.67,26.67,26.67,26.67,26.67,26.67,26.67,26.67,26.665,26.665,26.66,26.654,26.649,26.649,26.649,26.654,26.654,26.649,26.649,26.644,26.644,26.644,26.649,26.649,26.654,26.66,26.665,26.675,26.675,26.675,26.675,26.665,26.665,26.654,26.654,26.654,26.66,26.665,26.67,26.675,26.675
,26.482,26.472,26.472,26.467,26.462,26.456,26.446,26.441,26.435,26.43,26.435,26.451,26.456,26.462,26.467,26.467,26.462,26.451,26.446,26.435,26.425,26.425,26.415,26.415,26.415,26.415,26.42,26.42,26.425,26.425,26.425,26.43,26.425,26.435,26.435,26.435,26.435,26.441,26.456,26.462,26.472,26.477,26.477,26.472,26.467,26.456,26.462,26.456,26.456,26.456,26.456,26.456,26.451,26.446,26.441,26.435,26.435,26.43,26.43,26.43,26.43,26.435,26.441,26.446,26.462,26.467,26.477,26.477,26.482,26.482,26.488,26.488,26.493,26.503,26.508,26.508,26.514,26.529,26.529,26.535,26.545,26.545,26.54,26.54,26.498,26.503,26.451,26.232,25.771,25.35,25.313,25.371,25.387,25.787,26.232,26.467,26.535,26.508,26.529,26.55,26.561,26.566,26.576,26.571,26.571,26.561,26.555,26.555,26.55,26.55,26.545,26.545,26.54,26.535,26.524,26.514,26.503,26.498,26.503,26.514,26.514,26.524,26.524,26.529,26.524,26.529,26.524,26.524,26.519,26.514,26.514,26.524,26.529,26.529,26.535,26.529,26.529,26.524,26.519,26.519,26.519,26.524,26.524,26.529,26.529,26.535,26.535,26.535,26.54,26.545,26.55,26.55,26.545,26.545,26.54,26.535,26.529,26.529,26.535,26.524,26.524,26.519,26.514,26.508,26.503,26.498,26.498,26.508,26.508,26.514,26.519,26.514,26.519,26.514,26.514,26.514,26.514,26.519,26.519,26.524,26.524,26.524,26.524,26.519,26.529,26.535,26.535,26.545,26.54,26.54,26.529,26.524,26.529,26.529,26.54,26.545,26.55,26.555,26.566,26.566,26.566,26.571,26.571,26.576,26.576,26.581,26.581,26.581,26.587,26.592,26.602,26.607,26.613,26.613,26.613,26.618,26.613,26.613,26.613,26.613,26.613,26.613,26.618,26.613,26.613,26.613,26.607,26.613,26.613,26.618,26.623,26.639,26.644,26.649,26.654,26.66,26.665,26.675,26.675,26.67,26.665,26.66,26.66,26.654,26.644,26.644,26.649,26.649,26.649,26.649,26.654,26.654,26.654,26.654,26.649,26.644,26.644,26.634,26.628,26.613,26.592,26.602,26.566,26.394,26.216,25.45,25.218,25.339,25.355,25.355,25.676,26.43,26.54,26.535,26.576,26.607,26.634,26.654,26.665,26.68,26.691,26.691,26.696,26.691,26.691,26.686,26.68,26.68,26.68,26.675,26.68,26.686,26.691,26.701,26.706,26.717,26.712,26.701,26.701,26.701,26.706,26.712,26.717,26.722,26.722,26.722,26.722,26.717,26.712,26.706,26.701,26.701,26.701,26.696,26.696,26.712,26.67,26.701,26.701,26.712,26.717,26.722,26.722,26.732,26.722,26.722,26.717,26.712,26.706,26.701,26.696,26.691,26.691,26.686,26.691,26.686,26.686,26.686,26.691,26.686,26.68,26.675,26.67,26.67,26.67,26.67,26.675,26.675,26.675,26.68,26.68,26.68,26.67,26.665,26.66,26.654,26.654,26.649,26.644,26.644,26.639,26.639,26.634,26.634,26.634,26.639,26.639,26.649,26.654,26.66,26.665,26.67,26.675,26.665,26.665,26.66,26.649,26.649,26.649,26.66,26.665,26.665,26.67,26.675
,26.488,26.477,26.477,26.472,26.467,26.462,26.451,26.441,26.435,26.435,26.446,26.451,26.462,26.467,26.472,26.467,26.462,26.456,26.446,26.435,26.435,26.43,26.42,26.415,26.415,26.415,26.425,26.425,26.43,26.435,26.43,26.435,26.435,26.435,26.435,26.43,26.435,26.441,26.456,26.467,26.472,26.477,26.477,26.472,26.467,26.456,26.451,26.451,26.451,26.451,26.451,26.456,26.451,26.451,26.441,26.441,26.435,26.43,26.43,26.435,26.43,26.43,26.435,26.441,26.456,26.462,26.472,26.477,26.477,26.482,26.482,26.482,26.482,26.488,26.493,26.498,26.503,26.514,26.519,26.524,26.535,26.529,26.529,26.524,26.514,26.493,26.462,26.274,25.892,25.492,25.271,25.324,25.419,25.324,26.059,26.404,26.441,26.477,26.498,26.529,26.545,26.555,26.566,26.571,26.571,26.561,26.555,26.55,26.55,26.545,26.55,26.55,26.545,26.54,26.524,26.508,26.503,26.498,26.503,26.508,26.519,26.519,26.524,26.529,26.529,26.529,26.524,26.519,26.514,26.514,26.519,26.519,26.529,26.529,26.535,26.529,26.529,26.524,26.524,26.519,26.524,26.524,26.524,26.529,26.535,26.529,26.54,26.535,26.54,26.54,26.54,26.545,26.54,26.54,26.535,26.529,26.529,26.524,26.519,26.519,26.519,26.514,26.508,26.498,26.498,26.493,26.493,26.493,26.498,26.503,26.508,26.508,26.514,26.514,26.514,26.514,26.519,26.519,26.519,26.514,26.519,26.519,26.519,26.524,26.524,26.529,26.535,26.535,26.54,26.535,26.535,26.535,26.535,26.529,26.54,26.545,26.545,26.55,26.555,26.561,26.561,26.566,26.571,26.571,26.576,26.571,26.571,26.576,26.581,26.587,26.592,26.597,26.602,26.607,26.613,26.613,26.613,26.613,26.613,26.613,26.613,26.607,26.613,26.607,26.602,26.607,26.607,26.602,26.607,26.613,26.623,26.634,26.644,26.649,26.654,26.66,26.67,26.675,26.675,26.67,26.665,26.665,26.66,26.66,26.654,26.654,26.649,26.649,26.649,26.649,26.649,26.654,26.654,26.654,26.649,26.649,26.644,26.639,26.628,26.618,26.607,26.54,26.519,26.383,26.237,25.519,25.197,25.324,25.292,25.239,25.54,26.441,26.446,26.508,26.555,26.597,26.618,26.644,26.66,26.67,26.686,26.691,26.696,26.691,26.691,26.691,26.691,26.68,26.68,26.675,26.675,26.675,26.686,26.691,26.701,26.706,26.701,26.696,26.696,26.691,26.696,26.701,26.706,26.717,26.717,26.717,26.717,26.717,26.712,26.706,26.701,26.696,26.701,26.696,26.701,26.712,26.722,26.774,26.712,26.722,26.722,26.722,26.722,26.727,26.722,26.722,26.712,26.712,26.706,26.701,26.696,26.686,26.691,26.691,26.691,26.691,26.686,26.686,26.691,26.68,26.68,26.675,26.675,26.675,26.675,26.68,26.675,26.68,26.68,26.686,26.68,26.68,26.68,26.67,26.67,26.665,26.654,26.649,26.644,26.634,26.628,26.623,26.618,26.623,26.628,26.634,26.639,26.639,26.644,26.654,26.66,26.665,26.67,26.67,26.665,26.66,26.654,26.654,26.66,26.665,26.67,26.67,26.67,26.675
,26.493,26.488,26.482,26.477,26.472,26.467,26.456,26.451,26.441,26.446,26.446,26.462,26.462,26.472,26.472,26.472,26.472,26.462,26.451,26.446,26.435,26.425,26.425,26.42,26.425,26.425,26.43,26.43,26.435,26.435,26.435,26.441,26.435,26.43,26.43,26.435,26.435,26.441,26.451,26.467,26.472,26.477,26.477,26.472,26.467,26.456,26.451,26.446,26.451,26.456,26.456,26.456,26.446,26.446,26.441,26.441,26.435,26.435,26.435,26.435,26.43,26.43,26.425,26.435,26.451,26.456,26.467,26.477,26.477,26.482,26.477,26.477,26.477,26.477,26.488,26.488,26.498,26.503,26.508,26.524,26.529,26.529,26.524,26.519,26.514,26.493,26.493,26.456,26.106,25.661,25.281,25.218,25.376,25.276,25.834,26.289,26.404,26.456,26.477,26.498,26.529,26.545,26.561,26.571,26.566,26.566,26.555,26.555,26.55,26.55,26.55,26.55,26.545,26.54,26.529,26.514,26.503,26.498,26.503,26.508,26.514,26.524,26.524,26.524,26.524,26.519,26.514,26.514,26.508,26.514,26.514,26.519,26.529,26.529,26.529,26.529,26.524,26.524,26.524,26.524,26.524,26.524,26.529,26.535,26.535,26.535,26.54,26.54,26.54,26.545,26.545,26.54,26.54,26.535,26.529,26.524,26.524,26.519,26.519,26.514,26.519,26.514,26.503,26.493,26.493,26.482,26.482,26.482,26.488,26.493,26.498,26.503,26.508,26.508,26.514,26.519,26.519,26.519,26.519,26.514,26.519,26.514,26.519,26.514,26.524,26.529,26.529,26.529,26.54,26.529,26.535,26.535,26.535,26.535,26.54,26.545,26.545,26.55,26.55,26.55,26.555,26.566,26.571,26.571,26.571,26.571,26.571,26.576,26.581,26.581,26.592,26.597,26.602,26.607,26.613,26.613,26.618,26.613,26.613,26.607,26.607,26.602,26.602,26.607,26.597,26.597,26.597,26.597,26.602,26.607,26.618,26.628,26.639,26.644,26.654,26.66,26.665,26.675,26.675,26.67,26.67,26.665,26.665,26.665,26.66,26.654,26.654,26.654,26.654,26.654,26.654,26.654,26.654,26.654,26.654,26.649,26.644,26.634,26.628,26.618,26.607,26.571,26.561,26.446,26.3,25.666,25.202,25.355,25.234,25.223,25.445,26.143,26.404,26.493,26.535,26.581,26.607,26.639,26.654,26.665,26.675,26.691,26.696,26.696,26.696,26.696,26.691,26.691,26.68,26.67,26.67,26.67,26.675,26.686,26.691,26.696,26.696,26.696,26.686,26.686,26.691,26.696,26.706,26.706,26.712,26.712,26.712,26.712,26.712,26.706,26.701,26.701,26.701,26.701,26.706,26.712,26.722,26.727,26.753,26.717,26.722,26.722,26.727,26.727,26.722,26.717,26.717,26.706,26.706,26.701,26.696,26.691,26.691,26.686,26.691,26.691,26.691,26.691,26.691,26.686,26.686,26.68,26.68,26.68,26.68,26.68,26.675,26.68,26.686,26.691,26.686,26.686,26.686,26.68,26.675,26.665,26.654,26.649,26.639,26.628,26.623,26.613,26.607,26.613,26.623,26.628,26.634,26.639,26.644,26.649,26.654,26.66,26.67,26.665,26.66,26.66,26.66,26.66,26.665,26.675,26.67,26.67,26.67,26.675
,26.493,26.488,26.488,26.482,26.477,26.472,26.467,26.456,26.451,26.451,26.451,26.462,26.467,26.472,26.477,26.477,26.472,26.467,26.456,26.446,26.435,26.43,26.43,26.425,26.43,26.43,26.441,26.441,26.441,26.446,26.435,26.441,26.441,26.435,26.435,26.441,26.441,26.446,26.456,26.467,26.472,26.477,26.482,26.477,26.467,26.462,26.456,26.446,26.451,26.456,26.456,26.451,26.446,26.441,26.441,26.441,26.435,26.441,26.435,26.43,26.43,26.43,26.425,26.43,26.441,26.451,26.462,26.467,26.472,26.472,26.472,26.472,26.472,26.472,26.482,26.482,26.488,26.493,26.503,26.514,26.524,26.529,26.524,26.519,26.508,26.503,26.488,26.357,26.305,25.823,25.324,25.218,25.245,25.324,25.513,26.038,26.399,26.435,26.435,26.467,26.503,26.535,26.55,26.561,26.561,26.561,26.555,26.55,26.55,26.545,26.545,26.55,26.545,26.54,26.529,26.514,26.508,26.503,26.508,26.514,26.519,26.524,26.519,26.519,26.514,26.514,26.514,26.514,26.508,26.514,26.519,26.524,26.529,26.529,26.529,26.524,26.524,26.524,26.524,26.524,26.524,26.529,26.529,26.535,26.529,26.54,26.54,26.535,26.54,26.545,26.545,26.545,26.54,26.535,26.535,26.524,26.524,26.519,26.519,26.514,26.514,26.508,26.503,26.493,26.482,26.472,26.472,26.472,26.477,26.482,26.493,26.498,26.503,26.508,26.519,26.519,26.519,26.524,26.524,26.519,26.519,26.514,26.514,26.514,26.519,26.519,26.524,26.535,26.535,26.535,26.535,26.535,26.54,26.54,26.54,26.54,26.545,26.55,26.55,26.555,26.561,26.566,26.571,26.571,26.571,26.566,26.571,26.576,26.576,26.581,26.587,26.592,26.602,26.607,26.607,26.613,26.613,26.607,26.613,26.602,26.602,26.602,26.597,26.597,26.592,26.592,26.587,26.587,26.587,26.597,26.607,26.623,26.634,26.639,26.644,26.66,26.66,26.67,26.67,26.67,26.67,26.67,26.67,26.67,26.67,26.665,26.67,26.66,26.66,26.66,26.66,26.654,26.66,26.66,26.654,26.654,26.649,26.639,26.628,26.623,26.613,26.597,26.613,26.441,26.404,25.771,25.181,25.266,25.213,25.266,25.308,25.965,26.435,26.456,26.54,26.561,26.602,26.623,26.644,26.66,26.675,26.691,26.696,26.701,26.701,26.701,26.696,26.691,26.686,26.675,26.67,26.665,26.67,26.68,26.68,26.686,26.686,26.686,26.68,26.686,26.68,26.691,26.696,26.701,26.701,26.706,26.712,26.712,26.712,26.706,26.701,26.701,26.701,26.706,26.717,26.717,26.717,26.722,26.717,26.722,26.722,26.722,26.727,26.727,26.722,26.722,26.717,26.717,26.706,26.706,26.701,26.696,26.696,26.696,26.696,26.701,26.696,26.701,26.701,26.696,26.691,26.691,26.686,26.691,26.686,26.686,26.68,26.686,26.686,26.686,26.691,26.686,26.686,26.686,26.675,26.67,26.665,26.649,26.639,26.623,26.613,26.613,26.613,26.613,26.623,26.628,26.634,26.639,26.644,26.649,26.654,26.66,26.665,26.665,26.67,26.67,26.665,26.67,26.67,26.675,26.675,26.675,26.67,26.675
,26.493,26.493,26.493,26.482,26.477,26.477,26.467,26.462,26.462,26.462,26.456,26.462,26.467,26.472,26.477,26.482,26.482,26.472,26.467,26.456,26.451,26.441,26.435,26.435,26.446,26.441,26.451,26.446,26.446,26.451,26.441,26.441,26.435,26.441,26.435,26.441,26.446,26.451,26.462,26.467,26.472,26.477,26.482,26.482,26.467,26.462,26.451,26.446,26.451,26.451,26.451,26.451,26.446,26.446,26.441,26.435,26.441,26.441,26.435,26.43,26.43,26.425,26.425,26.425,26.435,26.451,26.451,26.462,26.467,26.467,26.472,26.472,26.472,26.472,26.472,26.477,26.477,26.488,26.493,26.503,26.519,26.529,26.529,26.524,26.514,26.498,26.493,26.42,26.451,25.839,25.576,25.223,25.26,25.223,25.276,25.944,26.404,26.378,26.399,26.462,26.482,26.514,26.545,26.55,26.55,26.555,26.555,26.55,26.545,26.545,26.545,26.545,26.545,26.54,26.529,26.514,26.508,26.503,26.508,26.514,26.524,26.524,26.524,26.514,26.514,26.514,26.508,26.514,26.508,26.514,26.519,26.524,26.524,26.524,26.524,26.519,26.519,26.519,26.519,26.524,26.524,26.529,26.529,26.535,26.535,26.54,26.54,26.54,26.545,26.545,26.545,26.545,26.545,26.545,26.54,26.535,26.529,26.524,26.519,26.514,26.514,26.508,26.498,26.493,26.482,26.477,26.467,26.467,26.467,26.477,26.488,26.498,26.498,26.508,26.514,26.519,26.524,26.524,26.514,26.519,26.519,26.514,26.514,26.514,26.514,26.519,26.529,26.529,26.535,26.535,26.54,26.54,26.545,26.545,26.545,26.545,26.545,26.545,26.55,26.555,26.561,26.566,26.571,26.566,26.566,26.566,26.566,26.571,26.576,26.581,26.592,26.597,26.597,26.607,26.602,26.607,26.607,26.602,26.602,26.597,26.597,26.597,26.597,26.592,26.592,26.581,26.576,26.581,26.576,26.587,26.597,26.613,26.623,26.634,26.644,26.649,26.654,26.66,26.665,26.665,26.665,26.67,26.675,26.68,26.675,26.68,26.675,26.67,26.67,26.665,26.665,26.665,26.66,26.66,26.66,26.66,26.654,26.644,26.634,26.623,26.623,26.587,26.602,26.571,26.451,25.834,25.25,25.271,25.15,25.218,25.281,25.871,26.352,26.404,26.467,26.566,26.597,26.623,26.639,26.66,26.675,26.691,26.701,26.706,26.706,26.706,26.701,26.701,26.691,26.68,26.67,26.67,26.665,26.675,26.68,26.68,26.68,26.68,26.675,26.68,26.68,26.686,26.691,26.696,26.696,26.701,26.712,26.712,26.712,26.706,26.701,26.701,26.706,26.706,26.712,26.717,26.712,26.717,26.722,26.722,26.722,26.722,26.727,26.722,26.727,26.722,26.722,26.717,26.712,26.712,26.706,26.706,26.701,26.706,26.706,26.706,26.712,26.712,26.706,26.712,26.706,26.701,26.696,26.691,26.686,26.686,26.686,26.686,26.686,26.686,26.68,26.68,26.68,26.68,26.68,26.675,26.66,26.649,26.639,26.623,26.613,26.613,26.613,26.613,26.623,26.628,26.634,26.644,26.649,26.649,26.66,26.654,26.665,26.66,26.665,26.67,26.665,26.67,26.675,26.68,26.68,26.68,26.675,26.68
,26.493,26.493,26.488,26.482,26.482,26.472,26.467,26.467,26.462,26.456,26.462,26.467,26.472,26.477,26.477,26.482,26.482,26.477,26.472,26.467,26.456,26.451,26.446,26.446,26.451,26.456,26.456,26.456,26.456,26.451,26.446,26.446,26.441,26.441,26.446,26.446,26.451,26.456,26.467,26.472,26.472,26.477,26.482,26.477,26.472,26.462,26.451,26.446,26.446,26.451,26.446,26.446,26.446,26.441,26.441,26.441,26.441,26.441,26.441,26.435,26.43,26.43,26.43,26.43,26.435,26.435,26.446,26.451,26.462,26.467,26.467,26.467,26.467,26.467,26.472,26.472,26.477,26.482,26.498,26.508,26.519,26.524,26.529,26.524,26.519,26.498,26.488,26.43,26.373,26.342,25.792,25.25,25.223,25.229,25.297,25.413,26.054,26.42,26.389,26.441,26.472,26.503,26.524,26.535,26.545,26.545,26.55,26.545,26.545,26.545,26.545,26.545,26.545,26.54,26.529,26.514,26.514,26.514,26.514,26.524,26.524,26.529,26.524,26.514,26.508,26.508,26.508,26.508,26.508,26.514,26.519,26.524,26.524,26.524,26.519,26.519,26.514,26.519,26.519,26.519,26.524,26.529,26.529,26.535,26.535,26.54,26.54,26.54,26.54,26.545,26.555,26.555,26.555,26.555,26.545,26.54,26.535,26.529,26.529,26.519,26.514,26.508,26.498,26.493,26.482,26.472,26.462,26.462,26.462,26.467,26.477,26.488,26.498,26.503,26.508,26.514,26.519,26.519,26.514,26.514,26.519,26.514,26.514,26.514,26.514,26.524,26.524,26.524,26.535,26.535,26.54,26.545,26.55,26.55,26.555,26.545,26.55,26.555,26.555,26.561,26.566,26.561,26.566,26.561,26.566,26.566,26.571,26.571,26.576,26.581,26.587,26.592,26.597,26.602,26.602,26.602,26.597,26.597,26.592,26.592,26.597,26.592,26.587,26.587,26.581,26.576,26.571,26.571,26.571,26.576,26.592,26.607,26.618,26.628,26.639,26.644,26.649,26.649,26.654,26.654,26.665,26.675,26.68,26.691,26.686,26.686,26.68,26.68,26.68,26.675,26.675,26.67,26.665,26.665,26.665,26.665,26.654,26.649,26.644,26.634,26.628,26.592,26.623,26.514,26.55,26.059,25.339,25.234,25.239,25.239,25.186,25.708,26.305,26.425,26.503,26.55,26.597,26.618,26.639,26.66,26.675,26.696,26.706,26.712,26.712,26.712,26.706,26.706,26.696,26.686,26.68,26.675,26.67,26.675,26.68,26.68,26.675,26.675,26.675,26.68,26.686,26.686,26.691,26.691,26.696,26.701,26.706,26.712,26.712,26.706,26.706,26.706,26.706,26.712,26.712,26.717,26.717,26.717,26.722,26.722,26.722,26.727,26.732,26.732,26.732,26.727,26.727,26.722,26.722,26.717,26.717,26.712,26.717,26.717,26.717,26.722,26.717,26.717,26.717,26.717,26.712,26.712,26.701,26.696,26.686,26.686,26.675,26.68,26.68,26.675,26.675,26.67,26.67,26.67,26.67,26.67,26.665,26.654,26.639,26.634,26.623,26.613,26.613,26.618,26.623,26.634,26.639,26.649,26.654,26.654,26.66,26.66,26.66,26.665,26.67,26.67,26.675,26.67,26.675,26.68,26.68,26.68,26.686,26.68
,26.493,26.488,26.482,26.482,26.482,26.472,26.472,26.467,26.467,26.467,26.462,26.472,26.472,26.477,26.482,26.482,26.488,26.488,26.482,26.472,26.467,26.462,26.456,26.456,26.456,26.456,26.456,26.456,26.451,26.456,26.441,26.446,26.435,26.441,26.446,26.451,26.456,26.456,26.467,26.472,26.472,26.477,26.477,26.477,26.467,26.456,26.446,26.441,26.446,26.441,26.441,26.435,26.435,26.435,26.435,26.435,26.435,26.441,26.435,26.435,26.435,26.43,26.425,26.425,26.43,26.43,26.435,26.446,26.451,26.456,26.462,26.462,26.462,26.462,26.467,26.472,26.467,26.482,26.493,26.498,26.514,26.519,26.524,26.524,26.514,26.498,26.488,26.467,26.378,26.373,25.902,25.303,25.155,25.171,25.318,25.355,25.54,26.383,26.321,26.404,26.451,26.488,26.508,26.519,26.529,26.535,26.54,26.545,26.545,26.545,26.545,26.545,26.54,26.535,26.529,26.519,26.514,26.519,26.519,26.524,26.529,26.529,26.529,26.524,26.514,26.508,26.508,26.508,26.514,26.514,26.519,26.519,26.524,26.519,26.508,26.514,26.508,26.508,26.514,26.519,26.524,26.529,26.529,26.535,26.535,26.535,26.535,26.535,26.535,26.54,26.55,26.561,26.561,26.561,26.555,26.55,26.54,26.54,26.529,26.529,26.519,26.508,26.508,26.493,26.488,26.472,26.467,26.462,26.462,26.467,26.477,26.482,26.488,26.498,26.503,26.508,26.514,26.519,26.519,26.519,26.514,26.514,26.514,26.508,26.514,26.519,26.524,26.524,26.535,26.535,26.54,26.545,26.55,26.555,26.555,26.555,26.555,26.555,26.561,26.561,26.566,26.566,26.566,26.561,26.561,26.561,26.571,26.576,26.576,26.581,26.592,26.592,26.597,26.597,26.597,26.597,26.587,26.587,26.587,26.581,26.581,26.581,26.581,26.581,26.576,26.571,26.571,26.571,26.571,26.576,26.581,26.597,26.607,26.618,26.623,26.628,26.639,26.639,26.644,26.654,26.66,26.67,26.68,26.691,26.691,26.691,26.691,26.686,26.686,26.68,26.68,26.675,26.675,26.665,26.665,26.67,26.66,26.654,26.649,26.639,26.628,26.613,26.597,26.467,26.571,26.211,25.403,25.192,25.25,25.213,25.25,25.54,26.253,26.383,26.561,26.545,26.587,26.618,26.639,26.66,26.675,26.696,26.706,26.717,26.717,26.717,26.717,26.712,26.706,26.696,26.686,26.675,26.675,26.675,26.675,26.68,26.675,26.68,26.686,26.686,26.691,26.691,26.696,26.701,26.701,26.701,26.712,26.712,26.712,26.706,26.706,26.706,26.706,26.706,26.712,26.717,26.722,26.722,26.722,26.722,26.727,26.732,26.732,26.738,26.743,26.738,26.732,26.732,26.727,26.727,26.722,26.727,26.727,26.727,26.732,26.732,26.727,26.727,26.722,26.722,26.722,26.712,26.706,26.696,26.686,26.675,26.675,26.67,26.67,26.665,26.66,26.649,26.66,26.665,26.67,26.67,26.665,26.654,26.644,26.634,26.623,26.623,26.623,26.623,26.628,26.639,26.644,26.66,26.66,26.66,26.66,26.654,26.66,26.665,26.67,26.67,26.675,26.675,26.675,26.68,26.686,26.686,26.686,26.691
,26.488,26.488,26.488,26.488,26.482,26.477,26.472,26.467,26.462,26.467,26.462,26.467,26.472,26.477,26.482,26.493,26.493,26.493,26.488,26.482,26.472,26.472,26.462,26.462,26.462,26.462,26.456,26.456,26.456,26.451,26.446,26.446,26.441,26.446,26.446,26.451,26.456,26.462,26.467,26.467,26.472,26.477,26.477,26.472,26.467,26.456,26.456,26.446,26.441,26.435,26.435,26.435,26.43,26.441,26.435,26.441,26.441,26.441,26.441,26.441,26.441,26.435,26.43,26.425,26.43,26.425,26.43,26.441,26.446,26.451,26.456,26.462,26.462,26.456,26.462,26.462,26.467,26.477,26.488,26.503,26.508,26.519,26.524,26.519,26.508,26.498,26.472,26.451,26.435,26.378,26.295,25.839,25.276,25.118,25.16,25.281,25.466,26.075,26.409,26.409,26.425,26.467,26.493,26.508,26.524,26.529,26.535,26.54,26.545,26.545,26.545,26.545,26.54,26.535,26.529,26.524,26.519,26.519,26.524,26.524,26.529,26.535,26.535,26.529,26.519,26.514,26.514,26.514,26.514,26.524,26.524,26.524,26.524,26.519,26.508,26.503,26.503,26.503,26.508,26.519,26.524,26.529,26.535,26.535,26.535,26.535,26.535,26.535,26.535,26.54,26.55,26.555,26.561,26.561,26.555,26.55,26.545,26.545,26.535,26.535,26.524,26.514,26.503,26.498,26.488,26.477,26.467,26.467,26.467,26.462,26.472,26.482,26.488,26.493,26.498,26.503,26.514,26.514,26.519,26.519,26.514,26.514,26.514,26.514,26.519,26.514,26.524,26.524,26.524,26.529,26.535,26.54,26.545,26.555,26.555,26.561,26.561,26.561,26.561,26.566,26.566,26.561,26.561,26.561,26.555,26.561,26.571,26.576,26.576,26.581,26.587,26.592,26.597,26.592,26.587,26.587,26.581,26.576,26.576,26.576,26.571,26.571,26.576,26.576,26.576,26.571,26.571,26.571,26.571,26.581,26.587,26.597,26.602,26.618,26.623,26.623,26.628,26.634,26.639,26.644,26.66,26.665,26.675,26.686,26.691,26.696,26.696,26.696,26.696,26.696,26.691,26.691,26.686,26.68,26.675,26.67,26.67,26.66,26.654,26.649,26.639,26.618,26.576,26.514,26.493,26.237,25.382,25.229,25.239,25.213,25.192,25.466,26.08,26.368,26.488,26.545,26.592,26.618,26.639,26.66,26.675,26.696,26.706,26.717,26.722,26.722,26.722,26.722,26.717,26.712,26.696,26.691,26.68,26.68,26.675,26.686,26.686,26.68,26.686,26.696,26.701,26.701,26.706,26.706,26.706,26.706,26.712,26.712,26.712,26.706,26.706,26.706,26.706,26.706,26.712,26.717,26.722,26.727,26.727,26.732,26.738,26.738,26.738,26.743,26.743,26.743,26.738,26.738,26.732,26.738,26.732,26.732,26.732,26.738,26.738,26.738,26.738,26.738,26.727,26.727,26.722,26.712,26.701,26.691,26.68,26.675,26.67,26.67,26.665,26.654,26.654,26.644,26.654,26.66,26.66,26.66,26.66,26.654,26.649,26.639,26.628,26.628,26.628,26.634,26.634,26.644,26.649,26.665,26.665,26.665,26.66,26.654,26.66,26.665,26.66,26.67,26.675,26.68,26.675,26.68,26.686,26.686,26.691,26.691
,26.488,26.488,26.482,26.488,26.488,26.477,26.477,26.472,26.467,26.462,26.462,26.467,26.472,26.477,26.482,26.488,26.493,26.493,26.493,26.488,26.482,26.477,26.467,26.462,26.462,26.456,26.451,26.451,26.451,26.451,26.441,26.435,26.441,26.446,26.446,26.451,26.456,26.462,26.456,26.462,26.467,26.472,26.477,26.472,26.467,26.456,26.451,26.446,26.441,26.435,26.43,26.43,26.43,26.43,26.43,26.435,26.435,26.441,26.446,26.446,26.446,26.441,26.441,26.43,26.43,26.425,26.43,26.435,26.441,26.446,26.456,26.462,26.462,26.462,26.462,26.467,26.472,26.477,26.482,26.498,26.503,26.514,26.514,26.519,26.503,26.493,26.477,26.446,26.446,26.389,26.279,26.059,25.508,25.123,25.086,25.144,25.313,25.834,26.331,26.394,26.425,26.446,26.477,26.493,26.508,26.524,26.529,26.535,26.545,26.545,26.545,26.545,26.54,26.529,26.524,26.524,26.519,26.519,26.524,26.529,26.535,26.535,26.535,26.529,26.529,26.519,26.519,26.519,26.519,26.524,26.524,26.524,26.519,26.514,26.503,26.498,26.498,26.498,26.503,26.514,26.519,26.535,26.535,26.529,26.535,26.535,26.529,26.529,26.535,26.54,26.545,26.55,26.555,26.555,26.55,26.55,26.545,26.545,26.535,26.535,26.524,26.519,26.508,26.498,26.493,26.482,26.477,26.467,26.467,26.472,26.477,26.482,26.482,26.488,26.493,26.498,26.503,26.508,26.514,26.514,26.514,26.508,26.514,26.514,26.519,26.519,26.519,26.519,26.524,26.529,26.524,26.535,26.545,26.55,26.555,26.561,26.561,26.561,26.555,26.561,26.561,26.555,26.555,26.561,26.561,26.561,26.571,26.576,26.581,26.581,26.587,26.592,26.592,26.592,26.587,26.581,26.581,26.571,26.571,26.571,26.561,26.566,26.571,26.566,26.571,26.571,26.571,26.571,26.571,26.581,26.587,26.597,26.602,26.613,26.613,26.618,26.623,26.628,26.639,26.644,26.649,26.66,26.665,26.686,26.691,26.691,26.696,26.696,26.696,26.701,26.701,26.696,26.696,26.691,26.68,26.675,26.675,26.665,26.66,26.654,26.639,26.623,26.602,26.561,26.535,26.336,25.613,25.25,25.281,25.229,25.213,25.155,25.996,26.373,26.519,26.498,26.566,26.607,26.634,26.66,26.675,26.696,26.712,26.722,26.727,26.732,26.738,26.738,26.732,26.722,26.712,26.706,26.696,26.691,26.686,26.691,26.696,26.696,26.696,26.706,26.712,26.712,26.717,26.712,26.706,26.712,26.712,26.712,26.706,26.706,26.706,26.701,26.701,26.706,26.706,26.712,26.722,26.727,26.738,26.738,26.743,26.743,26.743,26.743,26.743,26.743,26.743,26.738,26.738,26.738,26.738,26.743,26.738,26.748,26.748,26.748,26.748,26.743,26.738,26.732,26.722,26.712,26.696,26.686,26.68,26.675,26.67,26.67,26.66,26.654,26.628,26.628,26.618,26.649,26.649,26.654,26.654,26.654,26.649,26.644,26.634,26.634,26.634,26.639,26.644,26.654,26.654,26.66,26.66,26.66,26.665,26.66,26.66,26.665,26.665,26.67,26.675,26.675,26.675,26.686,26.68,26.691,26.691,26.696
,26.482,26.488,26.493,26.493,26.493,26.482,26.477,26.467,26.467,26.462,26.462,26.462,26.472,26.477,26.477,26.488,26.488,26.498,26.493,26.488,26.482,26.477,26.472,26.462,26.456,26.456,26.451,26.446,26.446,26.446,26.441,26.435,26.441,26.446,26.446,26.451,26.456,26.456,26.456,26.462,26.462,26.472,26.467,26.472,26.467,26.462,26.456,26.451,26.441,26.435,26.435,26.435,26.435,26.435,26.435,26.43,26.435,26.441,26.446,26.446,26.446,26.441,26.441,26.435,26.43,26.43,26.43,26.435,26.441,26.451,26.456,26.462,26.467,26.467,26.467,26.472,26.472,26.477,26.482,26.488,26.493,26.503,26.508,26.508,26.503,26.493,26.482,26.456,26.435,26.415,26.3,26.08,25.566,25.144,25.091,25.081,25.245,25.419,26.132,26.42,26.389,26.42,26.462,26.488,26.503,26.514,26.524,26.535,26.545,26.545,26.545,26.54,26.535,26.529,26.529,26.524,26.519,26.524,26.524,26.529,26.529,26.54,26.54,26.535,26.535,26.524,26.529,26.524,26.524,26.524,26.529,26.524,26.519,26.514,26.503,26.493,26.493,26.493,26.498,26.508,26.519,26.529,26.535,26.535,26.535,26.535,26.524,26.529,26.535,26.535,26.545,26.55,26.555,26.55,26.55,26.545,26.545,26.54,26.54,26.535,26.529,26.519,26.514,26.503,26.493,26.482,26.482,26.477,26.472,26.477,26.477,26.488,26.488,26.488,26.488,26.493,26.503,26.508,26.508,26.514,26.514,26.508,26.519,26.519,26.514,26.519,26.524,26.524,26.519,26.519,26.519,26.529,26.54,26.55,26.55,26.555,26.561,26.555,26.555,26.555,26.555,26.55,26.555,26.555,26.561,26.566,26.576,26.581,26.581,26.587,26.592,26.592,26.592,26.587,26.581,26.576,26.576,26.571,26.566,26.561,26.566,26.566,26.571,26.571,26.571,26.576,26.571,26.576,26.576,26.581,26.592,26.597,26.602,26.607,26.613,26.618,26.628,26.634,26.639,26.644,26.649,26.66,26.665,26.675,26.68,26.691,26.696,26.696,26.701,26.701,26.706,26.706,26.701,26.701,26.696,26.691,26.691,26.68,26.67,26.66,26.644,26.634,26.607,26.597,26.566,26.456,25.755,25.313,25.176,25.271,25.208,25.134,25.939,26.394,26.43,26.441,26.566,26.602,26.634,26.654,26.675,26.696,26.712,26.727,26.727,26.738,26.743,26.743,26.743,26.732,26.727,26.717,26.712,26.701,26.696,26.701,26.701,26.706,26.706,26.712,26.717,26.722,26.722,26.717,26.717,26.712,26.712,26.706,26.706,26.701,26.701,26.701,26.701,26.701,26.706,26.717,26.722,26.732,26.738,26.743,26.748,26.753,26.753,26.753,26.748,26.748,26.743,26.738,26.732,26.743,26.738,26.748,26.753,26.753,26.758,26.758,26.758,26.753,26.748,26.738,26.727,26.717,26.701,26.691,26.675,26.68,26.67,26.665,26.66,26.66,26.644,26.628,26.628,26.649,26.649,26.649,26.654,26.654,26.649,26.649,26.639,26.639,26.634,26.639,26.644,26.654,26.66,26.665,26.665,26.665,26.66,26.66,26.66,26.665,26.665,26.67,26.675,26.675,26.68,26.686,26.686,26.691,26.691,26.696
,26.488,26.493,26.488,26.493,26.493,26.488,26.477,26.472,26.462,26.456,26.456,26.456,26.467,26.472,26.477,26.482,26.488,26.498,26.498,26.493,26.488,26.477,26.472,26.462,26.456,26.451,26.446,26.446,26.441,26.441,26.441,26.441,26.441,26.446,26.446,26.451,26.451,26.451,26.456,26.456,26.462,26.467,26.472,26.472,26.472,26.467,26.462,26.451,26.446,26.441,26.441,26.441,26.441,26.435,26.435,26.435,26.435,26.441,26.446,26.441,26.446,26.451,26.451,26.441,26.435,26.435,26.435,26.441,26.446,26.446,26.456,26.462,26.467,26.472,26.472,26.472,26.477,26.477,26.477,26.488,26.493,26.498,26.503,26.503,26.503,26.493,26.482,26.467,26.441,26.435,26.409,26.295,26.007,25.408,25.081,25.102,25.155,25.361,25.86,26.279,26.315,26.399,26.441,26.472,26.498,26.508,26.524,26.535,26.54,26.545,26.54,26.545,26.54,26.535,26.529,26.529,26.524,26.529,26.524,26.529,26.535,26.54,26.535,26.54,26.535,26.535,26.529,26.524,26.529,26.529,26.529,26.524,26.519,26.514,26.498,26.493,26.488,26.488,26.498,26.508,26.519,26.529,26.535,26.54,26.535,26.535,26.524,26.529,26.535,26.535,26.54,26.545,26.55,26.55,26.54,26.54,26.54,26.54,26.54,26.535,26.529,26.524,26.514,26.503,26.498,26.493,26.488,26.482,26.477,26.482,26.488,26.493,26.493,26.493,26.493,26.493,26.503,26.503,26.508,26.508,26.508,26.508,26.519,26.519,26.519,26.524,26.524,26.524,26.519,26.519,26.519,26.524,26.535,26.545,26.55,26.555,26.55,26.555,26.55,26.55,26.55,26.55,26.55,26.555,26.561,26.566,26.576,26.587,26.587,26.592,26.592,26.592,26.592,26.587,26.581,26.576,26.576,26.571,26.566,26.566,26.566,26.566,26.576,26.576,26.576,26.576,26.576,26.576,26.581,26.587,26.592,26.597,26.602,26.607,26.618,26.623,26.628,26.634,26.644,26.649,26.654,26.665,26.67,26.68,26.691,26.696,26.701,26.701,26.701,26.706,26.717,26.712,26.717,26.722,26.712,26.712,26.68,26.696,26.691,26.675,26.66,26.639,26.618,26.618,26.581,26.446,26.033,25.382,25.076,25.361,25.25,25.097,25.76,26.321,26.383,26.456,26.54,26.587,26.623,26.649,26.675,26.701,26.712,26.722,26.732,26.743,26.753,26.764,26.753,26.748,26.738,26.732,26.722,26.722,26.712,26.712,26.717,26.706,26.717,26.717,26.722,26.722,26.722,26.722,26.717,26.717,26.712,26.701,26.701,26.696,26.701,26.701,26.701,26.696,26.701,26.712,26.722,26.732,26.743,26.748,26.753,26.758,26.758,26.758,26.753,26.748,26.748,26.743,26.743,26.743,26.743,26.753,26.764,26.758,26.769,26.769,26.769,26.764,26.758,26.748,26.732,26.722,26.706,26.696,26.691,26.686,26.68,26.675,26.67,26.665,26.66,26.66,26.649,26.644,26.644,26.654,26.654,26.654,26.654,26.644,26.644,26.644,26.639,26.639,26.644,26.654,26.66,26.665,26.67,26.665,26.665,26.665,26.67,26.665,26.665,26.67,26.67,26.675,26.68,26.686,26.691,26.691,26.696,26.696
,26.493,26.493,26.493,26.498,26.493,26.488,26.477,26.472,26.462,26.451,26.451,26.451,26.462,26.467,26.472,26.482,26.488,26.498,26.493,26.498,26.488,26.482,26.467,26.462,26.456,26.446,26.446,26.441,26.435,26.435,26.435,26.435,26.441,26.446,26.446,26.451,26.446,26.451,26.451,26.456,26.462,26.467,26.472,26.477,26.477,26.467,26.462,26.456,26.446,26.446,26.446,26.446,26.441,26.446,26.441,26.435,26.435,26.441,26.441,26.441,26.446,26.451,26.456,26.451,26.446,26.446,26.446,26.446,26.446,26.451,26.462,26.467,26.472,26.477,26.477,26.477,26.477,26.477,26.477,26.477,26.482,26.493,26.498,26.503,26.508,26.508,26.498,26.482,26.462,26.441,26.383,26.389,26.08,25.697,25.329,25.181,25.107,25.202,25.366,26.028,26.342,26.383,26.435,26.472,26.488,26.508,26.519,26.535,26.54,26.545,26.55,26.545,26.545,26.54,26.535,26.529,26.529,26.529,26.535,26.535,26.535,26.54,26.54,26.54,26.535,26.535,26.535,26.535,26.535,26.529,26.529,26.524,26.514,26.508,26.498,26.493,26.493,26.493,26.498,26.508,26.519,26.529,26.535,26.54,26.535,26.535,26.529,26.535,26.535,26.54,26.545,26.55,26.55,26.545,26.54,26.54,26.535,26.535,26.535,26.535,26.529,26.524,26.519,26.508,26.498,26.493,26.488,26.488,26.488,26.488,26.498,26.503,26.498,26.503,26.498,26.493,26.498,26.498,26.503,26.503,26.508,26.514,26.524,26.529,26.524,26.524,26.524,26.524,26.524,26.524,26.524,26.529,26.529,26.54,26.545,26.55,26.55,26.55,26.55,26.55,26.55,26.55,26.55,26.555,26.561,26.571,26.581,26.587,26.592,26.597,26.602,26.597,26.592,26.587,26.587,26.581,26.581,26.576,26.571,26.566,26.576,26.576,26.581,26.587,26.587,26.587,26.581,26.581,26.581,26.587,26.592,26.597,26.602,26.613,26.623,26.628,26.639,26.644,26.649,26.654,26.66,26.67,26.675,26.686,26.696,26.696,26.701,26.701,26.706,26.712,26.722,26.722,26.727,26.732,26.727,26.732,26.696,26.717,26.706,26.686,26.67,26.654,26.628,26.613,26.529,26.519,26.096,25.387,25.192,25.339,25.202,25.081,25.613,26.3,26.383,26.43,26.529,26.581,26.623,26.649,26.675,26.701,26.717,26.727,26.743,26.753,26.758,26.764,26.764,26.758,26.748,26.743,26.727,26.732,26.727,26.727,26.717,26.717,26.717,26.722,26.722,26.727,26.727,26.722,26.717,26.717,26.712,26.701,26.701,26.701,26.701,26.701,26.701,26.701,26.706,26.717,26.727,26.743,26.748,26.758,26.764,26.764,26.764,26.764,26.758,26.758,26.753,26.748,26.748,26.748,26.753,26.753,26.764,26.764,26.774,26.774,26.774,26.769,26.764,26.758,26.743,26.732,26.722,26.712,26.701,26.696,26.691,26.68,26.675,26.67,26.665,26.665,26.66,26.66,26.654,26.654,26.654,26.654,26.654,26.649,26.649,26.644,26.644,26.644,26.649,26.654,26.66,26.665,26.67,26.675,26.67,26.675,26.675,26.675,26.67,26.67,26.675,26.68,26.686,26.691,26.696,26.696,26.696,26.696
,26.498,26.498,26.498,26.498,26.493,26.488,26.477,26.467,26.462,26.451,26.451,26.451,26.462,26.462,26.472,26.477,26.493,26.498,26.498,26.498,26.493,26.482,26.467,26.462,26.451,26.451,26.446,26.441,26.441,26.441,26.441,26.441,26.441,26.446,26.446,26.451,26.451,26.456,26.451,26.456,26.462,26.467,26.472,26.472,26.482,26.472,26.467,26.462,26.462,26.456,26.456,26.456,26.451,26.446,26.446,26.446,26.441,26.441,26.446,26.441,26.451,26.456,26.456,26.456,26.456,26.456,26.456,26.456,26.456,26.462,26.467,26.472,26.477,26.482,26.482,26.477,26.477,26.472,26.472,26.472,26.477,26.488,26.498,26.508,26.514,26.514,26.508,26.498,26.482,26.456,26.456,26.441,26.242,25.965,25.424,25.15,25.102,25.208,25.25,25.928,26.342,26.378,26.409,26.425,26.477,26.498,26.514,26.524,26.54,26.54,26.55,26.55,26.545,26.54,26.54,26.535,26.535,26.535,26.535,26.535,26.54,26.54,26.54,26.535,26.535,26.535,26.535,26.535,26.529,26.529,26.524,26.519,26.514,26.508,26.503,26.503,26.498,26.503,26.508,26.514,26.524,26.529,26.535,26.54,26.535,26.535,26.535,26.535,26.54,26.545,26.545,26.555,26.55,26.545,26.54,26.535,26.535,26.535,26.535,26.535,26.529,26.524,26.519,26.514,26.503,26.493,26.493,26.488,26.493,26.498,26.503,26.508,26.508,26.503,26.503,26.498,26.498,26.498,26.498,26.508,26.514,26.524,26.529,26.535,26.535,26.54,26.535,26.535,26.529,26.529,26.529,26.529,26.535,26.54,26.545,26.55,26.55,26.55,26.55,26.55,26.55,26.55,26.555,26.555,26.566,26.576,26.581,26.592,26.597,26.602,26.602,26.602,26.597,26.597,26.592,26.587,26.587,26.581,26.581,26.581,26.581,26.587,26.592,26.592,26.592,26.592,26.587,26.587,26.581,26.581,26.592,26.597,26.602,26.613,26.623,26.628,26.644,26.654,26.654,26.665,26.675,26.675,26.686,26.691,26.696,26.701,26.706,26.706,26.712,26.722,26.727,26.738,26.738,26.743,26.748,26.743,26.738,26.722,26.712,26.696,26.68,26.67,26.644,26.618,26.587,26.555,26.195,25.387,25.107,25.292,25.271,25.118,25.555,26.331,26.305,26.467,26.524,26.576,26.618,26.649,26.675,26.701,26.727,26.738,26.753,26.764,26.769,26.774,26.774,26.764,26.758,26.748,26.743,26.743,26.738,26.732,26.732,26.727,26.722,26.722,26.727,26.727,26.722,26.722,26.722,26.722,26.712,26.712,26.706,26.706,26.706,26.701,26.706,26.706,26.712,26.722,26.732,26.748,26.753,26.764,26.764,26.769,26.769,26.769,26.769,26.764,26.758,26.753,26.748,26.753,26.753,26.758,26.769,26.769,26.779,26.784,26.79,26.784,26.774,26.769,26.758,26.748,26.732,26.727,26.717,26.712,26.701,26.696,26.691,26.686,26.686,26.675,26.67,26.665,26.665,26.665,26.66,26.654,26.654,26.654,26.649,26.649,26.644,26.649,26.649,26.66,26.665,26.675,26.68,26.686,26.686,26.686,26.686,26.68,26.68,26.68,26.68,26.691,26.691,26.696,26.696,26.701,26.701,26.701
,26.503,26.498,26.498,26.498,26.493,26.488,26.477,26.467,26.456,26.451,26.446,26.441,26.451,26.456,26.467,26.477,26.482,26.493,26.498,26.493,26.488,26.477,26.472,26.462,26.456,26.451,26.451,26.446,26.441,26.441,26.441,26.441,26.441,26.446,26.451,26.451,26.456,26.456,26.462,26.462,26.467,26.472,26.477,26.482,26.482,26.477,26.477,26.467,26.467,26.462,26.462,26.462,26.456,26.456,26.451,26.451,26.446,26.446,26.446,26.451,26.451,26.451,26.456,26.456,26.462,26.462,26.467,26.462,26.462,26.467,26.472,26.477,26.482,26.482,26.482,26.477,26.472,26.467,26.472,26.472,26.477,26.488,26.498,26.508,26.514,26.524,26.519,26.514,26.498,26.477,26.456,26.435,26.342,26.185,25.808,25.239,24.975,25.054,25.144,25.35,26.059,26.368,26.435,26.435,26.446,26.488,26.503,26.524,26.54,26.545,26.55,26.555,26.55,26.545,26.545,26.54,26.535,26.535,26.54,26.54,26.54,26.54,26.54,26.535,26.535,26.535,26.524,26.524,26.524,26.524,26.519,26.514,26.514,26.508,26.508,26.503,26.503,26.503,26.508,26.519,26.524,26.529,26.535,26.54,26.535,26.535,26.535,26.535,26.545,26.55,26.545,26.555,26.55,26.55,26.54,26.54,26.535,26.535,26.535,26.535,26.535,26.529,26.524,26.519,26.508,26.503,26.503,26.503,26.503,26.503,26.508,26.514,26.514,26.508,26.503,26.498,26.498,26.498,26.498,26.503,26.514,26.529,26.54,26.54,26.545,26.545,26.54,26.54,26.535,26.535,26.535,26.535,26.535,26.54,26.54,26.545,26.545,26.55,26.55,26.55,26.55,26.55,26.561,26.561,26.566,26.576,26.581,26.592,26.597,26.602,26.607,26.613,26.607,26.607,26.607,26.597,26.592,26.592,26.587,26.587,26.592,26.597,26.602,26.607,26.607,26.602,26.597,26.587,26.587,26.587,26.592,26.597,26.602,26.613,26.628,26.639,26.654,26.665,26.67,26.675,26.68,26.691,26.696,26.701,26.706,26.706,26.712,26.712,26.712,26.727,26.732,26.748,26.748,26.758,26.764,26.758,26.753,26.738,26.727,26.712,26.696,26.68,26.66,26.649,26.618,26.561,26.31,25.703,25.266,25.234,25.25,25.155,25.171,26.127,26.42,26.467,26.571,26.571,26.628,26.654,26.686,26.712,26.727,26.743,26.753,26.769,26.774,26.784,26.779,26.774,26.764,26.753,26.748,26.743,26.748,26.738,26.732,26.727,26.722,26.722,26.727,26.727,26.722,26.722,26.717,26.722,26.717,26.717,26.712,26.712,26.712,26.712,26.712,26.717,26.722,26.732,26.743,26.753,26.758,26.764,26.774,26.774,26.779,26.779,26.774,26.774,26.764,26.764,26.758,26.758,26.758,26.764,26.769,26.774,26.779,26.79,26.79,26.79,26.784,26.779,26.769,26.769,26.753,26.738,26.727,26.722,26.717,26.712,26.701,26.696,26.686,26.68,26.675,26.675,26.67,26.67,26.665,26.66,26.66,26.66,26.654,26.654,26.654,26.654,26.66,26.665,26.67,26.686,26.691,26.696,26.696,26.696,26.696,26.691,26.686,26.686,26.691,26.691,26.701,26.701,26.706,26.706,26.706,26.706
,26.503,26.503,26.498,26.493,26.488,26.482,26.477,26.467,26.462,26.451,26.446,26.441,26.446,26.451,26.467,26.472,26.482,26.493,26.493,26.488,26.482,26.477,26.472,26.462,26.456,26.456,26.451,26.451,26.446,26.446,26.446,26.446,26.446,26.446,26.451,26.451,26.462,26.462,26.467,26.472,26.477,26.477,26.482,26.482,26.482,26.477,26.477,26.472,26.472,26.467,26.467,26.467,26.462,26.462,26.456,26.456,26.451,26.456,26.451,26.456,26.456,26.456,26.446,26.451,26.456,26.467,26.467,26.467,26.467,26.472,26.472,26.477,26.482,26.482,26.482,26.477,26.472,26.472,26.467,26.472,26.477,26.488,26.503,26.514,26.524,26.529,26.529,26.524,26.508,26.493,26.467,26.435,26.415,26.357,26.007,25.434,25.002,24.986,25.06,25.097,25.834,26.284,26.409,26.462,26.456,26.477,26.498,26.514,26.529,26.545,26.545,26.55,26.55,26.545,26.545,26.535,26.54,26.54,26.54,26.54,26.545,26.545,26.54,26.54,26.54,26.535,26.529,26.529,26.519,26.519,26.508,26.514,26.508,26.508,26.508,26.508,26.514,26.514,26.519,26.519,26.524,26.529,26.535,26.535,26.535,26.535,26.535,26.54,26.54,26.55,26.545,26.555,26.555,26.545,26.55,26.545,26.535,26.535,26.535,26.535,26.535,26.535,26.529,26.519,26.514,26.514,26.508,26.508,26.508,26.508,26.514,26.514,26.514,26.514,26.508,26.498,26.498,26.498,26.498,26.514,26.519,26.535,26.545,26.555,26.561,26.555,26.55,26.545,26.545,26.535,26.54,26.54,26.535,26.535,26.54,26.54,26.545,26.55,26.55,26.555,26.555,26.555,26.561,26.566,26.566,26.571,26.581,26.592,26.597,26.607,26.607,26.618,26.618,26.618,26.613,26.613,26.607,26.602,26.597,26.597,26.602,26.613,26.613,26.618,26.613,26.607,26.602,26.597,26.587,26.587,26.592,26.597,26.607,26.623,26.634,26.644,26.66,26.67,26.68,26.686,26.686,26.691,26.701,26.706,26.712,26.712,26.717,26.722,26.722,26.727,26.738,26.748,26.764,26.764,26.769,26.769,26.764,26.748,26.743,26.727,26.717,26.701,26.68,26.644,26.607,26.587,26.409,25.918,25.234,25.239,25.266,25.234,25.134,26.07,26.389,26.389,26.571,26.576,26.623,26.66,26.691,26.722,26.738,26.753,26.769,26.774,26.779,26.79,26.784,26.779,26.769,26.764,26.753,26.753,26.748,26.743,26.732,26.727,26.727,26.722,26.722,26.722,26.722,26.717,26.722,26.722,26.727,26.722,26.722,26.722,26.722,26.722,26.722,26.722,26.732,26.743,26.748,26.758,26.769,26.769,26.779,26.784,26.784,26.784,26.784,26.779,26.769,26.769,26.764,26.764,26.769,26.769,26.779,26.784,26.79,26.795,26.795,26.795,26.795,26.784,26.779,26.774,26.758,26.753,26.743,26.738,26.727,26.722,26.717,26.706,26.696,26.691,26.68,26.68,26.675,26.675,26.67,26.675,26.67,26.67,26.665,26.665,26.665,26.665,26.665,26.675,26.68,26.691,26.706,26.706,26.712,26.701,26.706,26.696,26.696,26.691,26.696,26.701,26.706,26.712,26.712,26.712,26.712,26.717
,26.503,26.498,26.493,26.493,26.488,26.482,26.482,26.477,26.467,26.456,26.451,26.446,26.446,26.451,26.462,26.472,26.482,26.493,26.488,26.488,26.482,26.477,26.472,26.467,26.462,26.462,26.462,26.462,26.456,26.456,26.456,26.451,26.451,26.451,26.456,26.462,26.467,26.472,26.472,26.472,26.477,26.482,26.482,26.477,26.477,26.477,26.477,26.472,26.472,26.472,26.472,26.472,26.467,26.462,26.462,26.462,26.467,26.462,26.456,26.456,26.451,26.451,26.441,26.446,26.451,26.462,26.467,26.472,26.472,26.467,26.477,26.477,26.482,26.482,26.482,26.477,26.472,26.467,26.472,26.472,26.477,26.488,26.503,26.514,26.529,26.535,26.535,26.529,26.519,26.503,26.477,26.446,26.43,26.284,26.279,25.75,25.134,24.986,25.081,25.102,25.424,26.106,26.3,26.441,26.409,26.472,26.482,26.503,26.524,26.54,26.545,26.545,26.545,26.545,26.54,26.54,26.54,26.545,26.55,26.545,26.55,26.54,26.545,26.54,26.54,26.535,26.529,26.529,26.524,26.514,26.514,26.508,26.508,26.508,26.508,26.514,26.514,26.514,26.519,26.524,26.524,26.529,26.529,26.529,26.535,26.535,26.535,26.54,26.54,26.545,26.545,26.555,26.55,26.545,26.545,26.545,26.54,26.54,26.54,26.54,26.54,26.54,26.529,26.524,26.524,26.519,26.514,26.514,26.514,26.514,26.519,26.519,26.524,26.519,26.508,26.508,26.498,26.498,26.508,26.514,26.524,26.535,26.55,26.555,26.561,26.561,26.555,26.55,26.55,26.545,26.55,26.545,26.54,26.54,26.54,26.54,26.545,26.55,26.55,26.555,26.566,26.561,26.561,26.566,26.571,26.571,26.581,26.592,26.602,26.613,26.618,26.623,26.623,26.628,26.623,26.618,26.618,26.613,26.613,26.607,26.613,26.618,26.623,26.623,26.618,26.613,26.607,26.592,26.592,26.592,26.597,26.607,26.618,26.628,26.639,26.654,26.67,26.675,26.686,26.696,26.696,26.701,26.706,26.712,26.717,26.722,26.722,26.727,26.732,26.738,26.748,26.758,26.769,26.779,26.784,26.784,26.774,26.764,26.748,26.738,26.727,26.712,26.691,26.675,26.654,26.602,26.462,26.033,25.276,25.255,25.281,25.234,25.144,25.928,26.242,26.493,26.441,26.597,26.628,26.665,26.701,26.727,26.748,26.753,26.769,26.779,26.784,26.795,26.784,26.784,26.774,26.764,26.758,26.753,26.748,26.743,26.732,26.732,26.727,26.722,26.722,26.722,26.722,26.727,26.727,26.732,26.732,26.738,26.738,26.732,26.732,26.732,26.732,26.732,26.743,26.748,26.758,26.764,26.769,26.774,26.784,26.784,26.79,26.795,26.79,26.79,26.779,26.779,26.774,26.769,26.774,26.779,26.79,26.795,26.8,26.805,26.8,26.8,26.8,26.79,26.784,26.774,26.769,26.758,26.753,26.748,26.738,26.732,26.727,26.717,26.706,26.696,26.691,26.68,26.68,26.675,26.675,26.675,26.68,26.675,26.675,26.67,26.675,26.675,26.675,26.686,26.691,26.701,26.712,26.717,26.717,26.717,26.706,26.706,26.701,26.701,26.706,26.712,26.717,26.717,26.717,26.722,26.717,26.722
,26.498,26.493,26.493,26.493,26.493,26.488,26.488,26.482,26.472,26.462,26.451,26.451,26.451,26.456,26.462,26.472,26.482,26.482,26.488,26.482,26.482,26.477,26.472,26.472,26.472,26.472,26.472,26.467,26.467,26.467,26.462,26.462,26.462,26.462,26.462,26.467,26.472,26.477,26.477,26.477,26.482,26.477,26.482,26.482,26.482,26.488,26.482,26.477,26.477,26.472,26.477,26.467,26.472,26.467,26.467,26.467,26.467,26.467,26.462,26.462,26.456,26.446,26.441,26.441,26.446,26.462,26.462,26.467,26.472,26.472,26.472,26.477,26.477,26.482,26.477,26.477,26.477,26.477,26.472,26.477,26.482,26.488,26.498,26.514,26.524,26.529,26.535,26.535,26.524,26.514,26.488,26.467,26.435,26.362,26.42,25.676,25.471,24.991,24.986,25.07,25.076,25.923,26.19,26.399,26.409,26.441,26.477,26.498,26.519,26.529,26.535,26.54,26.54,26.54,26.54,26.54,26.54,26.545,26.55,26.55,26.55,26.545,26.54,26.54,26.54,26.54,26.529,26.524,26.519,26.514,26.514,26.508,26.508,26.508,26.514,26.514,26.519,26.519,26.519,26.519,26.524,26.524,26.524,26.529,26.529,26.529,26.529,26.529,26.54,26.54,26.55,26.55,26.55,26.55,26.545,26.545,26.545,26.545,26.545,26.545,26.545,26.545,26.54,26.529,26.529,26.524,26.519,26.519,26.524,26.524,26.524,26.524,26.519,26.524,26.519,26.508,26.508,26.503,26.514,26.514,26.524,26.535,26.55,26.561,26.561,26.561,26.566,26.555,26.561,26.55,26.55,26.55,26.545,26.54,26.54,26.545,26.545,26.55,26.555,26.561,26.566,26.566,26.571,26.571,26.571,26.576,26.587,26.597,26.602,26.618,26.623,26.628,26.634,26.634,26.634,26.628,26.623,26.623,26.618,26.613,26.623,26.628,26.628,26.628,26.623,26.623,26.607,26.597,26.597,26.597,26.602,26.618,26.623,26.639,26.654,26.66,26.675,26.686,26.696,26.696,26.706,26.706,26.712,26.717,26.727,26.732,26.732,26.738,26.743,26.748,26.753,26.764,26.774,26.79,26.79,26.79,26.779,26.774,26.758,26.748,26.743,26.722,26.706,26.68,26.613,26.576,26.394,26.237,25.413,25.223,25.292,25.271,25.123,25.776,26.31,26.456,26.508,26.566,26.639,26.68,26.706,26.732,26.753,26.764,26.774,26.779,26.784,26.795,26.784,26.784,26.779,26.769,26.764,26.753,26.748,26.738,26.732,26.732,26.727,26.727,26.722,26.722,26.722,26.722,26.727,26.738,26.738,26.743,26.743,26.743,26.738,26.738,26.738,26.743,26.743,26.753,26.758,26.769,26.774,26.784,26.79,26.795,26.8,26.8,26.8,26.8,26.795,26.79,26.784,26.784,26.784,26.79,26.795,26.8,26.805,26.81,26.81,26.81,26.8,26.79,26.784,26.779,26.774,26.769,26.758,26.758,26.753,26.743,26.732,26.722,26.712,26.706,26.691,26.686,26.686,26.68,26.68,26.68,26.68,26.686,26.686,26.686,26.686,26.686,26.691,26.696,26.701,26.712,26.722,26.722,26.722,26.717,26.717,26.712,26.712,26.712,26.712,26.717,26.722,26.722,26.727,26.727,26.722,26.727
,26.493,26.493,26.493,26.493,26.498,26.493,26.493,26.488,26.477,26.472,26.462,26.451,26.456,26.462,26.467,26.472,26.482,26.482,26.482,26.477,26.482,26.482,26.477,26.477,26.482,26.482,26.482,26.477,26.477,26.472,26.472,26.467,26.472,26.472,26.467,26.472,26.472,26.477,26.477,26.482,26.477,26.482,26.482,26.488,26.488,26.488,26.488,26.482,26.482,26.477,26.477,26.472,26.472,26.472,26.472,26.472,26.477,26.472,26.467,26.467,26.456,26.446,26.441,26.441,26.446,26.451,26.456,26.462,26.472,26.472,26.472,26.472,26.472,26.477,26.477,26.477,26.477,26.477,26.477,26.482,26.482,26.493,26.498,26.514,26.524,26.529,26.535,26.535,26.529,26.519,26.498,26.482,26.43,26.42,26.383,26.091,25.576,25.054,25.054,25.097,25.107,25.555,26.075,26.305,26.456,26.441,26.456,26.477,26.503,26.519,26.529,26.529,26.535,26.535,26.54,26.54,26.545,26.545,26.55,26.55,26.55,26.55,26.545,26.545,26.545,26.54,26.535,26.535,26.524,26.514,26.514,26.508,26.508,26.514,26.514,26.519,26.514,26.514,26.514,26.519,26.519,26.519,26.519,26.519,26.519,26.524,26.524,26.524,26.529,26.535,26.545,26.55,26.545,26.55,26.555,26.55,26.555,26.555,26.555,26.555,26.55,26.55,26.545,26.535,26.535,26.529,26.524,26.524,26.519,26.524,26.524,26.524,26.529,26.524,26.519,26.514,26.519,26.514,26.514,26.514,26.524,26.529,26.545,26.561,26.561,26.566,26.561,26.561,26.566,26.555,26.555,26.55,26.55,26.55,26.54,26.545,26.55,26.555,26.561,26.561,26.571,26.571,26.576,26.576,26.581,26.581,26.587,26.597,26.613,26.618,26.628,26.634,26.639,26.639,26.639,26.639,26.634,26.628,26.628,26.628,26.628,26.634,26.634,26.639,26.628,26.623,26.613,26.607,26.607,26.607,26.613,26.623,26.634,26.649,26.66,26.67,26.68,26.691,26.701,26.701,26.706,26.712,26.717,26.722,26.727,26.743,26.743,26.753,26.758,26.758,26.769,26.774,26.784,26.795,26.795,26.795,26.795,26.779,26.774,26.764,26.753,26.732,26.717,26.686,26.67,26.597,26.493,26.284,25.45,25.176,25.229,25.208,25.097,25.708,26.268,26.467,26.514,26.561,26.634,26.675,26.706,26.738,26.748,26.769,26.774,26.779,26.784,26.79,26.79,26.784,26.784,26.769,26.764,26.753,26.743,26.738,26.732,26.732,26.727,26.727,26.727,26.727,26.727,26.727,26.738,26.738,26.743,26.748,26.748,26.748,26.748,26.743,26.743,26.743,26.748,26.758,26.769,26.769,26.779,26.784,26.79,26.795,26.805,26.805,26.805,26.805,26.805,26.8,26.795,26.795,26.795,26.795,26.8,26.805,26.81,26.816,26.816,26.81,26.805,26.79,26.784,26.779,26.774,26.769,26.764,26.769,26.758,26.753,26.743,26.732,26.717,26.712,26.701,26.696,26.696,26.691,26.691,26.691,26.691,26.696,26.696,26.701,26.696,26.696,26.696,26.706,26.712,26.727,26.732,26.732,26.732,26.722,26.727,26.717,26.717,26.717,26.722,26.727,26.727,26.732,26.732,26.732,26.727,26.727
,26.493,26.498,26.498,26.503,26.508,26.503,26.498,26.493,26.482,26.477,26.467,26.462,26.456,26.467,26.467,26.472,26.472,26.477,26.477,26.477,26.482,26.482,26.482,26.482,26.493,26.493,26.488,26.493,26.488,26.488,26.482,26.477,26.477,26.477,26.477,26.477,26.477,26.482,26.482,26.482,26.482,26.493,26.493,26.498,26.498,26.498,26.493,26.488,26.482,26.482,26.477,26.477,26.477,26.477,26.482,26.477,26.477,26.477,26.472,26.467,26.462,26.446,26.446,26.441,26.446,26.446,26.456,26.462,26.467,26.462,26.472,26.467,26.467,26.472,26.472,26.477,26.482,26.477,26.477,26.482,26.488,26.493,26.498,26.514,26.514,26.524,26.535,26.535,26.529,26.524,26.503,26.493,26.446,26.462,26.399,26.352,25.776,25.181,25.044,25.065,25.208,25.118,25.996,26.221,26.357,26.336,26.435,26.462,26.488,26.503,26.514,26.524,26.529,26.535,26.54,26.54,26.545,26.545,26.55,26.555,26.555,26.55,26.55,26.55,26.545,26.545,26.54,26.535,26.529,26.519,26.514,26.514,26.514,26.514,26.519,26.519,26.519,26.514,26.508,26.514,26.508,26.508,26.508,26.508,26.508,26.508,26.514,26.519,26.524,26.529,26.54,26.545,26.55,26.55,26.561,26.561,26.561,26.566,26.566,26.561,26.561,26.55,26.55,26.545,26.54,26.535,26.535,26.529,26.529,26.529,26.529,26.529,26.529,26.529,26.529,26.524,26.524,26.519,26.519,26.519,26.519,26.529,26.545,26.555,26.561,26.566,26.566,26.566,26.566,26.566,26.566,26.561,26.555,26.555,26.55,26.55,26.555,26.561,26.566,26.561,26.571,26.571,26.576,26.576,26.581,26.587,26.597,26.602,26.618,26.628,26.634,26.639,26.639,26.649,26.644,26.644,26.644,26.639,26.639,26.639,26.639,26.639,26.644,26.639,26.634,26.623,26.618,26.618,26.618,26.623,26.628,26.634,26.649,26.66,26.67,26.675,26.686,26.696,26.701,26.706,26.706,26.712,26.717,26.727,26.738,26.748,26.758,26.764,26.769,26.774,26.779,26.784,26.8,26.805,26.81,26.81,26.805,26.79,26.784,26.774,26.764,26.748,26.732,26.691,26.675,26.623,26.535,26.221,25.545,25.208,25.197,25.239,25.113,25.529,26.185,26.389,26.535,26.597,26.634,26.68,26.712,26.743,26.753,26.764,26.774,26.779,26.784,26.79,26.79,26.784,26.784,26.769,26.764,26.758,26.748,26.743,26.738,26.732,26.732,26.738,26.732,26.732,26.732,26.738,26.743,26.743,26.748,26.758,26.758,26.758,26.758,26.753,26.753,26.753,26.758,26.758,26.769,26.779,26.779,26.79,26.795,26.8,26.81,26.81,26.81,26.81,26.81,26.81,26.805,26.8,26.8,26.8,26.8,26.805,26.81,26.816,26.816,26.81,26.805,26.79,26.784,26.779,26.774,26.774,26.769,26.769,26.758,26.753,26.743,26.738,26.732,26.717,26.712,26.706,26.701,26.696,26.696,26.691,26.701,26.701,26.706,26.706,26.701,26.712,26.706,26.722,26.732,26.738,26.743,26.748,26.748,26.738,26.732,26.732,26.732,26.732,26.732,26.732,26.738,26.738,26.738,26.738,26.727,26.727
,26.493,26.498,26.503,26.514,26.514,26.514,26.503,26.498,26.488,26.477,26.472,26.472,26.467,26.467,26.472,26.472,26.477,26.477,26.477,26.477,26.482,26.488,26.488,26.488,26.498,26.498,26.503,26.498,26.498,26.493,26.488,26.488,26.482,26.482,26.482,26.482,26.477,26.482,26.482,26.488,26.488,26.493,26.498,26.503,26.503,26.498,26.493,26.488,26.482,26.477,26.482,26.482,26.477,26.482,26.482,26.482,26.482,26.472,26.472,26.467,26.462,26.456,26.446,26.446,26.446,26.451,26.456,26.456,26.462,26.467,26.467,26.467,26.472,26.467,26.472,26.477,26.482,26.482,26.488,26.488,26.493,26.493,26.503,26.514,26.519,26.524,26.529,26.535,26.529,26.524,26.508,26.498,26.467,26.446,26.409,26.263,26.174,25.582,25.081,25.039,25.144,25.155,25.392,26.169,26.274,26.441,26.415,26.451,26.477,26.493,26.508,26.524,26.529,26.535,26.54,26.535,26.545,26.545,26.55,26.555,26.555,26.555,26.555,26.55,26.55,26.55,26.545,26.54,26.535,26.524,26.519,26.519,26.519,26.514,26.519,26.519,26.514,26.508,26.508,26.508,26.503,26.503,26.503,26.498,26.498,26.498,26.498,26.503,26.514,26.519,26.529,26.54,26.54,26.55,26.555,26.555,26.561,26.566,26.566,26.566,26.555,26.555,26.55,26.545,26.54,26.535,26.529,26.529,26.529,26.535,26.535,26.535,26.529,26.529,26.529,26.529,26.529,26.519,26.519,26.519,26.519,26.524,26.54,26.55,26.555,26.561,26.561,26.566,26.566,26.566,26.566,26.561,26.561,26.555,26.561,26.561,26.561,26.566,26.561,26.566,26.571,26.571,26.576,26.581,26.581,26.587,26.602,26.607,26.628,26.634,26.639,26.649,26.649,26.649,26.649,26.649,26.649,26.644,26.644,26.644,26.644,26.644,26.649,26.644,26.639,26.634,26.628,26.623,26.623,26.634,26.634,26.649,26.66,26.67,26.675,26.68,26.691,26.696,26.706,26.712,26.712,26.717,26.717,26.732,26.743,26.758,26.769,26.774,26.779,26.79,26.795,26.805,26.81,26.816,26.821,26.821,26.816,26.805,26.795,26.784,26.774,26.764,26.743,26.706,26.68,26.592,26.498,26.42,25.576,25.165,25.223,25.218,25.128,25.229,26.185,26.43,26.482,26.576,26.639,26.675,26.706,26.738,26.758,26.769,26.779,26.779,26.784,26.79,26.784,26.779,26.779,26.769,26.758,26.758,26.753,26.748,26.743,26.743,26.743,26.743,26.743,26.743,26.743,26.748,26.748,26.753,26.758,26.758,26.764,26.769,26.764,26.764,26.758,26.758,26.764,26.769,26.779,26.784,26.784,26.79,26.795,26.8,26.805,26.816,26.816,26.816,26.816,26.816,26.81,26.81,26.8,26.8,26.8,26.8,26.805,26.805,26.805,26.805,26.8,26.79,26.784,26.779,26.779,26.774,26.774,26.769,26.764,26.758,26.753,26.743,26.738,26.732,26.722,26.717,26.712,26.706,26.706,26.706,26.712,26.717,26.712,26.712,26.712,26.712,26.722,26.732,26.743,26.753,26.753,26.753,26.753,26.743,26.738,26.738,26.738,26.738,26.732,26.738,26.743,26.743,26.743,26.738,26.738,26.727
,26.498,26.508,26.514,26.514,26.519,26.514,26.508,26.503,26.493,26.482,26.477,26.472,26.472,26.477,26.477,26.477,26.477,26.472,26.477,26.477,26.477,26.482,26.493,26.488,26.498,26.503,26.508,26.508,26.503,26.503,26.493,26.493,26.493,26.482,26.482,26.482,26.482,26.482,26.488,26.488,26.498,26.503,26.508,26.508,26.508,26.503,26.493,26.488,26.482,26.482,26.482,26.477,26.477,26.482,26.477,26.482,26.482,26.472,26.472,26.467,26.462,26.462,26.451,26.451,26.451,26.451,26.456,26.456,26.456,26.462,26.467,26.467,26.467,26.472,26.472,26.477,26.482,26.488,26.488,26.493,26.498,26.498,26.508,26.514,26.519,26.524,26.529,26.529,26.524,26.519,26.514,26.498,26.477,26.467,26.441,26.326,26.305,25.844,25.171,25.054,25.065,25.165,25.171,25.802,26.237,26.305,26.462,26.441,26.462,26.488,26.503,26.524,26.529,26.529,26.535,26.54,26.545,26.55,26.555,26.561,26.566,26.566,26.555,26.555,26.555,26.555,26.55,26.545,26.54,26.535,26.529,26.524,26.524,26.524,26.519,26.519,26.514,26.508,26.508,26.508,26.498,26.498,26.498,26.498,26.488,26.488,26.493,26.493,26.508,26.514,26.524,26.529,26.54,26.55,26.555,26.561,26.566,26.566,26.566,26.561,26.561,26.555,26.55,26.55,26.54,26.535,26.535,26.535,26.535,26.535,26.535,26.529,26.529,26.535,26.535,26.529,26.529,26.519,26.519,26.519,26.519,26.529,26.535,26.545,26.55,26.555,26.561,26.555,26.561,26.561,26.566,26.566,26.561,26.561,26.561,26.561,26.566,26.561,26.566,26.566,26.566,26.571,26.576,26.581,26.587,26.597,26.602,26.613,26.623,26.639,26.644,26.649,26.649,26.644,26.649,26.654,26.649,26.649,26.649,26.649,26.649,26.649,26.649,26.644,26.639,26.634,26.634,26.628,26.628,26.639,26.639,26.654,26.66,26.675,26.675,26.68,26.691,26.701,26.706,26.706,26.712,26.717,26.727,26.738,26.748,26.764,26.774,26.784,26.79,26.8,26.81,26.816,26.831,26.836,26.836,26.836,26.826,26.816,26.81,26.8,26.79,26.774,26.753,26.722,26.691,26.665,26.581,26.618,26.002,25.234,25.266,25.245,25.192,25.186,25.991,26.482,26.54,26.581,26.639,26.68,26.712,26.743,26.764,26.774,26.779,26.784,26.784,26.79,26.79,26.784,26.779,26.774,26.764,26.764,26.758,26.758,26.753,26.753,26.758,26.758,26.758,26.753,26.753,26.758,26.758,26.758,26.769,26.764,26.769,26.774,26.774,26.774,26.774,26.774,26.774,26.779,26.784,26.784,26.784,26.79,26.795,26.8,26.81,26.816,26.821,26.826,26.821,26.821,26.816,26.81,26.805,26.8,26.795,26.795,26.795,26.8,26.8,26.8,26.795,26.795,26.784,26.779,26.779,26.774,26.769,26.774,26.764,26.764,26.758,26.753,26.748,26.743,26.738,26.732,26.727,26.727,26.722,26.722,26.722,26.727,26.722,26.717,26.717,26.722,26.727,26.738,26.753,26.764,26.769,26.764,26.758,26.753,26.743,26.743,26.743,26.743,26.743,26.743,26.748,26.748,26.743,26.743,26.732,26.727
,26.503,26.503,26.508,26.519,26.519,26.514,26.508,26.503,26.488,26.477,26.477,26.472,26.472,26.477,26.472,26.472,26.472,26.472,26.477,26.477,26.477,26.482,26.488,26.493,26.498,26.503,26.508,26.508,26.508,26.503,26.498,26.498,26.488,26.488,26.488,26.477,26.482,26.488,26.493,26.498,26.508,26.514,26.514,26.514,26.508,26.503,26.493,26.488,26.477,26.482,26.482,26.488,26.482,26.477,26.482,26.482,26.482,26.477,26.477,26.477,26.472,26.467,26.462,26.456,26.451,26.456,26.456,26.462,26.462,26.462,26.462,26.467,26.467,26.462,26.467,26.477,26.488,26.493,26.493,26.498,26.503,26.503,26.503,26.514,26.508,26.519,26.524,26.529,26.519,26.514,26.508,26.493,26.477,26.472,26.472,26.425,26.279,26.07,25.55,25.065,25.012,25.091,25.107,25.339,26.174,26.227,26.279,26.409,26.451,26.482,26.503,26.519,26.524,26.535,26.535,26.54,26.545,26.55,26.555,26.561,26.566,26.566,26.561,26.566,26.561,26.561,26.555,26.555,26.55,26.545,26.545,26.54,26.529,26.529,26.524,26.519,26.514,26.508,26.508,26.503,26.498,26.493,26.493,26.493,26.488,26.488,26.482,26.493,26.498,26.508,26.514,26.524,26.54,26.54,26.55,26.555,26.561,26.566,26.561,26.566,26.566,26.561,26.555,26.55,26.545,26.54,26.535,26.54,26.54,26.535,26.535,26.535,26.535,26.535,26.535,26.529,26.524,26.524,26.524,26.524,26.524,26.524,26.535,26.545,26.55,26.555,26.555,26.555,26.555,26.561,26.561,26.561,26.561,26.561,26.566,26.566,26.566,26.566,26.566,26.566,26.566,26.566,26.566,26.576,26.587,26.592,26.607,26.618,26.634,26.639,26.644,26.649,26.654,26.654,26.654,26.654,26.654,26.654,26.654,26.654,26.654,26.654,26.649,26.639,26.644,26.634,26.634,26.634,26.634,26.639,26.649,26.654,26.665,26.67,26.68,26.686,26.696,26.696,26.696,26.706,26.712,26.722,26.727,26.743,26.758,26.769,26.784,26.79,26.8,26.816,26.826,26.836,26.842,26.847,26.847,26.847,26.836,26.826,26.816,26.81,26.8,26.784,26.769,26.743,26.701,26.68,26.587,26.462,26.253,25.239,25.271,25.281,25.218,25.186,25.902,26.467,26.55,26.639,26.665,26.68,26.717,26.748,26.769,26.779,26.784,26.784,26.784,26.79,26.795,26.79,26.79,26.779,26.769,26.769,26.764,26.764,26.769,26.769,26.769,26.769,26.769,26.769,26.769,26.769,26.774,26.769,26.774,26.774,26.779,26.784,26.784,26.784,26.784,26.784,26.79,26.795,26.79,26.79,26.79,26.79,26.795,26.8,26.81,26.816,26.821,26.831,26.826,26.826,26.816,26.805,26.8,26.79,26.79,26.79,26.79,26.79,26.795,26.795,26.79,26.79,26.784,26.779,26.779,26.774,26.769,26.774,26.764,26.769,26.764,26.758,26.753,26.753,26.753,26.748,26.743,26.743,26.743,26.743,26.732,26.732,26.727,26.717,26.722,26.722,26.727,26.743,26.753,26.764,26.769,26.769,26.764,26.753,26.748,26.743,26.738,26.743,26.748,26.748,26.748,26.748,26.748,26.738,26.732,26.727
,26.498,26.508,26.508,26.519,26.519,26.514,26.508,26.503,26.493,26.477,26.467,26.467,26.467,26.467,26.467,26.467,26.467,26.467,26.467,26.477,26.477,26.482,26.482,26.488,26.498,26.498,26.503,26.508,26.508,26.508,26.503,26.493,26.493,26.488,26.488,26.482,26.488,26.488,26.498,26.508,26.514,26.524,26.519,26.519,26.514,26.508,26.498,26.488,26.482,26.482,26.482,26.488,26.488,26.488,26.482,26.477,26.477,26.477,26.477,26.477,26.472,26.467,26.462,26.456,26.456,26.456,26.456,26.462,26.462,26.456,26.462,26.462,26.462,26.462,26.467,26.472,26.488,26.493,26.498,26.503,26.503,26.514,26.508,26.508,26.514,26.519,26.519,26.519,26.514,26.514,26.503,26.493,26.482,26.456,26.394,26.415,26.216,26.106,25.703,25.16,25.033,25.076,25.097,25.223,25.892,26.237,26.2,26.321,26.462,26.477,26.498,26.514,26.524,26.529,26.529,26.535,26.54,26.55,26.555,26.561,26.561,26.566,26.561,26.561,26.561,26.566,26.566,26.566,26.566,26.561,26.555,26.55,26.545,26.535,26.529,26.524,26.519,26.514,26.508,26.498,26.498,26.493,26.498,26.493,26.488,26.488,26.477,26.482,26.493,26.498,26.508,26.519,26.529,26.54,26.55,26.55,26.561,26.566,26.566,26.566,26.566,26.566,26.555,26.55,26.545,26.54,26.54,26.535,26.535,26.54,26.535,26.54,26.54,26.54,26.535,26.529,26.524,26.519,26.524,26.524,26.529,26.529,26.535,26.545,26.55,26.555,26.555,26.555,26.555,26.555,26.555,26.555,26.555,26.561,26.566,26.561,26.566,26.561,26.561,26.561,26.561,26.561,26.566,26.576,26.587,26.597,26.613,26.618,26.634,26.639,26.649,26.654,26.654,26.66,26.66,26.66,26.66,26.66,26.66,26.654,26.654,26.654,26.649,26.644,26.644,26.634,26.634,26.628,26.634,26.639,26.644,26.66,26.665,26.675,26.68,26.686,26.691,26.696,26.701,26.706,26.712,26.722,26.732,26.748,26.764,26.774,26.79,26.8,26.805,26.821,26.836,26.847,26.852,26.852,26.852,26.852,26.847,26.836,26.831,26.816,26.805,26.795,26.774,26.753,26.717,26.67,26.628,26.54,26.242,25.334,25.239,25.26,25.26,25.16,25.85,26.441,26.545,26.607,26.67,26.696,26.732,26.764,26.779,26.79,26.795,26.795,26.79,26.795,26.795,26.795,26.79,26.784,26.779,26.769,26.769,26.769,26.774,26.779,26.779,26.784,26.779,26.779,26.779,26.779,26.784,26.784,26.784,26.79,26.79,26.795,26.795,26.795,26.8,26.8,26.8,26.805,26.8,26.8,26.8,26.795,26.8,26.8,26.816,26.816,26.821,26.831,26.826,26.821,26.81,26.805,26.79,26.784,26.784,26.784,26.784,26.779,26.79,26.784,26.784,26.784,26.784,26.779,26.779,26.774,26.769,26.774,26.764,26.764,26.764,26.769,26.764,26.764,26.769,26.764,26.758,26.758,26.764,26.764,26.753,26.748,26.732,26.727,26.722,26.722,26.727,26.743,26.753,26.764,26.769,26.769,26.764,26.753,26.748,26.743,26.748,26.748,26.743,26.748,26.748,26.748,26.748,26.743,26.732,26.732
,26.503,26.503,26.508,26.514,26.514,26.519,26.508,26.498,26.488,26.472,26.467,26.462,26.462,26.462,26.462,26.462,26.462,26.462,26.462,26.467,26.472,26.477,26.482,26.488,26.488,26.493,26.503,26.508,26.508,26.503,26.503,26.498,26.488,26.488,26.482,26.488,26.488,26.493,26.508,26.514,26.519,26.529,26.524,26.529,26.514,26.503,26.493,26.488,26.482,26.482,26.488,26.482,26.493,26.488,26.482,26.482,26.482,26.482,26.482,26.482,26.472,26.467,26.462,26.456,26.456,26.451,26.456,26.462,26.456,26.462,26.462,26.462,26.462,26.462,26.472,26.477,26.482,26.493,26.498,26.503,26.508,26.508,26.514,26.508,26.514,26.519,26.514,26.514,26.508,26.508,26.498,26.493,26.488,26.477,26.43,26.409,26.368,26.232,25.991,25.44,25.102,25.06,25.065,25.102,25.476,26.085,26.227,26.389,26.42,26.467,26.488,26.508,26.519,26.524,26.529,26.535,26.545,26.55,26.561,26.561,26.571,26.566,26.566,26.571,26.566,26.566,26.576,26.576,26.581,26.581,26.571,26.571,26.555,26.545,26.535,26.524,26.519,26.514,26.508,26.503,26.498,26.503,26.498,26.493,26.493,26.488,26.477,26.482,26.482,26.488,26.498,26.514,26.524,26.529,26.54,26.545,26.555,26.555,26.561,26.561,26.561,26.566,26.566,26.561,26.545,26.545,26.54,26.535,26.535,26.54,26.545,26.545,26.545,26.54,26.54,26.535,26.524,26.529,26.524,26.529,26.529,26.535,26.545,26.55,26.555,26.555,26.555,26.555,26.555,26.555,26.555,26.555,26.561,26.561,26.561,26.561,26.561,26.555,26.561,26.561,26.561,26.555,26.566,26.571,26.587,26.597,26.613,26.623,26.634,26.644,26.654,26.66,26.665,26.66,26.66,26.66,26.665,26.665,26.665,26.66,26.66,26.654,26.649,26.649,26.644,26.639,26.639,26.634,26.634,26.644,26.649,26.66,26.67,26.675,26.68,26.691,26.696,26.701,26.701,26.712,26.717,26.727,26.738,26.753,26.769,26.784,26.79,26.8,26.81,26.826,26.836,26.852,26.852,26.857,26.857,26.857,26.847,26.842,26.831,26.826,26.816,26.8,26.79,26.769,26.743,26.753,26.67,26.712,26.279,25.387,25.229,25.308,25.245,25.202,25.734,26.394,26.581,26.597,26.654,26.712,26.743,26.774,26.784,26.8,26.8,26.8,26.795,26.795,26.795,26.795,26.795,26.79,26.784,26.774,26.774,26.774,26.784,26.79,26.79,26.79,26.79,26.79,26.79,26.79,26.79,26.795,26.8,26.8,26.8,26.805,26.805,26.805,26.805,26.805,26.805,26.805,26.805,26.805,26.8,26.8,26.8,26.805,26.81,26.816,26.821,26.826,26.826,26.816,26.81,26.795,26.79,26.784,26.779,26.779,26.784,26.779,26.784,26.779,26.779,26.779,26.779,26.779,26.779,26.774,26.774,26.769,26.769,26.774,26.774,26.774,26.769,26.769,26.774,26.769,26.779,26.774,26.779,26.774,26.764,26.758,26.743,26.727,26.722,26.717,26.727,26.738,26.758,26.764,26.764,26.764,26.758,26.748,26.748,26.743,26.748,26.748,26.748,26.748,26.748,26.748,26.748,26.743,26.743,26.738
,26.498,26.503,26.508,26.514,26.508,26.514,26.508,26.503,26.488,26.472,26.462,26.456,26.456,26.456,26.456,26.451,26.451,26.456,26.456,26.462,26.462,26.472,26.477,26.482,26.488,26.493,26.498,26.508,26.508,26.503,26.498,26.493,26.488,26.493,26.488,26.488,26.493,26.498,26.514,26.519,26.529,26.535,26.535,26.529,26.514,26.508,26.498,26.488,26.482,26.482,26.488,26.488,26.493,26.493,26.493,26.493,26.493,26.493,26.493,26.482,26.477,26.467,26.456,26.456,26.451,26.451,26.456,26.462,26.462,26.467,26.467,26.462,26.462,26.462,26.467,26.472,26.482,26.488,26.498,26.508,26.514,26.514,26.514,26.514,26.514,26.514,26.514,26.508,26.508,26.508,26.503,26.503,26.498,26.488,26.482,26.451,26.456,26.357,26.227,25.666,25.165,25.065,25.076,25.06,25.229,26.012,26.321,26.394,26.446,26.456,26.482,26.498,26.508,26.519,26.529,26.535,26.54,26.555,26.561,26.571,26.571,26.571,26.571,26.571,26.571,26.576,26.581,26.587,26.597,26.592,26.597,26.587,26.571,26.555,26.545,26.535,26.524,26.519,26.514,26.514,26.508,26.508,26.508,26.503,26.498,26.493,26.488,26.482,26.482,26.488,26.493,26.508,26.519,26.524,26.535,26.545,26.545,26.55,26.555,26.561,26.566,26.566,26.566,26.561,26.555,26.545,26.54,26.54,26.535,26.54,26.54,26.545,26.545,26.545,26.545,26.535,26.529,26.529,26.529,26.529,26.535,26.545,26.55,26.555,26.561,26.555,26.555,26.555,26.555,26.555,26.555,26.555,26.561,26.561,26.561,26.561,26.561,26.555,26.561,26.561,26.561,26.561,26.566,26.576,26.587,26.597,26.613,26.623,26.639,26.644,26.654,26.665,26.665,26.665,26.665,26.665,26.665,26.665,26.665,26.665,26.654,26.654,26.649,26.649,26.644,26.639,26.639,26.639,26.639,26.644,26.654,26.665,26.675,26.68,26.686,26.691,26.696,26.701,26.706,26.717,26.722,26.732,26.743,26.758,26.779,26.79,26.795,26.8,26.81,26.821,26.831,26.847,26.857,26.857,26.857,26.857,26.847,26.842,26.831,26.826,26.816,26.805,26.79,26.774,26.758,26.743,26.706,26.738,26.425,25.739,25.255,25.234,25.281,25.25,25.392,26.404,26.555,26.555,26.717,26.732,26.753,26.784,26.795,26.805,26.805,26.805,26.8,26.795,26.795,26.795,26.79,26.79,26.784,26.784,26.779,26.779,26.79,26.795,26.795,26.8,26.795,26.795,26.795,26.8,26.8,26.8,26.805,26.805,26.81,26.81,26.81,26.81,26.81,26.81,26.81,26.81,26.81,26.81,26.805,26.805,26.805,26.805,26.81,26.816,26.816,26.826,26.821,26.816,26.805,26.795,26.784,26.784,26.779,26.779,26.784,26.779,26.779,26.774,26.774,26.774,26.779,26.774,26.769,26.774,26.764,26.769,26.769,26.774,26.774,26.779,26.779,26.779,26.779,26.779,26.779,26.784,26.779,26.779,26.774,26.769,26.753,26.738,26.727,26.722,26.722,26.738,26.748,26.764,26.769,26.758,26.753,26.748,26.748,26.748,26.748,26.748,26.748,26.748,26.748,26.748,26.748,26.748,26.748,26.748
,26.498,26.503,26.503,26.508,26.514,26.514,26.514,26.503,26.488,26.477,26.467,26.462,26.451,26.451,26.451,26.451,26.446,26.446,26.451,26.451,26.456,26.462,26.472,26.477,26.482,26.488,26.498,26.498,26.498,26.503,26.498,26.493,26.493,26.493,26.498,26.498,26.503,26.508,26.519,26.524,26.529,26.54,26.535,26.529,26.524,26.508,26.498,26.488,26.488,26.482,26.488,26.488,26.493,26.493,26.493,26.498,26.498,26.493,26.493,26.482,26.477,26.462,26.456,26.451,26.441,26.446,26.451,26.451,26.456,26.456,26.456,26.456,26.456,26.456,26.462,26.467,26.477,26.488,26.493,26.498,26.508,26.514,26.514,26.514,26.514,26.508,26.503,26.503,26.508,26.508,26.503,26.503,26.503,26.493,26.488,26.482,26.446,26.326,26.362,26.101,25.445,25.123,25.028,25.039,25.065,25.519,26.132,26.368,26.43,26.451,26.472,26.488,26.503,26.514,26.529,26.535,26.55,26.555,26.561,26.566,26.571,26.571,26.571,26.571,26.576,26.581,26.587,26.592,26.602,26.607,26.602,26.592,26.576,26.561,26.545,26.535,26.524,26.519,26.514,26.519,26.519,26.514,26.514,26.508,26.503,26.498,26.493,26.488,26.488,26.488,26.493,26.508,26.514,26.519,26.524,26.529,26.535,26.55,26.555,26.555,26.561,26.566,26.566,26.561,26.555,26.545,26.535,26.529,26.535,26.535,26.54,26.54,26.545,26.55,26.545,26.54,26.54,26.529,26.524,26.535,26.535,26.545,26.555,26.561,26.566,26.561,26.555,26.561,26.561,26.561,26.561,26.561,26.561,26.561,26.561,26.561,26.561,26.566,26.566,26.566,26.566,26.566,26.571,26.581,26.592,26.602,26.618,26.623,26.639,26.644,26.654,26.66,26.665,26.67,26.67,26.665,26.665,26.665,26.66,26.66,26.66,26.654,26.649,26.649,26.644,26.639,26.639,26.639,26.639,26.649,26.665,26.67,26.68,26.686,26.701,26.701,26.706,26.717,26.722,26.727,26.738,26.748,26.758,26.774,26.784,26.79,26.795,26.8,26.805,26.821,26.831,26.842,26.847,26.857,26.852,26.852,26.847,26.842,26.831,26.826,26.816,26.805,26.795,26.779,26.769,26.753,26.717,26.727,26.566,25.981,25.255,25.324,25.334,25.255,25.271,26.409,26.597,26.66,26.686,26.738,26.758,26.784,26.8,26.81,26.81,26.81,26.8,26.795,26.795,26.79,26.79,26.79,26.784,26.79,26.784,26.784,26.79,26.795,26.8,26.8,26.795,26.795,26.795,26.8,26.8,26.805,26.816,26.81,26.816,26.81,26.816,26.81,26.81,26.805,26.805,26.805,26.81,26.81,26.805,26.805,26.805,26.805,26.81,26.816,26.816,26.816,26.816,26.805,26.805,26.795,26.79,26.784,26.779,26.779,26.779,26.784,26.779,26.774,26.769,26.769,26.769,26.774,26.774,26.774,26.769,26.769,26.774,26.774,26.784,26.784,26.784,26.784,26.784,26.784,26.784,26.779,26.784,26.784,26.779,26.774,26.758,26.743,26.732,26.722,26.722,26.732,26.743,26.753,26.758,26.758,26.758,26.753,26.748,26.748,26.753,26.753,26.753,26.753,26.753,26.748,26.748,26.753,26.748,26.753
,26.498,26.503,26.498,26.508,26.514,26.508,26.508,26.503,26.488,26.477,26.467,26.456,26.451,26.446,26.446,26.446,26.446,26.441,26.446,26.446,26.456,26.462,26.467,26.477,26.482,26.488,26.488,26.493,26.498,26.493,26.498,26.498,26.493,26.498,26.503,26.503,26.508,26.514,26.519,26.529,26.535,26.54,26.535,26.529,26.519,26.508,26.493,26.488,26.488,26.488,26.488,26.488,26.493,26.493,26.493,26.498,26.498,26.498,26.498,26.488,26.477,26.472,26.456,26.451,26.441,26.441,26.446,26.451,26.451,26.456,26.456,26.456,26.451,26.456,26.456,26.462,26.472,26.477,26.488,26.493,26.503,26.508,26.514,26.508,26.508,26.508,26.508,26.503,26.503,26.498,26.508,26.508,26.503,26.498,26.493,26.488,26.488,26.472,26.342,26.174,25.85,25.176,24.927,24.986,25.023,25.197,25.881,26.253,26.399,26.441,26.462,26.472,26.503,26.514,26.524,26.535,26.55,26.555,26.566,26.571,26.576,26.576,26.576,26.576,26.576,26.587,26.592,26.602,26.607,26.607,26.602,26.597,26.581,26.566,26.55,26.54,26.529,26.524,26.524,26.524,26.524,26.524,26.524,26.514,26.514,26.503,26.498,26.493,26.493,26.493,26.498,26.508,26.508,26.508,26.519,26.524,26.529,26.54,26.545,26.555,26.555,26.555,26.561,26.561,26.55,26.54,26.535,26.529,26.524,26.529,26.54,26.545,26.55,26.55,26.55,26.545,26.54,26.529,26.524,26.529,26.54,26.545,26.555,26.566,26.571,26.555,26.561,26.555,26.566,26.561,26.566,26.566,26.566,26.566,26.566,26.566,26.566,26.566,26.566,26.566,26.571,26.571,26.581,26.587,26.597,26.602,26.618,26.623,26.634,26.644,26.649,26.654,26.665,26.66,26.665,26.665,26.665,26.654,26.654,26.654,26.649,26.654,26.649,26.649,26.644,26.634,26.639,26.634,26.644,26.654,26.665,26.68,26.686,26.696,26.706,26.706,26.712,26.727,26.732,26.743,26.753,26.753,26.764,26.779,26.784,26.79,26.795,26.795,26.8,26.816,26.826,26.836,26.847,26.852,26.847,26.847,26.842,26.836,26.831,26.821,26.821,26.81,26.8,26.779,26.769,26.758,26.764,26.691,26.55,26.002,25.245,25.276,25.313,25.276,25.26,26.237,26.613,26.732,26.706,26.743,26.758,26.784,26.8,26.81,26.816,26.805,26.8,26.795,26.79,26.779,26.784,26.79,26.79,26.79,26.79,26.795,26.795,26.795,26.795,26.795,26.795,26.795,26.795,26.795,26.8,26.81,26.816,26.816,26.816,26.816,26.816,26.81,26.805,26.8,26.8,26.8,26.8,26.81,26.81,26.81,26.81,26.81,26.81,26.81,26.816,26.816,26.81,26.805,26.8,26.795,26.795,26.79,26.784,26.784,26.784,26.784,26.779,26.779,26.774,26.774,26.774,26.779,26.774,26.774,26.774,26.769,26.774,26.779,26.784,26.784,26.79,26.784,26.784,26.779,26.779,26.784,26.779,26.784,26.779,26.774,26.758,26.748,26.738,26.727,26.722,26.732,26.738,26.748,26.758,26.758,26.758,26.753,26.753,26.753,26.758,26.758,26.753,26.753,26.753,26.753,26.753,26.753,26.753,26.758
,26.498,26.503,26.503,26.508,26.508,26.514,26.508,26.503,26.493,26.482,26.477,26.462,26.462,26.451,26.451,26.446,26.446,26.435,26.441,26.451,26.451,26.462,26.462,26.472,26.472,26.477,26.477,26.488,26.488,26.488,26.498,26.498,26.493,26.498,26.503,26.508,26.508,26.514,26.524,26.535,26.535,26.54,26.535,26.529,26.514,26.508,26.498,26.498,26.488,26.488,26.488,26.488,26.488,26.488,26.488,26.493,26.493,26.493,26.493,26.488,26.477,26.467,26.456,26.451,26.441,26.441,26.441,26.446,26.446,26.451,26.451,26.451,26.451,26.456,26.456,26.467,26.472,26.477,26.482,26.493,26.498,26.503,26.508,26.514,26.514,26.508,26.508,26.503,26.503,26.503,26.498,26.503,26.503,26.503,26.498,26.493,26.477,26.467,26.331,26.253,26.122,25.519,25.044,24.975,25.002,25.039,25.634,26.028,26.368,26.394,26.425,26.482,26.503,26.514,26.524,26.535,26.545,26.561,26.571,26.576,26.576,26.581,26.576,26.581,26.587,26.592,26.597,26.607,26.607,26.602,26.602,26.592,26.581,26.566,26.55,26.545,26.535,26.529,26.529,26.529,26.529,26.529,26.529,26.519,26.514,26.508,26.503,26.498,26.498,26.498,26.503,26.508,26.508,26.508,26.514,26.519,26.524,26.529,26.545,26.55,26.555,26.555,26.555,26.555,26.55,26.54,26.535,26.529,26.524,26.524,26.529,26.54,26.55,26.555,26.555,26.555,26.54,26.529,26.529,26.529,26.535,26.54,26.545,26.55,26.555,26.555,26.555,26.566,26.566,26.566,26.566,26.566,26.566,26.571,26.576,26.576,26.581,26.576,26.576,26.576,26.576,26.581,26.587,26.597,26.602,26.613,26.618,26.623,26.628,26.639,26.644,26.654,26.66,26.66,26.66,26.66,26.654,26.649,26.649,26.644,26.644,26.644,26.644,26.644,26.639,26.634,26.634,26.634,26.639,26.66,26.675,26.686,26.696,26.706,26.717,26.722,26.727,26.738,26.748,26.748,26.758,26.769,26.774,26.779,26.79,26.79,26.79,26.795,26.8,26.81,26.821,26.831,26.842,26.847,26.842,26.836,26.831,26.826,26.821,26.821,26.816,26.81,26.8,26.784,26.774,26.753,26.743,26.654,26.561,26.054,25.376,25.276,25.303,25.355,25.329,25.797,26.378,26.634,26.66,26.696,26.748,26.774,26.795,26.805,26.805,26.805,26.795,26.79,26.784,26.784,26.784,26.784,26.79,26.79,26.795,26.795,26.795,26.79,26.784,26.784,26.784,26.784,26.79,26.795,26.8,26.81,26.81,26.81,26.81,26.81,26.81,26.8,26.805,26.79,26.79,26.795,26.8,26.8,26.81,26.81,26.805,26.81,26.81,26.81,26.805,26.81,26.81,26.805,26.805,26.8,26.795,26.79,26.79,26.779,26.779,26.779,26.779,26.779,26.779,26.779,26.774,26.779,26.774,26.769,26.774,26.779,26.779,26.784,26.79,26.79,26.79,26.784,26.784,26.774,26.779,26.774,26.774,26.774,26.774,26.769,26.758,26.748,26.738,26.727,26.722,26.727,26.738,26.748,26.758,26.764,26.764,26.764,26.764,26.758,26.764,26.764,26.764,26.758,26.758,26.758,26.753,26.753,26.758,26.764
,26.503,26.503,26.508,26.514,26.514,26.514,26.508,26.503,26.498,26.488,26.477,26.472,26.467,26.462,26.456,26.451,26.451,26.446,26.446,26.451,26.462,26.467,26.467,26.472,26.467,26.472,26.477,26.482,26.482,26.488,26.488,26.498,26.498,26.503,26.508,26.508,26.514,26.514,26.524,26.529,26.535,26.54,26.535,26.529,26.514,26.508,26.498,26.493,26.488,26.488,26.488,26.488,26.482,26.482,26.482,26.488,26.493,26.488,26.488,26.482,26.477,26.462,26.456,26.446,26.435,26.435,26.435,26.441,26.446,26.446,26.446,26.451,26.451,26.451,26.456,26.462,26.472,26.472,26.482,26.488,26.493,26.503,26.508,26.514,26.514,26.508,26.508,26.503,26.498,26.498,26.498,26.498,26.498,26.503,26.498,26.482,26.477,26.467,26.326,26.295,26.326,25.755,25.081,24.98,24.98,25.06,25.324,25.907,26.326,26.352,26.409,26.508,26.498,26.503,26.519,26.529,26.55,26.561,26.566,26.571,26.576,26.581,26.587,26.592,26.592,26.597,26.607,26.607,26.607,26.602,26.597,26.587,26.571,26.561,26.55,26.545,26.54,26.535,26.535,26.535,26.54,26.535,26.529,26.529,26.524,26.519,26.508,26.503,26.503,26.503,26.503,26.508,26.503,26.503,26.508,26.508,26.519,26.524,26.535,26.54,26.55,26.55,26.555,26.545,26.545,26.535,26.529,26.524,26.519,26.519,26.529,26.54,26.55,26.555,26.561,26.555,26.545,26.535,26.529,26.524,26.524,26.54,26.54,26.545,26.545,26.55,26.555,26.561,26.571,26.571,26.571,26.571,26.576,26.576,26.581,26.587,26.587,26.587,26.587,26.581,26.587,26.587,26.592,26.602,26.607,26.607,26.618,26.618,26.628,26.628,26.644,26.649,26.66,26.66,26.654,26.654,26.649,26.649,26.649,26.639,26.644,26.639,26.639,26.634,26.634,26.628,26.634,26.634,26.639,26.66,26.67,26.686,26.701,26.712,26.722,26.727,26.732,26.743,26.748,26.758,26.764,26.769,26.774,26.784,26.784,26.784,26.784,26.79,26.795,26.8,26.816,26.821,26.826,26.836,26.836,26.826,26.826,26.821,26.816,26.816,26.821,26.816,26.805,26.795,26.779,26.758,26.717,26.706,26.535,26.289,25.576,25.308,25.255,25.35,25.255,25.808,26.321,26.524,26.743,26.706,26.727,26.764,26.779,26.795,26.795,26.8,26.795,26.784,26.779,26.779,26.784,26.784,26.784,26.795,26.795,26.795,26.79,26.784,26.784,26.774,26.774,26.784,26.784,26.79,26.8,26.805,26.81,26.81,26.805,26.805,26.8,26.795,26.79,26.784,26.784,26.784,26.795,26.805,26.81,26.81,26.816,26.805,26.805,26.81,26.805,26.81,26.81,26.805,26.805,26.8,26.795,26.795,26.79,26.79,26.784,26.784,26.79,26.79,26.784,26.784,26.779,26.784,26.779,26.774,26.774,26.784,26.79,26.784,26.795,26.795,26.79,26.784,26.779,26.774,26.774,26.774,26.774,26.774,26.769,26.764,26.758,26.748,26.738,26.732,26.727,26.732,26.738,26.753,26.764,26.764,26.764,26.764,26.764,26.764,26.769,26.769,26.764,26.764,26.758,26.764,26.753,26.758,26.764,26.769
,26.498,26.503,26.514,26.519,26.519,26.519,26.508,26.503,26.498,26.488,26.482,26.477,26.472,26.462,26.462,26.462,26.462,26.456,26.456,26.462,26.462,26.462,26.467,26.467,26.467,26.467,26.467,26.477,26.482,26.488,26.493,26.493,26.498,26.503,26.503,26.508,26.514,26.519,26.524,26.535,26.54,26.54,26.535,26.529,26.514,26.508,26.498,26.493,26.493,26.488,26.482,26.482,26.482,26.477,26.477,26.482,26.493,26.488,26.488,26.482,26.477,26.462,26.451,26.441,26.435,26.43,26.435,26.435,26.441,26.446,26.446,26.451,26.451,26.456,26.456,26.462,26.467,26.472,26.477,26.482,26.493,26.493,26.503,26.508,26.514,26.514,26.514,26.503,26.498,26.493,26.493,26.493,26.493,26.493,26.493,26.488,26.472,26.451,26.404,26.357,26.274,26.122,25.371,24.933,24.949,25.123,25.091,25.755,26.331,26.352,26.519,26.456,26.472,26.503,26.514,26.535,26.55,26.555,26.566,26.571,26.576,26.581,26.587,26.597,26.602,26.602,26.607,26.607,26.602,26.602,26.592,26.581,26.571,26.566,26.555,26.55,26.545,26.54,26.54,26.54,26.545,26.54,26.535,26.529,26.524,26.519,26.514,26.508,26.514,26.514,26.514,26.514,26.514,26.508,26.503,26.503,26.514,26.524,26.529,26.54,26.545,26.545,26.545,26.545,26.54,26.529,26.524,26.524,26.519,26.524,26.529,26.54,26.55,26.555,26.561,26.55,26.54,26.529,26.524,26.519,26.524,26.529,26.529,26.529,26.535,26.54,26.545,26.555,26.566,26.571,26.571,26.571,26.576,26.581,26.592,26.592,26.597,26.597,26.597,26.597,26.597,26.597,26.602,26.602,26.613,26.618,26.618,26.618,26.618,26.628,26.639,26.649,26.66,26.654,26.654,26.649,26.649,26.639,26.639,26.634,26.634,26.634,26.634,26.628,26.628,26.623,26.623,26.634,26.639,26.654,26.67,26.686,26.701,26.712,26.717,26.727,26.738,26.748,26.753,26.764,26.769,26.769,26.774,26.774,26.779,26.779,26.779,26.784,26.79,26.795,26.805,26.816,26.826,26.826,26.826,26.821,26.816,26.816,26.81,26.816,26.81,26.816,26.816,26.8,26.779,26.758,26.738,26.607,26.649,26.237,25.655,25.229,25.287,25.292,25.292,25.455,26.42,26.529,26.67,26.686,26.712,26.743,26.769,26.784,26.79,26.79,26.79,26.784,26.784,26.784,26.784,26.79,26.795,26.795,26.795,26.79,26.784,26.779,26.774,26.769,26.769,26.779,26.784,26.79,26.795,26.8,26.805,26.805,26.8,26.795,26.795,26.79,26.779,26.769,26.769,26.779,26.784,26.8,26.81,26.81,26.81,26.81,26.81,26.805,26.8,26.805,26.805,26.8,26.805,26.8,26.8,26.795,26.795,26.79,26.79,26.795,26.795,26.795,26.795,26.795,26.795,26.784,26.779,26.774,26.774,26.784,26.79,26.795,26.8,26.795,26.79,26.784,26.774,26.774,26.769,26.769,26.769,26.769,26.764,26.758,26.753,26.738,26.732,26.727,26.732,26.743,26.748,26.758,26.764,26.764,26.764,26.764,26.764,26.764,26.769,26.764,26.769,26.764,26.758,26.764,26.753,26.758,26.764,26.764
,26.498,26.503,26.514,26.514,26.519,26.514,26.514,26.503,26.498,26.493,26.482,26.477,26.477,26.472,26.472,26.472,26.472,26.472,26.472,26.467,26.472,26.467,26.462,26.462,26.462,26.462,26.467,26.467,26.477,26.477,26.488,26.493,26.498,26.503,26.503,26.508,26.514,26.519,26.529,26.54,26.545,26.545,26.545,26.535,26.519,26.514,26.503,26.498,26.493,26.493,26.493,26.488,26.482,26.482,26.482,26.482,26.493,26.498,26.493,26.488,26.472,26.462,26.451,26.441,26.43,26.435,26.43,26.441,26.441,26.441,26.446,26.451,26.456,26.462,26.462,26.462,26.467,26.467,26.472,26.482,26.488,26.493,26.498,26.503,26.508,26.508,26.514,26.503,26.498,26.493,26.488,26.488,26.488,26.493,26.493,26.488,26.477,26.462,26.446,26.435,26.415,26.216,25.687,25.155,25.028,25.039,25.16,25.229,25.892,26.368,26.409,26.456,26.451,26.482,26.508,26.529,26.545,26.555,26.561,26.571,26.576,26.581,26.592,26.597,26.602,26.613,26.613,26.607,26.602,26.597,26.587,26.576,26.566,26.561,26.561,26.555,26.555,26.55,26.55,26.55,26.55,26.545,26.545,26.529,26.524,26.524,26.519,26.514,26.514,26.519,26.519,26.519,26.519,26.514,26.514,26.514,26.514,26.524,26.529,26.535,26.54,26.545,26.545,26.54,26.535,26.529,26.524,26.524,26.524,26.529,26.535,26.545,26.55,26.555,26.555,26.545,26.535,26.524,26.519,26.514,26.519,26.524,26.529,26.529,26.535,26.535,26.545,26.55,26.561,26.566,26.571,26.576,26.581,26.592,26.602,26.602,26.607,26.613,26.607,26.602,26.607,26.607,26.613,26.613,26.618,26.618,26.618,26.613,26.618,26.628,26.639,26.649,26.66,26.654,26.66,26.649,26.644,26.639,26.634,26.628,26.628,26.623,26.623,26.623,26.618,26.618,26.618,26.628,26.639,26.654,26.67,26.686,26.691,26.706,26.717,26.722,26.732,26.743,26.753,26.758,26.764,26.764,26.764,26.774,26.769,26.774,26.779,26.779,26.784,26.79,26.795,26.805,26.81,26.816,26.816,26.81,26.81,26.81,26.81,26.816,26.816,26.816,26.816,26.805,26.79,26.769,26.748,26.743,26.597,26.268,25.865,25.287,25.35,25.329,25.276,25.445,26.482,26.488,26.592,26.67,26.701,26.738,26.758,26.779,26.784,26.79,26.79,26.79,26.784,26.784,26.79,26.795,26.795,26.795,26.795,26.79,26.784,26.779,26.769,26.769,26.774,26.779,26.784,26.79,26.795,26.8,26.805,26.8,26.795,26.795,26.79,26.784,26.779,26.769,26.769,26.779,26.79,26.8,26.8,26.81,26.81,26.81,26.805,26.8,26.805,26.805,26.805,26.805,26.805,26.805,26.8,26.8,26.795,26.795,26.795,26.79,26.8,26.8,26.8,26.805,26.8,26.8,26.784,26.784,26.779,26.784,26.795,26.8,26.8,26.8,26.795,26.784,26.774,26.769,26.769,26.769,26.769,26.764,26.758,26.753,26.743,26.732,26.732,26.732,26.732,26.743,26.753,26.758,26.758,26.764,26.764,26.758,26.758,26.758,26.764,26.769,26.769,26.764,26.758,26.758,26.753,26.753,26.764,26.764
,26.493,26.503,26.514,26.514,26.508,26.508,26.508,26.503,26.498,26.498,26.488,26.482,26.482,26.477,26.482,26.488,26.488,26.488,26.477,26.482,26.472,26.472,26.462,26.456,26.456,26.462,26.462,26.467,26.472,26.477,26.488,26.493,26.498,26.503,26.508,26.514,26.519,26.524,26.54,26.545,26.555,26.555,26.55,26.54,26.524,26.514,26.508,26.503,26.503,26.498,26.493,26.493,26.488,26.482,26.482,26.488,26.498,26.498,26.493,26.488,26.472,26.462,26.446,26.441,26.43,26.435,26.43,26.435,26.441,26.446,26.451,26.456,26.456,26.456,26.462,26.467,26.462,26.467,26.472,26.472,26.477,26.482,26.488,26.493,26.498,26.503,26.503,26.498,26.493,26.493,26.488,26.488,26.488,26.493,26.493,26.493,26.488,26.477,26.446,26.389,26.383,26.268,25.823,25.545,25.076,25.028,25.06,25.081,25.671,26.289,26.342,26.383,26.43,26.467,26.498,26.514,26.535,26.545,26.555,26.566,26.576,26.581,26.592,26.597,26.602,26.602,26.607,26.607,26.597,26.587,26.576,26.571,26.566,26.561,26.561,26.561,26.561,26.561,26.555,26.555,26.55,26.545,26.54,26.535,26.529,26.519,26.519,26.524,26.524,26.524,26.529,26.529,26.524,26.524,26.519,26.514,26.519,26.524,26.529,26.535,26.54,26.54,26.54,26.545,26.54,26.529,26.524,26.524,26.524,26.535,26.54,26.545,26.55,26.555,26.55,26.545,26.535,26.519,26.519,26.514,26.519,26.519,26.524,26.529,26.529,26.535,26.535,26.54,26.555,26.561,26.566,26.571,26.581,26.592,26.602,26.607,26.613,26.618,26.618,26.618,26.618,26.618,26.618,26.623,26.623,26.623,26.618,26.613,26.618,26.628,26.644,26.66,26.665,26.665,26.66,26.649,26.644,26.639,26.628,26.628,26.623,26.623,26.623,26.618,26.618,26.618,26.618,26.628,26.639,26.649,26.66,26.675,26.696,26.701,26.712,26.722,26.732,26.738,26.753,26.753,26.753,26.758,26.758,26.758,26.764,26.764,26.769,26.769,26.774,26.779,26.784,26.795,26.795,26.805,26.805,26.805,26.805,26.805,26.805,26.81,26.816,26.816,26.816,26.805,26.8,26.79,26.738,26.727,26.592,26.508,25.923,25.208,25.355,25.366,25.334,25.376,26.18,26.524,26.54,26.654,26.691,26.727,26.758,26.774,26.79,26.79,26.795,26.795,26.795,26.795,26.8,26.8,26.8,26.805,26.795,26.79,26.779,26.774,26.769,26.764,26.774,26.779,26.79,26.795,26.795,26.8,26.8,26.8,26.795,26.79,26.79,26.784,26.779,26.774,26.769,26.784,26.79,26.8,26.805,26.805,26.81,26.805,26.805,26.805,26.805,26.805,26.8,26.805,26.805,26.805,26.8,26.8,26.8,26.8,26.8,26.8,26.795,26.805,26.805,26.81,26.81,26.805,26.795,26.79,26.79,26.795,26.8,26.81,26.81,26.8,26.795,26.784,26.774,26.764,26.758,26.764,26.764,26.764,26.758,26.748,26.732,26.727,26.722,26.727,26.732,26.748,26.753,26.758,26.764,26.758,26.758,26.758,26.753,26.753,26.758,26.764,26.764,26.764,26.758,26.753,26.753,26.753,26.753,26.758
,26.488,26.493,26.508,26.508,26.514,26.508,26.508,26.503,26.493,26.498,26.493,26.493,26.493,26.493,26.498,26.498,26.498,26.498,26.493,26.488,26.477,26.467,26.462,26.456,26.456,26.456,26.462,26.462,26.467,26.472,26.482,26.488,26.498,26.503,26.508,26.514,26.524,26.529,26.545,26.55,26.561,26.561,26.555,26.545,26.54,26.519,26.514,26.508,26.508,26.503,26.503,26.498,26.498,26.493,26.493,26.498,26.503,26.503,26.503,26.493,26.482,26.467,26.451,26.435,26.435,26.435,26.435,26.441,26.446,26.451,26.456,26.462,26.462,26.467,26.467,26.467,26.467,26.467,26.467,26.467,26.472,26.477,26.477,26.482,26.482,26.488,26.493,26.493,26.493,26.488,26.488,26.493,26.493,26.498,26.498,26.498,26.493,26.482,26.467,26.462,26.446,26.3,26.289,25.697,25.086,24.986,25.023,25.097,25.223,25.928,26.362,26.415,26.399,26.446,26.482,26.503,26.524,26.54,26.55,26.561,26.571,26.581,26.587,26.597,26.597,26.602,26.607,26.597,26.592,26.587,26.571,26.571,26.566,26.566,26.561,26.561,26.561,26.561,26.561,26.561,26.555,26.555,26.545,26.54,26.529,26.524,26.524,26.524,26.524,26.524,26.529,26.535,26.535,26.524,26.524,26.519,26.519,26.524,26.524,26.529,26.535,26.54,26.545,26.545,26.545,26.54,26.535,26.535,26.535,26.54,26.545,26.55,26.555,26.555,26.55,26.54,26.529,26.519,26.514,26.514,26.519,26.524,26.529,26.529,26.535,26.535,26.535,26.54,26.545,26.55,26.561,26.566,26.581,26.587,26.602,26.607,26.613,26.618,26.618,26.618,26.623,26.623,26.628,26.628,26.628,26.628,26.623,26.618,26.623,26.634,26.644,26.654,26.665,26.665,26.654,26.649,26.639,26.634,26.628,26.623,26.623,26.618,26.618,26.618,26.613,26.613,26.618,26.623,26.634,26.644,26.66,26.675,26.686,26.701,26.706,26.717,26.722,26.738,26.743,26.748,26.753,26.753,26.753,26.753,26.753,26.758,26.764,26.764,26.774,26.774,26.779,26.784,26.795,26.795,26.795,26.8,26.8,26.8,26.805,26.81,26.805,26.816,26.816,26.81,26.805,26.8,26.764,26.769,26.732,26.514,26.132,25.376,25.334,25.376,25.303,25.329,26.007,26.545,26.618,26.644,26.675,26.722,26.758,26.774,26.79,26.79,26.795,26.805,26.805,26.805,26.805,26.805,26.805,26.805,26.795,26.79,26.784,26.774,26.769,26.769,26.774,26.784,26.79,26.795,26.8,26.795,26.8,26.795,26.79,26.79,26.79,26.784,26.784,26.774,26.779,26.784,26.795,26.805,26.805,26.8,26.805,26.805,26.805,26.805,26.8,26.805,26.805,26.8,26.805,26.805,26.8,26.795,26.8,26.795,26.795,26.8,26.8,26.805,26.81,26.816,26.821,26.816,26.805,26.8,26.8,26.81,26.81,26.821,26.816,26.81,26.8,26.79,26.774,26.764,26.758,26.758,26.758,26.764,26.753,26.743,26.732,26.722,26.722,26.727,26.732,26.743,26.753,26.758,26.758,26.753,26.753,26.748,26.748,26.753,26.758,26.758,26.758,26.764,26.758,26.753,26.748,26.748,26.753,26.764
,26.477,26.488,26.493,26.503,26.503,26.503,26.503,26.498,26.498,26.498,26.498,26.498,26.498,26.503,26.503,26.508,26.514,26.508,26.503,26.493,26.482,26.467,26.462,26.456,26.456,26.456,26.462,26.462,26.462,26.477,26.472,26.482,26.493,26.498,26.508,26.514,26.524,26.535,26.545,26.555,26.566,26.566,26.561,26.55,26.54,26.529,26.524,26.514,26.514,26.508,26.508,26.508,26.503,26.503,26.503,26.503,26.508,26.508,26.508,26.498,26.493,26.472,26.462,26.446,26.435,26.441,26.441,26.446,26.451,26.462,26.462,26.467,26.467,26.472,26.467,26.467,26.462,26.467,26.462,26.462,26.462,26.462,26.467,26.472,26.472,26.477,26.482,26.488,26.488,26.493,26.488,26.493,26.498,26.503,26.503,26.503,26.498,26.493,26.482,26.456,26.425,26.383,26.274,26.075,25.534,25.102,25.017,25.081,25.144,25.655,26.289,26.342,26.399,26.435,26.472,26.498,26.519,26.529,26.54,26.555,26.571,26.571,26.587,26.592,26.597,26.597,26.597,26.592,26.587,26.576,26.571,26.571,26.566,26.566,26.566,26.566,26.566,26.566,26.566,26.566,26.561,26.555,26.55,26.54,26.535,26.529,26.524,26.524,26.524,26.529,26.54,26.535,26.54,26.54,26.535,26.529,26.524,26.524,26.529,26.529,26.535,26.54,26.545,26.555,26.55,26.545,26.545,26.54,26.54,26.545,26.545,26.555,26.555,26.55,26.545,26.54,26.529,26.524,26.514,26.519,26.524,26.529,26.54,26.535,26.535,26.535,26.529,26.535,26.535,26.545,26.55,26.561,26.571,26.587,26.602,26.607,26.613,26.613,26.618,26.618,26.623,26.628,26.628,26.634,26.639,26.634,26.634,26.623,26.628,26.639,26.649,26.66,26.665,26.665,26.66,26.649,26.644,26.639,26.634,26.628,26.628,26.623,26.623,26.618,26.613,26.613,26.618,26.623,26.628,26.644,26.654,26.67,26.68,26.696,26.701,26.712,26.722,26.732,26.738,26.748,26.748,26.743,26.743,26.748,26.748,26.753,26.753,26.758,26.764,26.769,26.774,26.779,26.784,26.79,26.79,26.79,26.795,26.8,26.8,26.805,26.81,26.816,26.816,26.816,26.816,26.805,26.805,26.842,26.66,26.597,26.342,25.576,25.308,25.366,25.345,25.303,25.776,26.503,26.514,26.613,26.686,26.727,26.753,26.779,26.79,26.795,26.805,26.81,26.805,26.81,26.81,26.81,26.81,26.81,26.8,26.795,26.779,26.769,26.769,26.769,26.774,26.784,26.79,26.795,26.8,26.8,26.8,26.795,26.795,26.79,26.79,26.79,26.784,26.784,26.784,26.79,26.795,26.8,26.805,26.805,26.81,26.81,26.81,26.805,26.805,26.805,26.81,26.805,26.8,26.805,26.805,26.805,26.805,26.8,26.8,26.805,26.805,26.81,26.816,26.826,26.826,26.826,26.816,26.81,26.81,26.816,26.821,26.826,26.821,26.81,26.805,26.79,26.779,26.769,26.764,26.764,26.764,26.758,26.748,26.738,26.727,26.717,26.717,26.722,26.727,26.738,26.743,26.748,26.753,26.753,26.748,26.748,26.748,26.753,26.753,26.758,26.764,26.758,26.758,26.753,26.748,26.748,26.748,26.758
,26.472,26.477,26.488,26.498,26.503,26.503,26.498,26.498,26.498,26.498,26.498,26.503,26.508,26.508,26.514,26.524,26.524,26.514,26.508,26.503,26.488,26.472,26.462,26.451,26.456,26.456,26.462,26.462,26.462,26.467,26.467,26.477,26.482,26.493,26.503,26.514,26.529,26.535,26.545,26.55,26.561,26.561,26.561,26.555,26.54,26.54,26.529,26.524,26.519,26.519,26.514,26.514,26.514,26.514,26.508,26.514,26.514,26.514,26.514,26.508,26.503,26.482,26.477,26.462,26.446,26.446,26.446,26.446,26.451,26.462,26.472,26.472,26.477,26.472,26.467,26.462,26.456,26.456,26.456,26.456,26.456,26.456,26.462,26.456,26.462,26.472,26.477,26.482,26.488,26.493,26.493,26.503,26.508,26.508,26.508,26.508,26.508,26.493,26.488,26.472,26.441,26.389,26.347,26.232,25.996,25.313,25.007,25.028,25.107,25.292,26.028,26.331,26.389,26.43,26.446,26.488,26.514,26.524,26.535,26.55,26.561,26.566,26.581,26.587,26.587,26.592,26.587,26.587,26.581,26.576,26.571,26.566,26.571,26.561,26.561,26.561,26.561,26.561,26.566,26.566,26.566,26.561,26.555,26.545,26.54,26.529,26.529,26.529,26.529,26.535,26.535,26.54,26.545,26.545,26.545,26.54,26.535,26.535,26.535,26.529,26.535,26.54,26.545,26.555,26.55,26.55,26.55,26.55,26.545,26.55,26.555,26.555,26.555,26.555,26.55,26.54,26.529,26.519,26.519,26.519,26.529,26.535,26.54,26.54,26.54,26.535,26.535,26.535,26.529,26.54,26.55,26.555,26.566,26.581,26.597,26.602,26.607,26.607,26.613,26.618,26.623,26.623,26.634,26.639,26.644,26.644,26.644,26.639,26.639,26.644,26.654,26.66,26.67,26.67,26.66,26.66,26.654,26.649,26.644,26.639,26.634,26.628,26.628,26.618,26.618,26.613,26.613,26.618,26.628,26.639,26.654,26.67,26.68,26.691,26.701,26.706,26.717,26.732,26.738,26.743,26.748,26.743,26.743,26.743,26.738,26.743,26.748,26.753,26.758,26.769,26.774,26.779,26.779,26.784,26.79,26.79,26.795,26.8,26.8,26.805,26.816,26.816,26.821,26.821,26.821,26.821,26.805,26.8,26.753,26.618,26.383,25.65,25.329,25.35,25.339,25.324,25.582,26.446,26.493,26.634,26.675,26.727,26.758,26.774,26.79,26.795,26.8,26.81,26.816,26.821,26.821,26.821,26.816,26.81,26.8,26.79,26.784,26.779,26.774,26.769,26.779,26.784,26.79,26.8,26.8,26.8,26.8,26.795,26.79,26.79,26.79,26.79,26.784,26.779,26.779,26.79,26.79,26.795,26.8,26.805,26.81,26.805,26.81,26.816,26.816,26.81,26.81,26.805,26.8,26.805,26.8,26.805,26.805,26.8,26.805,26.81,26.81,26.826,26.826,26.836,26.836,26.836,26.826,26.821,26.826,26.826,26.831,26.831,26.826,26.816,26.805,26.795,26.784,26.769,26.769,26.764,26.764,26.764,26.748,26.738,26.722,26.717,26.717,26.717,26.722,26.732,26.743,26.748,26.753,26.748,26.753,26.753,26.758,26.758,26.764,26.764,26.764,26.758,26.758,26.753,26.748,26.743,26.748,26.753
,26.462,26.472,26.482,26.488,26.493,26.498,26.493,26.493,26.493,26.498,26.503,26.508,26.514,26.514,26.524,26.524,26.524,26.524,26.514,26.503,26.493,26.477,26.467,26.456,26.456,26.456,26.462,26.456,26.462,26.462,26.467,26.467,26.477,26.488,26.503,26.514,26.524,26.535,26.54,26.545,26.55,26.555,26.555,26.55,26.54,26.535,26.535,26.529,26.524,26.524,26.519,26.519,26.519,26.524,26.519,26.519,26.524,26.519,26.519,26.514,26.508,26.498,26.482,26.467,26.456,26.451,26.446,26.451,26.456,26.467,26.472,26.477,26.477,26.472,26.467,26.462,26.456,26.456,26.456,26.451,26.451,26.451,26.451,26.451,26.456,26.462,26.467,26.472,26.482,26.493,26.498,26.503,26.508,26.514,26.514,26.514,26.508,26.503,26.493,26.477,26.456,26.404,26.399,26.347,26.043,25.582,25.097,25.06,25.144,25.192,25.561,26.258,26.446,26.441,26.451,26.477,26.508,26.519,26.529,26.545,26.555,26.566,26.571,26.581,26.581,26.581,26.581,26.581,26.576,26.576,26.571,26.566,26.566,26.566,26.566,26.561,26.566,26.561,26.571,26.566,26.566,26.561,26.555,26.55,26.545,26.535,26.529,26.529,26.535,26.54,26.545,26.545,26.55,26.55,26.545,26.545,26.545,26.54,26.535,26.535,26.54,26.545,26.55,26.555,26.555,26.555,26.555,26.55,26.55,26.55,26.555,26.561,26.561,26.561,26.55,26.545,26.535,26.524,26.519,26.524,26.529,26.54,26.54,26.545,26.545,26.54,26.535,26.535,26.529,26.54,26.545,26.55,26.566,26.576,26.587,26.592,26.602,26.602,26.607,26.613,26.618,26.623,26.628,26.639,26.644,26.654,26.649,26.649,26.649,26.654,26.66,26.66,26.67,26.67,26.66,26.66,26.654,26.649,26.644,26.644,26.639,26.639,26.634,26.623,26.623,26.613,26.613,26.618,26.623,26.634,26.649,26.665,26.675,26.686,26.696,26.706,26.717,26.727,26.732,26.738,26.738,26.738,26.743,26.738,26.738,26.738,26.748,26.753,26.758,26.769,26.774,26.779,26.784,26.79,26.795,26.795,26.8,26.8,26.8,26.81,26.81,26.816,26.821,26.826,26.821,26.821,26.816,26.795,26.732,26.701,26.498,25.787,25.292,25.339,25.392,25.308,25.524,26.221,26.561,26.623,26.68,26.732,26.758,26.774,26.79,26.795,26.8,26.81,26.816,26.821,26.826,26.826,26.821,26.816,26.805,26.795,26.79,26.779,26.774,26.774,26.779,26.784,26.795,26.795,26.8,26.795,26.8,26.79,26.79,26.79,26.784,26.784,26.784,26.779,26.784,26.784,26.79,26.795,26.8,26.805,26.81,26.816,26.816,26.816,26.816,26.816,26.81,26.81,26.805,26.805,26.805,26.805,26.805,26.81,26.816,26.816,26.826,26.836,26.847,26.852,26.847,26.842,26.836,26.831,26.831,26.842,26.836,26.836,26.831,26.821,26.805,26.795,26.784,26.774,26.769,26.764,26.764,26.764,26.748,26.738,26.722,26.717,26.712,26.717,26.722,26.732,26.738,26.748,26.753,26.758,26.758,26.764,26.764,26.764,26.769,26.769,26.769,26.764,26.758,26.753,26.748,26.743,26.743,26.748
,26.462,26.462,26.467,26.477,26.488,26.493,26.488,26.488,26.488,26.493,26.498,26.514,26.519,26.524,26.529,26.535,26.529,26.519,26.519,26.508,26.493,26.477,26.467,26.456,26.456,26.456,26.456,26.462,26.462,26.462,26.462,26.467,26.477,26.482,26.498,26.508,26.519,26.524,26.529,26.535,26.54,26.545,26.545,26.545,26.545,26.535,26.535,26.529,26.529,26.529,26.524,26.524,26.524,26.529,26.524,26.524,26.529,26.529,26.524,26.519,26.514,26.508,26.493,26.477,26.467,26.456,26.451,26.451,26.456,26.467,26.472,26.472,26.477,26.472,26.467,26.462,26.456,26.451,26.451,26.451,26.451,26.446,26.446,26.451,26.456,26.462,26.467,26.472,26.482,26.493,26.498,26.508,26.514,26.519,26.524,26.524,26.514,26.503,26.493,26.482,26.456,26.456,26.409,26.42,26.221,25.708,25.171,25.039,25.012,25.134,25.376,25.886,26.336,26.394,26.451,26.488,26.488,26.508,26.529,26.54,26.555,26.561,26.571,26.576,26.576,26.576,26.576,26.576,26.571,26.566,26.566,26.566,26.561,26.561,26.561,26.561,26.561,26.566,26.571,26.571,26.571,26.566,26.561,26.55,26.55,26.54,26.54,26.54,26.54,26.545,26.55,26.561,26.555,26.561,26.561,26.555,26.55,26.545,26.54,26.54,26.54,26.545,26.555,26.555,26.555,26.555,26.555,26.555,26.55,26.555,26.555,26.561,26.561,26.561,26.555,26.545,26.535,26.524,26.524,26.529,26.529,26.54,26.545,26.545,26.545,26.545,26.54,26.535,26.535,26.54,26.545,26.555,26.561,26.571,26.581,26.587,26.592,26.597,26.602,26.602,26.613,26.618,26.628,26.639,26.649,26.66,26.66,26.654,26.654,26.654,26.66,26.665,26.665,26.665,26.665,26.66,26.654,26.654,26.66,26.649,26.649,26.649,26.639,26.634,26.623,26.613,26.613,26.613,26.618,26.634,26.649,26.66,26.675,26.68,26.691,26.701,26.706,26.722,26.732,26.732,26.738,26.732,26.732,26.732,26.732,26.738,26.743,26.748,26.758,26.769,26.774,26.784,26.79,26.795,26.8,26.8,26.805,26.805,26.805,26.816,26.816,26.821,26.826,26.826,26.831,26.826,26.816,26.795,26.743,26.717,26.519,25.855,25.387,25.419,25.376,25.345,25.476,26.237,26.514,26.602,26.686,26.732,26.758,26.774,26.784,26.79,26.8,26.81,26.816,26.821,26.821,26.821,26.816,26.816,26.81,26.805,26.795,26.79,26.779,26.779,26.779,26.784,26.795,26.8,26.805,26.805,26.8,26.795,26.79,26.79,26.784,26.784,26.784,26.779,26.779,26.784,26.79,26.795,26.8,26.805,26.81,26.816,26.816,26.821,26.821,26.816,26.816,26.816,26.81,26.81,26.805,26.81,26.81,26.816,26.821,26.831,26.842,26.852,26.857,26.862,26.862,26.852,26.852,26.842,26.842,26.847,26.847,26.836,26.831,26.821,26.81,26.795,26.784,26.774,26.769,26.769,26.764,26.764,26.748,26.738,26.722,26.722,26.712,26.712,26.717,26.732,26.738,26.748,26.758,26.764,26.769,26.769,26.774,26.774,26.774,26.774,26.774,26.769,26.764,26.753,26.748,26.743,26.738,26.743
,26.456,26.462,26.467,26.472,26.472,26.477,26.477,26.477,26.477,26.488,26.498,26.508,26.519,26.524,26.529,26.535,26.524,26.519,26.514,26.508,26.493,26.477,26.467,26.462,26.456,26.462,26.456,26.456,26.456,26.456,26.456,26.462,26.467,26.477,26.493,26.498,26.508,26.519,26.524,26.529,26.529,26.535,26.54,26.54,26.54,26.54,26.535,26.529,26.529,26.529,26.529,26.529,26.529,26.535,26.535,26.529,26.535,26.535,26.529,26.524,26.519,26.514,26.498,26.477,26.472,26.462,26.462,26.462,26.462,26.472,26.472,26.472,26.472,26.472,26.467,26.462,26.462,26.456,26.451,26.451,26.451,26.451,26.446,26.451,26.456,26.462,26.467,26.472,26.482,26.488,26.498,26.508,26.514,26.519,26.524,26.524,26.514,26.503,26.488,26.477,26.462,26.441,26.399,26.394,26.373,26.159,25.487,25.086,25.044,25.113,25.049,25.624,26.206,26.404,26.43,26.451,26.482,26.508,26.529,26.54,26.555,26.566,26.571,26.566,26.571,26.571,26.571,26.561,26.566,26.561,26.561,26.555,26.555,26.555,26.555,26.555,26.561,26.566,26.571,26.576,26.571,26.571,26.561,26.555,26.55,26.55,26.55,26.55,26.55,26.555,26.566,26.566,26.571,26.571,26.566,26.561,26.555,26.55,26.55,26.55,26.55,26.55,26.555,26.555,26.55,26.545,26.545,26.545,26.55,26.55,26.555,26.561,26.561,26.561,26.555,26.545,26.535,26.524,26.529,26.529,26.529,26.54,26.545,26.545,26.55,26.55,26.545,26.545,26.545,26.545,26.545,26.555,26.561,26.576,26.581,26.587,26.592,26.597,26.597,26.602,26.607,26.613,26.623,26.634,26.649,26.66,26.665,26.665,26.66,26.654,26.66,26.665,26.665,26.66,26.66,26.66,26.66,26.66,26.66,26.654,26.649,26.649,26.644,26.634,26.623,26.613,26.613,26.613,26.613,26.628,26.639,26.654,26.665,26.675,26.686,26.691,26.701,26.717,26.722,26.732,26.732,26.732,26.727,26.732,26.732,26.738,26.743,26.753,26.758,26.774,26.784,26.79,26.795,26.8,26.805,26.805,26.816,26.816,26.816,26.821,26.821,26.826,26.836,26.831,26.831,26.826,26.816,26.795,26.764,26.738,26.649,26.012,25.387,25.429,25.408,25.387,25.413,26.153,26.482,26.654,26.696,26.727,26.753,26.769,26.779,26.79,26.795,26.805,26.81,26.816,26.821,26.821,26.821,26.816,26.81,26.805,26.8,26.79,26.79,26.784,26.784,26.79,26.795,26.8,26.805,26.805,26.8,26.8,26.795,26.79,26.784,26.779,26.779,26.774,26.779,26.784,26.79,26.795,26.8,26.81,26.816,26.816,26.821,26.821,26.821,26.816,26.816,26.816,26.816,26.816,26.81,26.816,26.816,26.826,26.836,26.847,26.852,26.862,26.868,26.868,26.862,26.852,26.847,26.842,26.847,26.847,26.836,26.836,26.821,26.816,26.8,26.795,26.79,26.779,26.774,26.769,26.764,26.764,26.748,26.738,26.727,26.717,26.717,26.717,26.717,26.732,26.743,26.753,26.764,26.769,26.774,26.779,26.779,26.784,26.79,26.784,26.779,26.769,26.764,26.758,26.748,26.743,26.743,26.743
,26.462,26.462,26.467,26.467,26.472,26.472,26.467,26.467,26.467,26.477,26.488,26.503,26.514,26.524,26.529,26.529,26.529,26.524,26.514,26.503,26.493,26.482,26.472,26.462,26.462,26.462,26.462,26.462,26.456,26.456,26.456,26.462,26.472,26.477,26.488,26.493,26.503,26.503,26.508,26.514,26.519,26.524,26.524,26.535,26.54,26.535,26.529,26.529,26.529,26.529,26.524,26.524,26.529,26.524,26.524,26.529,26.535,26.529,26.529,26.524,26.519,26.508,26.498,26.482,26.472,26.472,26.467,26.467,26.467,26.467,26.472,26.472,26.472,26.472,26.467,26.467,26.462,26.462,26.456,26.456,26.451,26.451,26.451,26.451,26.456,26.462,26.472,26.477,26.482,26.493,26.498,26.508,26.514,26.519,26.524,26.514,26.508,26.503,26.493,26.477,26.472,26.451,26.472,26.404,26.394,26.336,25.823,25.128,25.044,25.007,25.128,25.313,26.106,26.326,26.409,26.441,26.472,26.503,26.529,26.55,26.561,26.566,26.576,26.571,26.571,26.566,26.566,26.555,26.555,26.555,26.55,26.545,26.55,26.55,26.55,26.555,26.561,26.566,26.576,26.576,26.566,26.566,26.561,26.555,26.555,26.555,26.55,26.555,26.561,26.566,26.571,26.571,26.576,26.571,26.571,26.566,26.561,26.555,26.555,26.555,26.555,26.555,26.555,26.55,26.55,26.545,26.54,26.54,26.54,26.545,26.55,26.555,26.555,26.555,26.555,26.545,26.529,26.524,26.519,26.524,26.524,26.529,26.54,26.545,26.555,26.555,26.55,26.55,26.55,26.545,26.55,26.55,26.561,26.566,26.581,26.587,26.587,26.592,26.592,26.602,26.602,26.607,26.618,26.628,26.639,26.654,26.665,26.665,26.665,26.665,26.665,26.66,26.66,26.654,26.649,26.654,26.66,26.66,26.66,26.654,26.649,26.649,26.644,26.634,26.628,26.613,26.607,26.607,26.613,26.623,26.634,26.649,26.665,26.67,26.68,26.686,26.701,26.712,26.717,26.722,26.722,26.722,26.727,26.727,26.732,26.738,26.743,26.753,26.764,26.774,26.784,26.795,26.8,26.805,26.81,26.81,26.816,26.816,26.826,26.826,26.831,26.836,26.836,26.836,26.831,26.826,26.816,26.805,26.738,26.727,26.618,26.326,25.624,25.387,25.445,25.334,25.413,26.038,26.524,26.701,26.696,26.727,26.748,26.769,26.779,26.784,26.79,26.805,26.81,26.816,26.816,26.821,26.821,26.821,26.81,26.81,26.805,26.8,26.8,26.79,26.79,26.79,26.795,26.805,26.805,26.81,26.805,26.8,26.8,26.795,26.79,26.779,26.779,26.774,26.779,26.784,26.79,26.795,26.8,26.81,26.816,26.826,26.826,26.826,26.821,26.821,26.816,26.821,26.821,26.821,26.821,26.821,26.831,26.836,26.847,26.857,26.857,26.868,26.868,26.862,26.862,26.852,26.847,26.842,26.842,26.836,26.831,26.826,26.816,26.81,26.8,26.79,26.784,26.779,26.779,26.774,26.769,26.758,26.753,26.743,26.727,26.727,26.717,26.717,26.722,26.738,26.748,26.764,26.769,26.774,26.779,26.779,26.784,26.784,26.795,26.784,26.779,26.774,26.769,26.758,26.748,26.743,26.738,26.738
,26.467,26.467,26.467,26.467,26.467,26.467,26.462,26.456,26.456,26.462,26.477,26.498,26.508,26.514,26.524,26.529,26.524,26.519,26.514,26.503,26.493,26.477,26.472,26.472,26.472,26.467,26.467,26.462,26.462,26.462,26.462,26.462,26.472,26.477,26.488,26.488,26.498,26.498,26.498,26.503,26.508,26.514,26.519,26.529,26.535,26.529,26.535,26.529,26.529,26.529,26.524,26.524,26.529,26.524,26.524,26.524,26.529,26.524,26.524,26.524,26.519,26.508,26.503,26.488,26.477,26.472,26.472,26.467,26.472,26.472,26.472,26.467,26.472,26.472,26.472,26.472,26.467,26.467,26.456,26.456,26.451,26.451,26.451,26.456,26.456,26.467,26.477,26.482,26.488,26.498,26.503,26.508,26.514,26.514,26.514,26.514,26.503,26.493,26.482,26.477,26.472,26.462,26.435,26.415,26.373,26.404,26.017,25.445,25.139,25.039,25.134,25.049,25.734,26.321,26.389,26.415,26.462,26.498,26.529,26.55,26.571,26.576,26.581,26.571,26.571,26.566,26.561,26.555,26.555,26.55,26.545,26.54,26.545,26.55,26.55,26.555,26.566,26.566,26.576,26.571,26.566,26.566,26.561,26.561,26.561,26.561,26.555,26.555,26.561,26.566,26.571,26.576,26.576,26.576,26.571,26.571,26.566,26.566,26.561,26.555,26.555,26.555,26.555,26.55,26.545,26.54,26.535,26.535,26.535,26.545,26.55,26.555,26.561,26.561,26.55,26.545,26.529,26.524,26.519,26.519,26.524,26.529,26.54,26.555,26.555,26.561,26.561,26.561,26.561,26.555,26.555,26.561,26.566,26.571,26.581,26.587,26.587,26.592,26.592,26.597,26.602,26.607,26.613,26.623,26.639,26.649,26.665,26.665,26.665,26.665,26.66,26.649,26.649,26.644,26.644,26.649,26.649,26.649,26.654,26.649,26.649,26.644,26.644,26.634,26.628,26.613,26.613,26.607,26.613,26.618,26.628,26.644,26.654,26.665,26.675,26.68,26.691,26.701,26.701,26.712,26.712,26.712,26.717,26.722,26.727,26.738,26.748,26.758,26.764,26.774,26.784,26.795,26.8,26.805,26.81,26.821,26.826,26.826,26.831,26.836,26.836,26.842,26.842,26.842,26.836,26.831,26.826,26.805,26.816,26.748,26.686,26.441,25.729,25.445,25.387,25.419,25.371,25.923,26.592,26.602,26.66,26.722,26.753,26.764,26.774,26.79,26.795,26.805,26.81,26.816,26.821,26.821,26.821,26.821,26.816,26.816,26.81,26.81,26.805,26.8,26.8,26.8,26.805,26.81,26.81,26.816,26.816,26.81,26.805,26.8,26.795,26.784,26.779,26.774,26.779,26.784,26.79,26.805,26.81,26.821,26.821,26.831,26.831,26.831,26.831,26.821,26.821,26.821,26.826,26.826,26.826,26.826,26.836,26.847,26.852,26.862,26.862,26.862,26.862,26.857,26.852,26.847,26.842,26.842,26.836,26.831,26.826,26.821,26.81,26.8,26.795,26.784,26.784,26.779,26.779,26.779,26.769,26.769,26.758,26.748,26.732,26.727,26.722,26.727,26.727,26.743,26.758,26.764,26.769,26.774,26.779,26.779,26.784,26.784,26.795,26.784,26.779,26.769,26.764,26.753,26.748,26.743,26.732,26.727
,26.472,26.472,26.472,26.472,26.467,26.462,26.451,26.446,26.446,26.451,26.472,26.482,26.498,26.508,26.519,26.519,26.519,26.514,26.508,26.503,26.488,26.488,26.477,26.477,26.477,26.477,26.472,26.472,26.467,26.467,26.467,26.467,26.472,26.482,26.482,26.493,26.488,26.498,26.493,26.498,26.503,26.508,26.519,26.529,26.529,26.535,26.535,26.529,26.529,26.524,26.524,26.524,26.519,26.519,26.519,26.514,26.519,26.519,26.519,26.519,26.514,26.508,26.503,26.493,26.482,26.477,26.472,26.472,26.472,26.472,26.472,26.472,26.477,26.477,26.477,26.477,26.472,26.467,26.462,26.456,26.451,26.451,26.456,26.456,26.462,26.472,26.482,26.488,26.498,26.498,26.503,26.508,26.508,26.508,26.508,26.508,26.498,26.493,26.488,26.477,26.472,26.472,26.456,26.446,26.409,26.352,26.315,25.808,25.297,25.002,25.06,25.16,25.281,26.18,26.399,26.404,26.477,26.493,26.529,26.555,26.581,26.581,26.587,26.581,26.571,26.566,26.561,26.555,26.55,26.55,26.545,26.545,26.545,26.55,26.55,26.561,26.566,26.571,26.576,26.571,26.571,26.566,26.561,26.561,26.561,26.561,26.566,26.561,26.561,26.571,26.576,26.576,26.581,26.581,26.576,26.571,26.571,26.566,26.561,26.561,26.555,26.555,26.555,26.55,26.54,26.535,26.535,26.529,26.535,26.545,26.55,26.561,26.561,26.561,26.55,26.54,26.524,26.519,26.514,26.519,26.524,26.529,26.545,26.555,26.566,26.566,26.571,26.571,26.571,26.561,26.561,26.566,26.571,26.571,26.581,26.587,26.592,26.592,26.597,26.597,26.602,26.602,26.613,26.618,26.634,26.644,26.654,26.66,26.665,26.665,26.66,26.654,26.644,26.639,26.639,26.639,26.639,26.634,26.644,26.644,26.644,26.639,26.639,26.634,26.628,26.623,26.613,26.607,26.613,26.618,26.628,26.644,26.654,26.66,26.665,26.675,26.686,26.691,26.701,26.701,26.706,26.706,26.712,26.722,26.727,26.738,26.753,26.758,26.764,26.774,26.784,26.79,26.8,26.805,26.81,26.821,26.826,26.831,26.842,26.842,26.842,26.842,26.842,26.842,26.842,26.836,26.831,26.816,26.79,26.665,26.67,26.555,25.86,25.482,25.497,25.382,25.366,25.776,26.55,26.623,26.644,26.712,26.753,26.779,26.79,26.784,26.8,26.81,26.816,26.821,26.821,26.821,26.821,26.821,26.821,26.821,26.821,26.816,26.816,26.81,26.81,26.81,26.816,26.816,26.821,26.816,26.821,26.816,26.816,26.81,26.8,26.79,26.784,26.779,26.784,26.79,26.795,26.805,26.816,26.821,26.831,26.836,26.836,26.842,26.831,26.826,26.826,26.821,26.821,26.821,26.831,26.826,26.842,26.847,26.857,26.862,26.862,26.862,26.862,26.852,26.847,26.842,26.836,26.836,26.826,26.826,26.821,26.816,26.805,26.8,26.795,26.79,26.784,26.779,26.779,26.779,26.774,26.774,26.764,26.753,26.743,26.738,26.732,26.732,26.738,26.748,26.764,26.764,26.769,26.769,26.769,26.769,26.779,26.779,26.784,26.779,26.774,26.769,26.758,26.748,26.743,26.738,26.732,26.727
,26.482,26.477,26.472,26.467,26.462,26.456,26.446,26.441,26.441,26.446,26.472,26.488,26.498,26.508,26.514,26.519,26.519,26.514,26.508,26.503,26.493,26.488,26.488,26.482,26.488,26.488,26.482,26.482,26.477,26.477,26.477,26.482,26.482,26.488,26.482,26.488,26.488,26.488,26.488,26.493,26.498,26.503,26.514,26.519,26.529,26.535,26.529,26.529,26.529,26.524,26.519,26.524,26.519,26.519,26.508,26.508,26.514,26.514,26.519,26.514,26.508,26.508,26.503,26.493,26.488,26.482,26.482,26.477,26.477,26.477,26.477,26.477,26.477,26.477,26.477,26.477,26.472,26.467,26.462,26.456,26.456,26.456,26.462,26.467,26.477,26.482,26.488,26.493,26.498,26.503,26.503,26.514,26.514,26.508,26.508,26.498,26.498,26.493,26.488,26.482,26.482,26.482,26.472,26.456,26.446,26.399,26.409,26.028,25.361,25.044,25.065,25.208,25.155,25.755,26.315,26.399,26.482,26.514,26.535,26.555,26.587,26.592,26.592,26.587,26.581,26.576,26.566,26.566,26.561,26.555,26.55,26.55,26.55,26.55,26.555,26.566,26.571,26.576,26.576,26.576,26.571,26.566,26.561,26.561,26.566,26.561,26.561,26.561,26.566,26.571,26.576,26.571,26.581,26.581,26.576,26.576,26.576,26.566,26.566,26.561,26.561,26.555,26.555,26.55,26.545,26.54,26.535,26.535,26.54,26.545,26.555,26.561,26.561,26.561,26.55,26.54,26.529,26.514,26.519,26.519,26.519,26.529,26.545,26.561,26.571,26.576,26.581,26.581,26.581,26.581,26.576,26.571,26.576,26.576,26.581,26.587,26.592,26.597,26.597,26.592,26.597,26.602,26.607,26.613,26.628,26.639,26.649,26.654,26.654,26.66,26.654,26.649,26.639,26.634,26.628,26.628,26.623,26.628,26.634,26.634,26.634,26.634,26.639,26.634,26.634,26.623,26.618,26.613,26.613,26.618,26.634,26.644,26.649,26.66,26.665,26.67,26.675,26.686,26.691,26.691,26.696,26.701,26.706,26.717,26.727,26.738,26.753,26.764,26.764,26.774,26.774,26.784,26.79,26.8,26.81,26.816,26.831,26.836,26.847,26.847,26.847,26.847,26.847,26.847,26.847,26.842,26.836,26.826,26.805,26.727,26.654,26.686,25.991,25.466,25.461,25.455,25.408,25.634,26.399,26.634,26.665,26.764,26.764,26.79,26.805,26.81,26.821,26.826,26.831,26.831,26.831,26.826,26.826,26.826,26.826,26.821,26.826,26.821,26.821,26.821,26.821,26.821,26.821,26.821,26.826,26.831,26.831,26.831,26.821,26.816,26.816,26.805,26.795,26.795,26.79,26.795,26.805,26.805,26.821,26.826,26.831,26.842,26.847,26.847,26.842,26.836,26.826,26.826,26.826,26.826,26.826,26.826,26.836,26.842,26.852,26.862,26.862,26.857,26.852,26.847,26.842,26.836,26.831,26.826,26.826,26.821,26.821,26.81,26.805,26.805,26.795,26.795,26.79,26.784,26.779,26.784,26.779,26.774,26.769,26.758,26.753,26.738,26.738,26.738,26.743,26.753,26.764,26.764,26.764,26.764,26.758,26.764,26.764,26.774,26.774,26.774,26.769,26.758,26.748,26.743,26.743,26.738,26.732,26.727
,26.493,26.482,26.477,26.472,26.467,26.456,26.446,26.441,26.446,26.456,26.472,26.488,26.498,26.503,26.514,26.514,26.514,26.508,26.514,26.508,26.503,26.503,26.498,26.498,26.498,26.498,26.498,26.488,26.482,26.488,26.482,26.482,26.488,26.493,26.488,26.488,26.482,26.488,26.488,26.488,26.488,26.503,26.508,26.514,26.524,26.524,26.524,26.529,26.529,26.529,26.524,26.519,26.519,26.508,26.508,26.503,26.503,26.503,26.503,26.503,26.503,26.503,26.503,26.498,26.493,26.493,26.488,26.488,26.482,26.482,26.472,26.477,26.482,26.482,26.477,26.482,26.472,26.472,26.467,26.462,26.456,26.462,26.472,26.477,26.482,26.488,26.493,26.498,26.508,26.508,26.514,26.514,26.514,26.508,26.508,26.503,26.498,26.493,26.493,26.493,26.493,26.493,26.482,26.472,26.446,26.425,26.368,26.274,25.64,25.192,25.039,25.192,25.192,25.455,26.305,26.404,26.462,26.488,26.524,26.571,26.592,26.597,26.597,26.592,26.581,26.581,26.576,26.571,26.571,26.566,26.566,26.561,26.566,26.561,26.566,26.571,26.576,26.581,26.581,26.571,26.571,26.571,26.571,26.566,26.571,26.566,26.571,26.566,26.571,26.576,26.581,26.581,26.581,26.581,26.581,26.581,26.576,26.571,26.571,26.566,26.561,26.566,26.555,26.561,26.55,26.55,26.54,26.54,26.545,26.555,26.55,26.561,26.561,26.555,26.55,26.54,26.524,26.514,26.514,26.514,26.519,26.529,26.55,26.561,26.576,26.581,26.587,26.592,26.592,26.592,26.581,26.581,26.587,26.581,26.592,26.592,26.592,26.597,26.592,26.592,26.597,26.602,26.602,26.618,26.628,26.628,26.644,26.649,26.654,26.654,26.649,26.644,26.639,26.634,26.628,26.618,26.618,26.618,26.623,26.623,26.628,26.628,26.628,26.628,26.634,26.628,26.618,26.618,26.618,26.623,26.628,26.644,26.654,26.66,26.665,26.67,26.68,26.68,26.686,26.691,26.691,26.696,26.701,26.717,26.727,26.743,26.753,26.764,26.764,26.764,26.769,26.769,26.784,26.795,26.8,26.816,26.826,26.836,26.847,26.852,26.852,26.852,26.852,26.852,26.852,26.852,26.847,26.831,26.81,26.784,26.738,26.712,26.091,25.524,25.519,25.487,25.445,25.54,26.279,26.67,26.691,26.769,26.779,26.805,26.821,26.836,26.836,26.847,26.847,26.847,26.842,26.836,26.836,26.831,26.831,26.826,26.826,26.826,26.826,26.826,26.831,26.831,26.836,26.831,26.836,26.836,26.847,26.836,26.836,26.831,26.826,26.816,26.805,26.8,26.8,26.8,26.8,26.805,26.81,26.826,26.836,26.842,26.847,26.852,26.847,26.842,26.836,26.826,26.821,26.821,26.816,26.821,26.831,26.836,26.852,26.852,26.852,26.852,26.842,26.836,26.826,26.826,26.826,26.821,26.816,26.816,26.821,26.816,26.816,26.81,26.81,26.805,26.8,26.784,26.784,26.779,26.779,26.784,26.774,26.769,26.758,26.748,26.743,26.743,26.743,26.753,26.758,26.764,26.758,26.753,26.753,26.753,26.758,26.758,26.769,26.758,26.758,26.748,26.743,26.743,26.743,26.743,26.738,26.738
,26.493,26.488,26.482,26.472,26.467,26.456,26.446,26.446,26.451,26.467,26.477,26.493,26.498,26.503,26.508,26.508,26.508,26.508,26.508,26.514,26.514,26.508,26.503,26.508,26.508,26.508,26.503,26.498,26.493,26.493,26.493,26.488,26.488,26.488,26.488,26.488,26.488,26.482,26.482,26.482,26.482,26.488,26.503,26.508,26.514,26.514,26.519,26.519,26.524,26.529,26.529,26.524,26.519,26.508,26.503,26.498,26.498,26.498,26.493,26.498,26.503,26.503,26.503,26.508,26.503,26.503,26.503,26.498,26.488,26.488,26.482,26.482,26.482,26.488,26.482,26.482,26.477,26.472,26.467,26.467,26.472,26.472,26.477,26.482,26.488,26.493,26.498,26.508,26.508,26.514,26.514,26.514,26.519,26.514,26.514,26.508,26.503,26.503,26.503,26.503,26.508,26.508,26.503,26.488,26.472,26.446,26.425,26.362,26.132,25.445,25.171,25.15,25.287,25.223,25.76,26.514,26.409,26.451,26.535,26.576,26.597,26.602,26.607,26.602,26.602,26.592,26.592,26.592,26.592,26.587,26.581,26.576,26.576,26.576,26.576,26.581,26.581,26.581,26.581,26.576,26.576,26.571,26.571,26.576,26.576,26.576,26.576,26.576,26.576,26.576,26.581,26.587,26.587,26.587,26.587,26.581,26.581,26.581,26.581,26.576,26.571,26.571,26.571,26.566,26.566,26.561,26.555,26.555,26.555,26.561,26.561,26.566,26.566,26.566,26.555,26.54,26.529,26.514,26.514,26.508,26.519,26.535,26.545,26.561,26.571,26.581,26.592,26.597,26.597,26.597,26.592,26.592,26.592,26.592,26.592,26.592,26.597,26.597,26.592,26.592,26.597,26.597,26.602,26.613,26.623,26.628,26.639,26.644,26.649,26.649,26.649,26.644,26.639,26.628,26.618,26.613,26.613,26.613,26.607,26.607,26.613,26.613,26.623,26.623,26.628,26.623,26.623,26.618,26.618,26.623,26.634,26.644,26.654,26.66,26.665,26.67,26.68,26.68,26.686,26.691,26.691,26.696,26.706,26.717,26.732,26.743,26.748,26.758,26.764,26.758,26.764,26.764,26.774,26.784,26.79,26.81,26.821,26.836,26.847,26.852,26.852,26.857,26.857,26.862,26.862,26.857,26.852,26.847,26.821,26.81,26.738,26.649,26.305,25.697,25.508,25.555,25.487,25.482,26.085,26.555,26.686,26.79,26.8,26.826,26.836,26.852,26.857,26.862,26.862,26.857,26.852,26.847,26.847,26.842,26.836,26.836,26.831,26.836,26.836,26.842,26.836,26.836,26.847,26.847,26.852,26.852,26.852,26.852,26.847,26.842,26.836,26.826,26.821,26.816,26.81,26.805,26.805,26.805,26.81,26.821,26.831,26.842,26.847,26.852,26.852,26.847,26.836,26.826,26.816,26.81,26.81,26.81,26.821,26.826,26.831,26.842,26.847,26.836,26.836,26.826,26.821,26.816,26.821,26.821,26.821,26.821,26.821,26.826,26.826,26.821,26.821,26.81,26.805,26.8,26.79,26.79,26.79,26.784,26.779,26.774,26.764,26.758,26.748,26.748,26.748,26.748,26.753,26.753,26.753,26.748,26.748,26.743,26.748,26.753,26.748,26.748,26.743,26.732,26.732,26.738,26.738,26.743,26.738,26.738
,26.498,26.498,26.488,26.477,26.472,26.467,26.456,26.456,26.462,26.477,26.488,26.493,26.498,26.503,26.503,26.508,26.508,26.508,26.508,26.514,26.514,26.514,26.514,26.514,26.519,26.519,26.514,26.508,26.503,26.498,26.498,26.498,26.498,26.498,26.498,26.493,26.488,26.477,26.477,26.477,26.482,26.488,26.493,26.498,26.508,26.508,26.514,26.519,26.519,26.529,26.529,26.519,26.514,26.508,26.498,26.493,26.493,26.488,26.493,26.493,26.493,26.498,26.503,26.508,26.508,26.508,26.503,26.498,26.493,26.488,26.488,26.488,26.488,26.488,26.482,26.488,26.482,26.477,26.472,26.472,26.477,26.482,26.488,26.488,26.493,26.498,26.508,26.508,26.514,26.514,26.519,26.519,26.519,26.519,26.519,26.519,26.519,26.514,26.514,26.514,26.514,26.514,26.508,26.498,26.482,26.456,26.425,26.399,26.232,25.85,25.382,25.128,25.181,25.223,25.519,26.352,26.451,26.498,26.571,26.581,26.597,26.607,26.607,26.613,26.613,26.607,26.607,26.607,26.602,26.602,26.597,26.592,26.587,26.581,26.581,26.587,26.587,26.587,26.581,26.581,26.576,26.576,26.576,26.576,26.581,26.581,26.581,26.581,26.581,26.587,26.587,26.592,26.592,26.592,26.592,26.587,26.587,26.587,26.587,26.587,26.581,26.581,26.576,26.581,26.576,26.571,26.571,26.561,26.561,26.566,26.566,26.566,26.566,26.561,26.55,26.54,26.524,26.514,26.508,26.508,26.514,26.524,26.54,26.55,26.561,26.571,26.581,26.587,26.592,26.597,26.597,26.592,26.597,26.592,26.597,26.592,26.592,26.597,26.597,26.592,26.597,26.597,26.602,26.618,26.628,26.628,26.639,26.644,26.649,26.649,26.649,26.644,26.639,26.628,26.618,26.613,26.607,26.607,26.602,26.602,26.602,26.602,26.607,26.618,26.618,26.618,26.618,26.618,26.618,26.628,26.639,26.649,26.654,26.67,26.67,26.68,26.675,26.686,26.691,26.691,26.701,26.706,26.717,26.727,26.738,26.743,26.753,26.753,26.753,26.753,26.748,26.758,26.758,26.769,26.784,26.8,26.816,26.831,26.842,26.847,26.857,26.857,26.868,26.873,26.873,26.873,26.868,26.852,26.831,26.784,26.753,26.753,26.597,25.949,25.534,25.64,25.608,25.492,25.96,26.587,26.691,26.774,26.821,26.842,26.857,26.862,26.868,26.873,26.873,26.868,26.868,26.857,26.857,26.852,26.847,26.847,26.847,26.842,26.847,26.847,26.852,26.852,26.857,26.862,26.862,26.868,26.862,26.862,26.862,26.857,26.852,26.842,26.836,26.831,26.821,26.816,26.81,26.81,26.805,26.821,26.831,26.842,26.847,26.852,26.852,26.847,26.842,26.826,26.816,26.81,26.805,26.81,26.81,26.816,26.826,26.826,26.826,26.826,26.821,26.816,26.816,26.816,26.816,26.816,26.821,26.821,26.826,26.831,26.831,26.836,26.821,26.821,26.816,26.805,26.8,26.795,26.79,26.784,26.779,26.774,26.764,26.758,26.753,26.743,26.743,26.743,26.748,26.748,26.743,26.743,26.732,26.732,26.738,26.738,26.738,26.732,26.727,26.722,26.727,26.727,26.738,26.738,26.743,26.748
,26.508,26.503,26.498,26.493,26.482,26.482,26.472,26.472,26.477,26.482,26.488,26.493,26.493,26.498,26.498,26.503,26.508,26.508,26.508,26.508,26.514,26.508,26.514,26.514,26.519,26.519,26.524,26.514,26.508,26.503,26.503,26.493,26.493,26.498,26.498,26.493,26.482,26.477,26.472,26.472,26.477,26.482,26.488,26.488,26.493,26.503,26.508,26.514,26.519,26.524,26.519,26.519,26.508,26.498,26.498,26.493,26.493,26.488,26.488,26.488,26.488,26.493,26.503,26.508,26.514,26.514,26.508,26.503,26.498,26.493,26.488,26.488,26.488,26.488,26.488,26.488,26.488,26.482,26.482,26.482,26.482,26.488,26.493,26.498,26.498,26.508,26.508,26.514,26.514,26.514,26.519,26.519,26.524,26.524,26.524,26.524,26.524,26.524,26.524,26.524,26.524,26.524,26.519,26.508,26.498,26.472,26.451,26.435,26.389,26.096,25.597,25.25,25.155,25.208,25.276,25.981,26.425,26.477,26.555,26.597,26.597,26.613,26.618,26.618,26.628,26.628,26.623,26.618,26.618,26.613,26.607,26.602,26.597,26.592,26.587,26.587,26.587,26.587,26.581,26.581,26.581,26.581,26.581,26.581,26.581,26.581,26.587,26.587,26.581,26.592,26.592,26.592,26.597,26.592,26.597,26.592,26.592,26.597,26.592,26.592,26.597,26.592,26.592,26.587,26.581,26.581,26.576,26.571,26.571,26.566,26.571,26.571,26.566,26.561,26.55,26.54,26.524,26.514,26.508,26.508,26.514,26.524,26.54,26.55,26.555,26.566,26.571,26.581,26.581,26.592,26.592,26.597,26.597,26.592,26.597,26.592,26.592,26.597,26.597,26.592,26.597,26.597,26.602,26.618,26.623,26.639,26.639,26.644,26.649,26.649,26.649,26.644,26.639,26.628,26.618,26.613,26.607,26.602,26.597,26.592,26.597,26.597,26.602,26.602,26.613,26.607,26.607,26.613,26.623,26.628,26.634,26.649,26.654,26.665,26.67,26.675,26.686,26.691,26.691,26.696,26.706,26.717,26.717,26.732,26.738,26.743,26.743,26.748,26.743,26.743,26.743,26.743,26.748,26.753,26.774,26.784,26.805,26.816,26.831,26.842,26.852,26.857,26.868,26.878,26.883,26.883,26.878,26.868,26.836,26.784,26.81,26.717,26.727,25.965,25.613,25.734,25.634,25.566,25.97,26.602,26.675,26.758,26.852,26.857,26.873,26.883,26.883,26.888,26.878,26.873,26.873,26.868,26.873,26.868,26.868,26.862,26.857,26.862,26.862,26.857,26.862,26.868,26.873,26.878,26.878,26.878,26.883,26.878,26.873,26.873,26.868,26.862,26.852,26.847,26.836,26.831,26.821,26.81,26.81,26.821,26.826,26.842,26.847,26.852,26.852,26.847,26.842,26.826,26.816,26.805,26.805,26.8,26.805,26.81,26.816,26.816,26.816,26.816,26.816,26.816,26.816,26.81,26.81,26.821,26.821,26.821,26.831,26.836,26.842,26.842,26.836,26.831,26.821,26.816,26.81,26.805,26.79,26.784,26.779,26.774,26.769,26.758,26.748,26.743,26.738,26.743,26.738,26.727,26.727,26.727,26.727,26.722,26.722,26.727,26.722,26.717,26.706,26.706,26.701,26.712,26.722,26.732,26.743,26.764
,26.519,26.508,26.508,26.503,26.498,26.493,26.488,26.482,26.482,26.488,26.488,26.493,26.493,26.493,26.498,26.503,26.503,26.498,26.498,26.498,26.498,26.498,26.503,26.508,26.514,26.514,26.519,26.514,26.514,26.508,26.503,26.498,26.493,26.498,26.493,26.493,26.482,26.477,26.477,26.477,26.477,26.482,26.482,26.488,26.493,26.498,26.503,26.508,26.514,26.514,26.514,26.508,26.508,26.498,26.488,26.488,26.488,26.482,26.482,26.482,26.482,26.488,26.498,26.498,26.508,26.514,26.508,26.508,26.503,26.493,26.488,26.482,26.482,26.488,26.493,26.498,26.493,26.493,26.493,26.493,26.493,26.498,26.503,26.508,26.508,26.508,26.508,26.508,26.514,26.514,26.519,26.519,26.524,26.529,26.529,26.529,26.535,26.535,26.535,26.529,26.529,26.529,26.524,26.519,26.508,26.498,26.508,26.508,26.441,26.279,25.839,25.382,25.15,25.197,25.202,25.587,26.326,26.488,26.555,26.571,26.592,26.613,26.623,26.628,26.639,26.639,26.639,26.634,26.628,26.623,26.618,26.607,26.607,26.597,26.592,26.592,26.587,26.587,26.587,26.592,26.592,26.592,26.592,26.592,26.592,26.587,26.581,26.587,26.587,26.592,26.592,26.592,26.597,26.597,26.597,26.597,26.597,26.602,26.607,26.607,26.602,26.597,26.602,26.592,26.592,26.587,26.581,26.581,26.576,26.571,26.571,26.566,26.566,26.561,26.55,26.54,26.524,26.514,26.508,26.503,26.508,26.524,26.529,26.545,26.55,26.561,26.561,26.571,26.576,26.581,26.581,26.587,26.592,26.592,26.592,26.597,26.597,26.597,26.597,26.597,26.602,26.602,26.607,26.618,26.623,26.639,26.639,26.644,26.649,26.644,26.649,26.644,26.639,26.628,26.618,26.613,26.607,26.602,26.597,26.587,26.587,26.592,26.592,26.597,26.602,26.602,26.607,26.613,26.618,26.628,26.639,26.649,26.66,26.67,26.68,26.68,26.691,26.691,26.696,26.701,26.712,26.722,26.727,26.732,26.732,26.732,26.732,26.732,26.732,26.727,26.722,26.732,26.727,26.738,26.753,26.774,26.79,26.805,26.821,26.831,26.842,26.852,26.868,26.878,26.888,26.888,26.888,26.868,26.847,26.816,26.784,26.779,26.717,26.096,25.697,25.682,25.592,25.519,25.975,26.597,26.779,26.758,26.862,26.883,26.894,26.899,26.899,26.894,26.888,26.883,26.888,26.883,26.888,26.894,26.888,26.883,26.878,26.873,26.873,26.873,26.873,26.883,26.883,26.894,26.899,26.899,26.899,26.899,26.894,26.894,26.883,26.878,26.878,26.868,26.857,26.847,26.831,26.826,26.816,26.821,26.831,26.842,26.852,26.857,26.857,26.847,26.842,26.826,26.816,26.805,26.805,26.821,26.795,26.795,26.805,26.805,26.81,26.805,26.81,26.81,26.805,26.805,26.81,26.821,26.821,26.821,26.831,26.836,26.842,26.836,26.842,26.816,26.831,26.821,26.816,26.8,26.79,26.784,26.764,26.764,26.764,26.753,26.732,26.727,26.738,26.738,26.727,26.722,26.712,26.696,26.706,26.722,26.712,26.712,26.686,26.696,26.686,26.675,26.696,26.675,26.712,26.706,26.691,26.743
,26.524,26.524,26.514,26.508,26.508,26.498,26.498,26.488,26.488,26.488,26.488,26.493,26.493,26.498,26.493,26.498,26.498,26.493,26.493,26.493,26.498,26.493,26.493,26.498,26.508,26.508,26.514,26.514,26.514,26.508,26.503,26.498,26.498,26.493,26.493,26.488,26.482,26.482,26.482,26.482,26.482,26.482,26.482,26.488,26.488,26.493,26.498,26.503,26.508,26.503,26.508,26.503,26.503,26.498,26.488,26.482,26.477,26.482,26.482,26.477,26.477,26.482,26.488,26.493,26.503,26.508,26.508,26.508,26.503,26.493,26.488,26.488,26.488,26.488,26.493,26.503,26.498,26.498,26.498,26.498,26.498,26.503,26.508,26.514,26.514,26.514,26.514,26.514,26.519,26.519,26.524,26.524,26.529,26.529,26.535,26.54,26.54,26.54,26.54,26.535,26.54,26.54,26.529,26.529,26.524,26.519,26.519,26.493,26.488,26.394,26.028,25.755,25.271,25.197,25.26,25.318,25.96,26.529,26.498,26.581,26.587,26.613,26.623,26.634,26.644,26.644,26.644,26.639,26.634,26.628,26.618,26.613,26.607,26.602,26.597,26.592,26.587,26.587,26.587,26.592,26.592,26.597,26.597,26.592,26.597,26.592,26.587,26.581,26.587,26.587,26.592,26.592,26.597,26.597,26.597,26.597,26.602,26.607,26.607,26.607,26.602,26.602,26.602,26.602,26.597,26.592,26.587,26.581,26.576,26.576,26.576,26.571,26.566,26.561,26.55,26.54,26.519,26.514,26.503,26.503,26.514,26.524,26.535,26.54,26.545,26.55,26.555,26.561,26.566,26.571,26.576,26.587,26.587,26.592,26.592,26.592,26.592,26.597,26.602,26.602,26.602,26.607,26.613,26.623,26.628,26.639,26.639,26.644,26.649,26.644,26.649,26.644,26.639,26.628,26.623,26.618,26.613,26.607,26.597,26.592,26.587,26.587,26.587,26.592,26.597,26.602,26.607,26.613,26.618,26.628,26.639,26.649,26.665,26.675,26.686,26.691,26.691,26.696,26.701,26.706,26.717,26.727,26.732,26.727,26.727,26.727,26.727,26.722,26.722,26.717,26.717,26.717,26.722,26.727,26.743,26.753,26.779,26.795,26.805,26.821,26.831,26.847,26.862,26.873,26.883,26.894,26.894,26.878,26.857,26.826,26.795,26.748,26.717,26.331,25.739,25.787,25.781,25.655,25.907,26.592,26.795,26.831,26.899,26.894,26.914,26.914,26.909,26.914,26.904,26.899,26.899,26.904,26.909,26.914,26.914,26.909,26.909,26.904,26.894,26.894,26.894,26.909,26.914,26.92,26.92,26.92,26.92,26.92,26.909,26.909,26.904,26.904,26.899,26.888,26.883,26.868,26.857,26.842,26.826,26.836,26.836,26.847,26.862,26.857,26.857,26.847,26.836,26.821,26.81,26.816,26.836,26.779,26.816,26.795,26.795,26.8,26.8,26.795,26.795,26.79,26.805,26.81,26.816,26.816,26.816,26.821,26.842,26.836,26.847,26.836,26.847,26.842,26.805,26.842,26.821,26.8,26.795,26.784,26.758,26.769,26.743,26.727,26.753,26.727,26.743,26.727,26.722,26.701,26.691,26.691,26.727,26.712,26.738,26.727,26.706,26.66,26.701,26.732,26.732,26.701,26.722,26.727,26.753,26.753
,26.535,26.529,26.524,26.519,26.514,26.508,26.503,26.493,26.493,26.488,26.488,26.493,26.498,26.498,26.498,26.498,26.493,26.493,26.493,26.488,26.482,26.482,26.488,26.493,26.503,26.508,26.508,26.508,26.508,26.503,26.498,26.498,26.493,26.493,26.488,26.488,26.488,26.477,26.477,26.482,26.488,26.488,26.493,26.482,26.488,26.488,26.493,26.493,26.493,26.498,26.498,26.493,26.493,26.493,26.482,26.482,26.482,26.477,26.477,26.477,26.472,26.477,26.482,26.488,26.493,26.498,26.508,26.508,26.498,26.498,26.493,26.488,26.488,26.488,26.493,26.503,26.503,26.508,26.508,26.503,26.503,26.508,26.508,26.519,26.524,26.519,26.519,26.519,26.519,26.519,26.524,26.524,26.524,26.529,26.535,26.535,26.54,26.54,26.545,26.54,26.54,26.54,26.535,26.54,26.54,26.54,26.524,26.477,26.482,26.456,26.19,25.944,25.45,25.181,25.223,25.329,25.561,26.174,26.425,26.524,26.555,26.613,26.628,26.644,26.654,26.649,26.649,26.644,26.639,26.634,26.628,26.623,26.613,26.607,26.602,26.597,26.592,26.597,26.597,26.592,26.602,26.602,26.602,26.597,26.597,26.592,26.587,26.587,26.581,26.581,26.592,26.592,26.597,26.597,26.597,26.602,26.602,26.607,26.602,26.607,26.602,26.607,26.602,26.597,26.597,26.592,26.592,26.587,26.581,26.581,26.571,26.571,26.566,26.555,26.545,26.54,26.519,26.514,26.508,26.508,26.514,26.524,26.535,26.54,26.545,26.545,26.55,26.555,26.561,26.566,26.571,26.581,26.581,26.587,26.587,26.592,26.592,26.597,26.602,26.607,26.613,26.613,26.618,26.623,26.628,26.639,26.644,26.644,26.649,26.644,26.649,26.644,26.644,26.634,26.628,26.618,26.618,26.613,26.602,26.592,26.592,26.587,26.587,26.592,26.597,26.597,26.602,26.607,26.613,26.628,26.644,26.66,26.67,26.675,26.686,26.691,26.696,26.706,26.706,26.712,26.717,26.722,26.722,26.722,26.722,26.717,26.712,26.712,26.706,26.712,26.712,26.706,26.712,26.717,26.727,26.743,26.764,26.779,26.795,26.805,26.816,26.831,26.852,26.868,26.883,26.888,26.894,26.888,26.873,26.842,26.8,26.779,26.774,26.462,25.923,25.813,25.881,25.792,25.913,26.571,26.732,26.836,26.909,26.925,26.935,26.94,26.935,26.935,26.93,26.925,26.925,26.93,26.94,26.935,26.94,26.94,26.935,26.93,26.925,26.92,26.92,26.925,26.93,26.94,26.94,26.94,26.951,26.94,26.935,26.935,26.93,26.925,26.92,26.909,26.909,26.899,26.883,26.862,26.847,26.847,26.852,26.862,26.862,26.862,26.857,26.847,26.836,26.821,26.81,26.805,26.795,26.758,26.748,26.774,26.79,26.795,26.795,26.79,26.774,26.774,26.758,26.831,26.738,26.8,26.826,26.8,26.769,26.81,26.842,26.81,26.774,26.779,26.821,26.8,26.8,26.81,26.779,26.769,26.774,26.758,26.79,26.691,26.758,26.764,26.722,26.764,26.732,26.769,26.8,26.8,26.706,26.545,26.415,26.779,26.847,26.571,26.441,26.268,26.362,26.362,26.362,26.242,26.373,26.404
,26.545,26.54,26.54,26.529,26.524,26.514,26.508,26.498,26.493,26.493,26.493,26.493,26.498,26.498,26.498,26.498,26.493,26.488,26.488,26.482,26.477,26.482,26.482,26.488,26.493,26.498,26.503,26.508,26.508,26.503,26.498,26.498,26.493,26.493,26.482,26.488,26.482,26.482,26.488,26.493,26.498,26.498,26.493,26.488,26.482,26.482,26.482,26.482,26.488,26.488,26.488,26.488,26.488,26.482,26.482,26.477,26.477,26.477,26.477,26.477,26.472,26.477,26.477,26.482,26.493,26.498,26.508,26.503,26.508,26.503,26.493,26.498,26.488,26.493,26.498,26.508,26.514,26.519,26.519,26.514,26.508,26.514,26.519,26.519,26.524,26.524,26.524,26.529,26.529,26.524,26.524,26.524,26.524,26.524,26.529,26.535,26.535,26.54,26.545,26.545,26.545,26.545,26.545,26.545,26.545,26.545,26.535,26.508,26.498,26.441,26.394,26.153,25.471,25.324,25.271,25.403,25.366,25.975,26.456,26.545,26.602,26.613,26.634,26.644,26.649,26.66,26.654,26.654,26.644,26.639,26.634,26.628,26.623,26.618,26.613,26.607,26.602,26.602,26.602,26.607,26.607,26.613,26.607,26.602,26.602,26.597,26.592,26.587,26.587,26.587,26.592,26.597,26.597,26.597,26.607,26.607,26.607,26.607,26.607,26.607,26.607,26.602,26.602,26.597,26.592,26.592,26.587,26.587,26.587,26.581,26.576,26.571,26.566,26.561,26.55,26.54,26.524,26.514,26.508,26.508,26.519,26.524,26.535,26.54,26.54,26.545,26.545,26.555,26.555,26.566,26.571,26.581,26.581,26.587,26.587,26.592,26.592,26.597,26.607,26.602,26.613,26.618,26.623,26.628,26.634,26.634,26.639,26.644,26.644,26.644,26.644,26.649,26.644,26.639,26.628,26.623,26.623,26.618,26.607,26.602,26.597,26.592,26.597,26.592,26.597,26.602,26.602,26.607,26.623,26.634,26.644,26.665,26.675,26.686,26.691,26.696,26.701,26.706,26.712,26.712,26.717,26.717,26.717,26.717,26.706,26.706,26.706,26.701,26.701,26.706,26.701,26.696,26.701,26.706,26.717,26.732,26.753,26.769,26.779,26.795,26.8,26.816,26.831,26.857,26.873,26.888,26.894,26.894,26.883,26.857,26.821,26.79,26.769,26.524,26.075,25.823,25.907,25.892,25.933,26.571,26.836,26.904,26.899,26.956,26.966,26.977,26.966,26.966,26.961,26.966,26.966,26.961,26.977,26.977,26.982,26.982,26.977,26.971,26.961,26.951,26.945,26.956,26.956,26.966,26.977,26.977,26.977,26.971,26.961,26.956,26.951,26.94,26.94,26.935,26.925,26.92,26.909,26.894,26.873,26.873,26.868,26.868,26.868,26.862,26.847,26.852,26.816,26.857,26.79,26.779,26.831,26.784,26.81,26.758,26.79,26.779,26.738,26.764,26.769,26.8,26.701,26.738,26.81,26.805,26.795,26.821,26.795,26.831,26.79,26.842,26.868,26.696,26.836,26.842,26.852,26.857,26.831,26.842,26.857,26.79,26.607,26.571,26.607,26.665,26.769,26.566,26.654,26.242,25.991,26.085,26.064,25.986,26.169,26.143,25.991,26.064,25.939,25.713,25.613,25.755,25.844,25.813,25.787,25.85
,26.555,26.55,26.545,26.54,26.529,26.519,26.514,26.503,26.503,26.503,26.498,26.503,26.503,26.503,26.503,26.498,26.488,26.488,26.482,26.482,26.477,26.482,26.482,26.493,26.493,26.498,26.503,26.503,26.503,26.503,26.498,26.493,26.493,26.493,26.488,26.488,26.477,26.482,26.488,26.498,26.498,26.503,26.498,26.493,26.488,26.477,26.477,26.477,26.477,26.477,26.482,26.482,26.482,26.482,26.477,26.477,26.477,26.482,26.477,26.477,26.477,26.477,26.477,26.482,26.488,26.493,26.498,26.508,26.508,26.508,26.498,26.493,26.498,26.498,26.508,26.514,26.519,26.519,26.519,26.519,26.519,26.519,26.519,26.524,26.535,26.535,26.535,26.535,26.535,26.535,26.524,26.524,26.524,26.524,26.524,26.529,26.535,26.535,26.54,26.545,26.545,26.54,26.545,26.55,26.555,26.55,26.545,26.529,26.498,26.451,26.409,26.357,26.064,25.408,25.287,25.303,25.324,25.618,26.404,26.587,26.613,26.607,26.634,26.644,26.66,26.66,26.66,26.654,26.644,26.644,26.639,26.639,26.634,26.628,26.618,26.613,26.613,26.607,26.613,26.613,26.607,26.613,26.613,26.613,26.602,26.602,26.597,26.592,26.592,26.597,26.597,26.602,26.602,26.602,26.607,26.607,26.607,26.607,26.607,26.607,26.607,26.602,26.592,26.592,26.592,26.581,26.587,26.587,26.587,26.587,26.581,26.581,26.571,26.561,26.555,26.54,26.524,26.519,26.519,26.519,26.524,26.529,26.535,26.54,26.545,26.545,26.55,26.555,26.555,26.566,26.571,26.576,26.581,26.587,26.587,26.592,26.592,26.602,26.602,26.613,26.618,26.623,26.628,26.634,26.639,26.639,26.639,26.639,26.644,26.644,26.649,26.649,26.644,26.639,26.634,26.628,26.623,26.618,26.618,26.613,26.602,26.602,26.602,26.602,26.602,26.602,26.602,26.613,26.623,26.634,26.649,26.665,26.675,26.68,26.691,26.696,26.701,26.712,26.717,26.717,26.717,26.712,26.706,26.706,26.701,26.691,26.691,26.691,26.691,26.696,26.722,26.696,26.706,26.701,26.712,26.727,26.743,26.758,26.769,26.779,26.79,26.805,26.821,26.842,26.868,26.888,26.904,26.904,26.894,26.873,26.842,26.8,26.738,26.753,26.143,25.839,26.012,25.933,25.834,26.446,26.925,26.961,26.997,26.992,27.013,27.013,27.013,27.023,27.029,27.018,27.018,27.013,27.029,27.013,27.023,27.023,27.008,26.992,26.982,26.992,26.992,26.982,27.003,27.003,26.997,27.003,27.003,26.992,26.987,26.977,26.971,26.961,26.951,26.945,26.94,26.925,26.92,26.914,26.894,26.873,26.888,26.873,26.868,26.862,26.847,26.862,26.831,26.779,26.764,26.717,26.836,26.79,26.847,26.862,26.722,26.743,26.784,26.748,26.738,26.727,26.576,26.581,26.597,26.654,26.701,26.634,26.613,26.623,26.634,26.227,26.132,26.435,26.362,26.2,26.18,25.907,25.981,25.996,25.954,25.913,25.787,25.729,25.855,25.739,25.771,25.724,25.766,25.766,25.629,25.755,25.766,25.776,25.802,25.703,25.508,25.629,25.519,25.524,25.482,25.629,25.576,25.802,25.745,25.755
,26.561,26.561,26.55,26.545,26.54,26.524,26.519,26.508,26.508,26.508,26.508,26.508,26.514,26.508,26.508,26.503,26.498,26.493,26.488,26.488,26.488,26.488,26.493,26.493,26.498,26.503,26.503,26.498,26.498,26.498,26.493,26.498,26.498,26.493,26.493,26.488,26.477,26.482,26.488,26.493,26.503,26.503,26.503,26.488,26.482,26.472,26.467,26.467,26.467,26.467,26.477,26.477,26.477,26.477,26.477,26.477,26.477,26.482,26.482,26.482,26.477,26.477,26.482,26.482,26.488,26.493,26.498,26.503,26.508,26.503,26.503,26.498,26.503,26.508,26.514,26.519,26.519,26.524,26.524,26.524,26.514,26.519,26.519,26.524,26.529,26.535,26.54,26.54,26.535,26.529,26.535,26.524,26.524,26.524,26.524,26.524,26.529,26.535,26.54,26.545,26.55,26.55,26.555,26.555,26.561,26.561,26.555,26.55,26.524,26.498,26.514,26.378,26.227,25.561,25.35,25.329,25.35,25.313,26.075,26.493,26.587,26.597,26.607,26.644,26.649,26.66,26.654,26.654,26.649,26.649,26.649,26.644,26.649,26.634,26.634,26.628,26.623,26.623,26.618,26.618,26.618,26.618,26.613,26.613,26.607,26.602,26.602,26.602,26.602,26.607,26.602,26.607,26.607,26.607,26.607,26.613,26.613,26.613,26.613,26.607,26.607,26.602,26.597,26.592,26.581,26.587,26.587,26.587,26.587,26.587,26.587,26.576,26.571,26.566,26.561,26.545,26.535,26.524,26.524,26.524,26.524,26.535,26.54,26.54,26.55,26.55,26.545,26.555,26.561,26.566,26.571,26.576,26.581,26.587,26.587,26.592,26.592,26.597,26.602,26.607,26.618,26.623,26.628,26.639,26.639,26.639,26.639,26.634,26.639,26.644,26.639,26.644,26.644,26.634,26.628,26.623,26.623,26.623,26.623,26.613,26.607,26.602,26.602,26.592,26.602,26.602,26.607,26.613,26.628,26.639,26.649,26.665,26.68,26.686,26.691,26.701,26.701,26.712,26.717,26.712,26.712,26.706,26.696,26.691,26.691,26.686,26.68,26.68,26.68,26.686,26.665,26.696,26.675,26.701,26.701,26.717,26.732,26.743,26.753,26.774,26.79,26.764,26.795,26.831,26.852,26.888,26.909,26.909,26.904,26.888,26.868,26.836,26.81,26.821,26.399,25.97,26.122,26.19,26.007,26.383,26.831,26.977,27.023,27.117,27.07,27.07,27.07,27.075,27.086,27.075,27.075,27.086,27.086,27.075,27.08,27.101,27.075,27.08,27.101,27.065,27.044,27.034,27.034,27.023,27.034,27.034,27.034,27.013,26.997,26.992,26.982,26.982,26.977,26.94,26.94,26.93,26.914,26.93,26.94,26.92,26.909,26.909,26.888,26.836,26.758,26.675,26.769,26.758,26.644,26.613,26.618,26.467,26.566,26.295,26.477,26.378,26.362,26.357,26.258,26.331,25.902,25.897,25.881,25.96,26.017,25.933,25.787,25.776,25.808,25.85,25.949,25.708,25.666,25.928,25.981,25.865,25.829,25.823,25.892,25.876,25.855,25.739,25.671,25.697,25.692,25.724,25.792,25.802,25.75,25.697,25.655,25.671,25.666,25.718,25.682,25.739,25.792,25.923,25.949,26.059,26.18,26.221,26.305,26.096
,26.566,26.566,26.561,26.555,26.545,26.54,26.524,26.514,26.514,26.514,26.514,26.514,26.514,26.514,26.508,26.503,26.498,26.498,26.498,26.498,26.493,26.493,26.498,26.503,26.503,26.508,26.503,26.503,26.503,26.503,26.503,26.498,26.498,26.498,26.493,26.488,26.477,26.482,26.488,26.498,26.503,26.508,26.498,26.488,26.477,26.472,26.467,26.462,26.462,26.467,26.467,26.472,26.472,26.477,26.477,26.477,26.482,26.482,26.482,26.482,26.482,26.482,26.477,26.488,26.493,26.493,26.498,26.503,26.508,26.508,26.498,26.503,26.508,26.514,26.519,26.524,26.524,26.524,26.519,26.524,26.519,26.524,26.524,26.529,26.535,26.535,26.54,26.54,26.54,26.535,26.529,26.524,26.524,26.524,26.524,26.524,26.529,26.535,26.545,26.55,26.555,26.55,26.555,26.555,26.561,26.566,26.561,26.555,26.54,26.535,26.488,26.498,26.404,26.043,25.445,25.308,25.382,25.419,25.618,26.587,26.535,26.581,26.597,26.649,26.649,26.66,26.654,26.66,26.654,26.66,26.654,26.649,26.649,26.644,26.639,26.639,26.639,26.634,26.634,26.634,26.628,26.623,26.618,26.613,26.613,26.613,26.607,26.613,26.613,26.618,26.618,26.618,26.613,26.613,26.618,26.618,26.618,26.618,26.618,26.613,26.607,26.607,26.597,26.592,26.587,26.587,26.587,26.592,26.592,26.592,26.592,26.587,26.581,26.576,26.566,26.561,26.545,26.54,26.535,26.535,26.535,26.535,26.54,26.55,26.55,26.55,26.555,26.561,26.561,26.566,26.571,26.576,26.581,26.587,26.592,26.592,26.597,26.597,26.597,26.602,26.613,26.623,26.628,26.634,26.639,26.639,26.639,26.639,26.639,26.634,26.639,26.639,26.639,26.628,26.623,26.623,26.618,26.623,26.623,26.613,26.607,26.602,26.597,26.592,26.602,26.607,26.618,26.618,26.623,26.634,26.644,26.665,26.665,26.68,26.686,26.691,26.696,26.701,26.712,26.701,26.706,26.691,26.686,26.675,26.68,26.67,26.67,26.66,26.67,26.66,26.665,26.727,26.675,26.691,26.691,26.717,26.712,26.706,26.779,26.706,26.706,26.795,26.784,26.795,26.816,26.873,26.904,26.914,26.909,26.888,26.883,26.862,26.878,26.888,26.774,26.117,26.132,26.122,26.075,26.435,26.883,27.308,27.257,27.194,27.117,27.153,27.153,27.163,27.168,27.153,27.153,27.137,27.163,27.127,27.137,27.158,27.163,27.194,27.184,27.153,27.137,27.08,27.086,27.137,27.091,27.07,27.054,27.08,27.039,27.003,26.987,26.971,26.982,26.982,26.966,26.951,26.914,26.951,26.878,26.821,26.722,26.79,26.753,26.774,26.613,26.529,26.524,26.394,26.31,26.295,26.242,26.169,26.227,25.907,26.023,26.002,25.876,25.871,25.687,25.671,25.802,25.787,25.808,25.771,25.771,25.802,25.823,25.923,25.85,25.818,25.928,25.96,25.907,25.928,25.949,25.907,25.981,26.064,26.132,26.169,26.028,26.221,26.169,26.106,26.064,26.159,26.148,26.138,26.174,26.253,26.232,26.305,26.628,26.639,26.623,26.748,26.748,26.581,26.717,26.456,26.342,26.519,26.654,26.404
,26.571,26.571,26.571,26.566,26.555,26.545,26.535,26.529,26.519,26.514,26.514,26.514,26.519,26.514,26.514,26.514,26.508,26.508,26.503,26.503,26.503,26.498,26.503,26.503,26.508,26.508,26.508,26.508,26.503,26.503,26.503,26.503,26.503,26.498,26.493,26.488,26.482,26.488,26.493,26.503,26.508,26.508,26.498,26.488,26.477,26.472,26.467,26.462,26.462,26.467,26.467,26.472,26.467,26.472,26.477,26.477,26.477,26.482,26.488,26.488,26.488,26.488,26.488,26.488,26.493,26.498,26.498,26.503,26.503,26.508,26.503,26.508,26.514,26.514,26.519,26.524,26.529,26.529,26.524,26.524,26.519,26.529,26.524,26.529,26.535,26.54,26.54,26.54,26.535,26.529,26.529,26.529,26.529,26.519,26.524,26.529,26.535,26.54,26.55,26.55,26.555,26.555,26.555,26.561,26.566,26.571,26.566,26.566,26.555,26.545,26.54,26.576,26.394,26.258,25.603,25.292,25.371,25.529,25.513,26.143,26.602,26.602,26.623,26.644,26.654,26.66,26.66,26.66,26.66,26.66,26.66,26.654,26.654,26.654,26.654,26.649,26.649,26.654,26.649,26.639,26.639,26.634,26.628,26.623,26.618,26.618,26.618,26.623,26.623,26.623,26.623,26.623,26.623,26.623,26.623,26.623,26.623,26.623,26.618,26.618,26.613,26.607,26.602,26.602,26.592,26.592,26.587,26.592,26.597,26.602,26.592,26.592,26.587,26.581,26.576,26.571,26.555,26.555,26.545,26.545,26.545,26.545,26.55,26.55,26.555,26.555,26.561,26.566,26.566,26.571,26.571,26.576,26.587,26.587,26.592,26.597,26.597,26.597,26.597,26.602,26.607,26.618,26.628,26.634,26.644,26.639,26.649,26.639,26.639,26.634,26.634,26.634,26.628,26.623,26.618,26.613,26.613,26.618,26.623,26.618,26.613,26.597,26.592,26.592,26.592,26.602,26.613,26.613,26.623,26.618,26.644,26.613,26.665,26.691,26.675,26.68,26.68,26.691,26.706,26.686,26.649,26.66,26.654,26.66,26.66,26.649,26.67,26.618,26.607,26.686,26.67,26.691,26.701,26.686,26.696,26.696,26.691,26.732,26.691,26.727,26.816,26.769,26.779,26.816,26.836,26.888,26.909,26.894,26.977,26.888,26.914,26.873,26.93,26.987,26.774,26.096,26.174,26.221,26.112,26.503,27.127,27.184,27.272,27.293,27.21,27.205,27.241,27.215,27.189,27.241,27.231,27.262,27.2,27.21,27.189,27.189,27.189,27.163,27.143,27.179,27.205,27.137,27.117,27.127,27.075,27.205,27.054,27.08,27.044,27.008,26.987,26.966,26.971,26.945,26.94,26.909,26.805,26.753,26.732,26.722,26.618,26.55,26.55,26.488,26.535,26.42,26.451,26.227,26.399,26.315,26.242,26.143,26.127,26.143,26.446,26.143,26.3,26.399,26.394,26.31,26.488,26.493,26.415,26.221,26.31,26.399,26.362,26.545,26.441,26.477,26.43,26.639,26.54,26.55,26.357,26.368,26.441,26.607,26.795,26.909,26.488,26.94,26.857,26.883,26.873,26.857,26.8,26.951,26.779,26.878,26.805,26.769,26.743,26.66,26.712,26.732,26.712,26.706,26.821,26.816,26.868,26.79,26.79,26.81
,26.576,26.576,26.576,26.566,26.561,26.555,26.54,26.529,26.524,26.519,26.519,26.514,26.514,26.519,26.519,26.519,26.519,26.514,26.519,26.514,26.508,26.503,26.503,26.508,26.508,26.514,26.514,26.508,26.508,26.508,26.508,26.508,26.508,26.498,26.493,26.488,26.488,26.488,26.493,26.503,26.508,26.508,26.503,26.493,26.482,26.472,26.467,26.467,26.462,26.467,26.472,26.472,26.472,26.472,26.472,26.477,26.482,26.482,26.493,26.493,26.493,26.493,26.488,26.498,26.493,26.498,26.498,26.503,26.503,26.508,26.508,26.514,26.514,26.519,26.524,26.529,26.529,26.529,26.529,26.524,26.524,26.529,26.529,26.54,26.54,26.54,26.54,26.535,26.535,26.54,26.529,26.535,26.529,26.524,26.524,26.535,26.54,26.545,26.55,26.555,26.561,26.561,26.561,26.561,26.566,26.566,26.571,26.576,26.566,26.555,26.55,26.54,26.467,26.425,25.97,25.603,25.403,25.434,25.618,25.645,26.639,26.618,26.613,26.628,26.654,26.67,26.67,26.67,26.67,26.665,26.665,26.665,26.66,26.66,26.66,26.665,26.665,26.665,26.665,26.654,26.649,26.639,26.634,26.628,26.628,26.628,26.628,26.634,26.634,26.634,26.634,26.628,26.634,26.634,26.628,26.634,26.634,26.628,26.628,26.623,26.618,26.618,26.607,26.602,26.597,26.597,26.597,26.602,26.602,26.602,26.602,26.602,26.597,26.597,26.587,26.581,26.571,26.566,26.561,26.55,26.555,26.555,26.555,26.555,26.561,26.561,26.561,26.566,26.561,26.571,26.571,26.576,26.581,26.592,26.597,26.602,26.597,26.592,26.587,26.592,26.597,26.613,26.607,26.623,26.639,26.66,26.639,26.649,26.618,26.623,26.623,26.618,26.618,26.602,26.613,26.592,26.613,26.607,26.618,26.607,26.597,26.592,26.581,26.587,26.592,26.602,26.602,26.613,26.613,26.592,26.587,26.607,26.639,26.634,26.66,26.649,26.639,26.696,26.665,26.696,26.613,26.686,26.665,26.634,26.654,26.66,26.634,26.613,26.691,26.634,26.706,26.68,26.706,26.743,26.748,26.774,26.748,26.805,26.79,26.774,26.779,26.779,26.639,26.482,26.722,26.784,26.847,26.753,26.748,26.8,26.795,26.821,26.758,26.764,26.613,26.253,26.242,26.326,26.383,26.331,27.003,27.21,27.272,27.298,27.282,27.246,27.241,27.215,27.241,27.225,27.282,27.22,27.22,27.267,27.205,27.231,27.189,27.215,27.21,27.184,27.189,27.168,27.101,27.174,27.22,27.158,27.127,27.091,27.08,27.039,27.054,27.034,27.044,26.971,27.013,26.961,27.018,27.127,26.894,26.738,27.065,27.179,27.215,27.231,27.184,27.288,27.039,27.065,27.039,27.148,26.961,26.842,26.769,26.826,26.914,26.769,26.743,26.701,26.675,26.639,26.675,26.68,26.779,26.764,26.769,26.836,26.717,26.774,26.774,26.743,26.816,26.743,26.831,26.649,26.696,26.831,26.727,26.691,26.722,26.706,26.743,26.784,26.774,26.79,26.8,26.79,26.732,26.732,26.727,26.738,26.607,26.743,26.732,26.779,26.717,26.764,26.774,26.779,26.805,26.816,26.784,26.795,26.79,26.8
,26.581,26.581,26.581,26.576,26.571,26.566,26.555,26.54,26.529,26.524,26.519,26.519,26.519,26.524,26.524,26.524,26.529,26.535,26.529,26.524,26.519,26.508,26.508,26.508,26.514,26.514,26.519,26.519,26.519,26.519,26.519,26.519,26.514,26.508,26.498,26.488,26.493,26.488,26.498,26.508,26.514,26.514,26.503,26.498,26.482,26.477,26.467,26.472,26.472,26.467,26.472,26.477,26.477,26.467,26.472,26.477,26.482,26.488,26.493,26.498,26.498,26.498,26.493,26.498,26.498,26.503,26.503,26.503,26.508,26.503,26.508,26.514,26.519,26.519,26.529,26.529,26.524,26.529,26.524,26.524,26.529,26.535,26.535,26.545,26.55,26.55,26.545,26.545,26.54,26.54,26.535,26.535,26.535,26.529,26.535,26.535,26.54,26.55,26.555,26.561,26.566,26.566,26.566,26.566,26.571,26.576,26.576,26.581,26.576,26.571,26.561,26.566,26.508,26.409,26.122,25.855,25.476,25.461,25.513,25.666,26.446,26.618,26.644,26.665,26.675,26.68,26.686,26.686,26.686,26.68,26.68,26.675,26.67,26.67,26.675,26.68,26.68,26.686,26.68,26.675,26.67,26.66,26.654,26.644,26.649,26.644,26.644,26.644,26.644,26.644,26.649,26.649,26.644,26.644,26.644,26.644,26.644,26.639,26.634,26.628,26.628,26.618,26.618,26.618,26.607,26.602,26.602,26.602,26.607,26.613,26.607,26.607,26.602,26.602,26.597,26.597,26.587,26.581,26.581,26.571,26.566,26.566,26.561,26.566,26.566,26.566,26.566,26.561,26.561,26.561,26.566,26.571,26.581,26.592,26.613,26.602,26.613,26.561,26.581,26.592,26.592,26.581,26.618,26.613,26.649,26.649,26.67,26.597,26.634,26.639,26.607,26.623,26.607,26.602,26.581,26.576,26.571,26.613,26.607,26.613,26.602,26.581,26.576,26.581,26.545,26.607,26.602,26.581,26.597,26.628,26.535,26.597,26.602,26.66,26.587,26.675,26.696,26.769,26.712,26.618,26.644,26.561,26.779,26.769,26.675,26.686,26.758,26.566,26.404,26.237,26.253,26.415,26.482,26.232,26.289,26.153,26.232,26.2,25.981,26.106,26.127,26.174,25.933,26.091,26.174,26.289,26.383,26.357,26.362,26.477,26.3,26.347,26.441,26.446,26.362,26.321,26.3,26.362,26.597,26.727,27.023,27.236,27.236,27.272,27.22,27.241,27.262,27.262,27.272,27.303,27.391,27.298,27.2,27.344,27.417,27.469,27.303,27.324,27.35,27.324,27.515,27.438,27.474,27.489,27.515,27.629,27.422,27.355,27.474,27.721,27.629,27.685,27.515,27.401,27.701,27.793,27.308,27.407,27.417,27.37,27.251,27.262,27.282,27.267,27.2,27.189,27.246,27.065,27.049,27.163,27.137,26.956,26.873,26.956,26.914,26.899,26.826,26.852,26.753,26.769,26.81,26.847,26.779,26.764,26.847,26.878,26.852,26.888,26.847,26.842,26.862,26.821,26.862,26.831,26.831,26.8,26.774,26.774,26.727,26.732,26.816,26.784,26.774,26.795,26.795,26.784,26.784,26.774,26.753,26.79,26.81,26.769,26.758,26.79,26.795,26.805,26.784,26.784,26.784,26.784,26.805,26.81,26.79,26.8
,26.592,26.587,26.592,26.592,26.587,26.576,26.571,26.55,26.54,26.529,26.524,26.524,26.524,26.529,26.54,26.545,26.55,26.545,26.54,26.54,26.529,26.519,26.514,26.514,26.524,26.524,26.524,26.529,26.535,26.524,26.524,26.524,26.519,26.508,26.503,26.493,26.493,26.493,26.503,26.514,26.519,26.514,26.514,26.503,26.493,26.482,26.477,26.472,26.477,26.472,26.472,26.472,26.472,26.472,26.472,26.477,26.482,26.493,26.498,26.503,26.503,26.498,26.503,26.503,26.503,26.503,26.503,26.508,26.508,26.514,26.519,26.519,26.524,26.524,26.524,26.529,26.529,26.529,26.529,26.54,26.54,26.545,26.55,26.555,26.555,26.555,26.555,26.555,26.55,26.545,26.545,26.54,26.535,26.535,26.535,26.54,26.545,26.55,26.561,26.566,26.566,26.571,26.571,26.571,26.571,26.576,26.581,26.587,26.587,26.587,26.576,26.555,26.54,26.508,26.415,25.949,25.566,25.545,25.545,25.645,25.907,26.649,26.665,26.665,26.696,26.701,26.712,26.712,26.712,26.706,26.701,26.696,26.691,26.691,26.691,26.701,26.706,26.706,26.706,26.701,26.691,26.68,26.675,26.665,26.665,26.665,26.665,26.66,26.665,26.66,26.665,26.665,26.66,26.665,26.66,26.66,26.654,26.649,26.649,26.644,26.639,26.639,26.639,26.628,26.623,26.613,26.607,26.607,26.613,26.618,26.623,26.613,26.618,26.607,26.613,26.654,26.592,26.597,26.602,26.592,26.587,26.576,26.566,26.555,26.571,26.561,26.555,26.561,26.55,26.545,26.55,26.576,26.571,26.592,26.587,26.607,26.597,26.576,26.545,26.581,26.555,26.566,26.597,26.618,26.654,26.67,26.649,26.54,26.597,26.607,26.649,26.581,26.628,26.613,26.592,26.592,26.597,26.535,26.602,26.618,26.634,26.618,26.587,26.623,26.545,26.581,26.67,26.686,26.555,26.368,26.618,26.581,26.31,26.352,26.362,26.258,26.122,25.76,26.038,25.902,25.965,25.692,25.718,25.829,25.697,25.76,25.776,25.724,25.603,25.776,25.682,25.755,25.839,25.692,25.708,25.871,25.655,25.703,25.676,25.729,25.787,25.703,25.666,25.86,25.981,26.012,25.981,26.169,26.143,26.258,26.19,26.242,26.368,26.415,26.326,26.357,26.43,26.467,26.519,26.758,27.22,27.21,27.35,27.448,27.53,27.598,27.608,27.67,27.556,27.592,27.685,27.598,27.5,27.675,27.623,27.598,27.67,27.721,27.763,27.706,27.845,27.752,27.732,27.701,27.561,27.659,27.608,27.706,27.68,27.649,27.463,27.453,27.293,27.592,27.525,27.52,27.515,27.417,27.344,27.313,27.241,27.163,27.22,27.189,27.122,27.231,27.106,27.086,27.117,27.034,26.945,26.899,26.868,26.925,26.852,26.868,26.862,26.81,26.779,26.8,26.8,26.883,26.816,26.8,26.8,26.868,26.868,26.847,26.883,26.894,26.873,26.878,26.868,26.857,26.847,26.836,26.8,26.784,26.779,26.79,26.79,26.784,26.795,26.8,26.795,26.8,26.79,26.784,26.779,26.764,26.769,26.758,26.769,26.79,26.784,26.79,26.795,26.795,26.8,26.8,26.81,26.795,26.8,26.8
,26.592,26.597,26.602,26.602,26.597,26.592,26.581,26.571,26.55,26.545,26.54,26.54,26.545,26.545,26.555,26.561,26.561,26.561,26.555,26.55,26.545,26.535,26.529,26.529,26.535,26.535,26.54,26.54,26.54,26.54,26.54,26.54,26.529,26.529,26.514,26.508,26.508,26.508,26.514,26.524,26.529,26.524,26.524,26.514,26.503,26.493,26.488,26.488,26.482,26.482,26.482,26.482,26.482,26.482,26.482,26.482,26.488,26.498,26.508,26.508,26.508,26.508,26.503,26.508,26.508,26.508,26.508,26.514,26.514,26.519,26.519,26.524,26.524,26.524,26.529,26.529,26.529,26.529,26.535,26.545,26.55,26.555,26.566,26.566,26.566,26.571,26.561,26.561,26.561,26.555,26.55,26.545,26.54,26.54,26.54,26.545,26.55,26.555,26.561,26.561,26.571,26.571,26.566,26.571,26.581,26.587,26.597,26.597,26.597,26.602,26.597,26.576,26.607,26.555,26.488,26.342,25.865,25.534,25.618,25.634,25.708,26.174,26.665,26.634,26.717,26.732,26.743,26.743,26.738,26.738,26.738,26.722,26.727,26.722,26.722,26.732,26.732,26.732,26.727,26.722,26.717,26.706,26.696,26.691,26.691,26.686,26.686,26.686,26.686,26.68,26.686,26.68,26.68,26.675,26.675,26.675,26.665,26.665,26.67,26.654,26.654,26.67,26.66,26.649,26.634,26.623,26.618,26.607,26.618,26.623,26.628,26.67,26.675,26.639,26.618,26.618,26.628,26.613,26.602,26.581,26.602,26.555,26.566,26.571,26.571,26.561,26.55,26.54,26.529,26.514,26.529,26.581,26.587,26.482,26.602,26.607,26.519,26.55,26.545,26.482,26.435,26.592,26.576,26.488,26.435,26.566,26.467,26.477,26.472,26.488,26.529,26.451,26.295,26.237,26.336,26.378,26.357,26.446,25.865,25.865,25.792,25.802,26.043,25.64,25.655,25.566,25.255,25.345,25.271,25.324,25.223,25.387,25.371,25.376,25.371,25.387,25.339,25.497,25.534,25.487,25.492,25.382,25.313,25.545,25.571,25.513,25.529,25.492,25.508,25.529,25.476,25.624,25.545,25.508,25.655,25.703,25.64,25.603,25.671,25.571,25.703,25.75,25.787,26.028,26.091,26.101,26.274,26.18,26.211,26.535,26.508,26.498,26.649,26.748,26.701,26.613,26.399,26.498,26.441,26.686,27.355,27.67,27.567,27.747,27.706,27.716,27.912,27.675,27.799,27.752,27.634,27.567,27.737,27.654,27.665,27.618,27.629,27.556,27.479,27.427,27.592,27.484,27.67,27.629,27.577,27.546,27.67,27.505,27.484,27.463,27.365,27.293,27.262,27.36,27.277,27.381,27.344,27.277,27.189,27.236,27.106,27.22,27.21,27.168,27.117,27.106,27.008,27.013,26.935,26.925,26.894,26.847,26.883,26.878,26.862,26.847,26.836,26.836,26.826,26.842,26.852,26.826,26.805,26.857,26.873,26.873,26.878,26.883,26.873,26.894,26.883,26.883,26.878,26.868,26.857,26.842,26.826,26.81,26.795,26.795,26.784,26.79,26.795,26.8,26.8,26.8,26.795,26.795,26.79,26.779,26.779,26.779,26.779,26.784,26.795,26.8,26.795,26.8,26.805,26.8,26.805,26.8,26.8,26.8
,26.602,26.602,26.607,26.613,26.607,26.602,26.597,26.587,26.566,26.566,26.561,26.561,26.566,26.571,26.576,26.576,26.576,26.576,26.571,26.566,26.555,26.545,26.54,26.54,26.54,26.545,26.55,26.55,26.545,26.545,26.545,26.545,26.54,26.529,26.524,26.519,26.519,26.519,26.524,26.529,26.535,26.535,26.529,26.519,26.508,26.503,26.493,26.493,26.498,26.493,26.493,26.488,26.488,26.482,26.488,26.493,26.498,26.503,26.514,26.514,26.514,26.508,26.508,26.508,26.508,26.514,26.514,26.519,26.524,26.524,26.524,26.529,26.529,26.529,26.529,26.529,26.529,26.529,26.535,26.545,26.561,26.571,26.571,26.576,26.576,26.576,26.571,26.576,26.571,26.566,26.561,26.555,26.545,26.545,26.545,26.545,26.55,26.555,26.555,26.561,26.566,26.571,26.571,26.581,26.587,26.592,26.602,26.613,26.618,26.618,26.613,26.613,26.566,26.561,26.519,26.498,26.122,25.661,25.64,25.682,25.718,25.996,26.639,26.696,26.727,26.758,26.774,26.779,26.774,26.774,26.779,26.769,26.769,26.764,26.764,26.758,26.764,26.758,26.758,26.743,26.738,26.732,26.727,26.722,26.722,26.712,26.712,26.701,26.696,26.701,26.701,26.701,26.696,26.691,26.68,26.68,26.675,26.675,26.696,26.654,26.654,26.68,26.68,26.67,26.649,26.602,26.607,26.602,26.634,26.623,26.618,26.613,26.628,26.712,26.665,26.675,26.686,26.675,26.67,26.67,26.649,26.644,26.66,26.644,26.634,26.613,26.555,26.524,26.389,26.482,26.404,26.305,26.336,26.31,26.3,26.237,26.227,26.091,26.159,26.101,26.023,26.043,25.954,25.787,25.923,25.739,25.592,25.603,25.303,25.318,25.429,25.334,25.434,25.181,25.281,25.303,25.097,25.144,25.171,25.276,25.266,25.023,24.954,25.218,25.239,25.223,25.308,25.324,25.324,25.361,25.308,25.366,25.35,25.361,25.35,25.155,25.366,25.382,25.445,25.387,25.461,25.461,25.697,25.64,25.587,25.629,25.613,25.592,25.592,25.613,25.855,25.886,25.823,26.185,26.122,26.012,26.415,25.865,26.216,26.3,26.472,26.764,26.55,26.415,26.519,26.535,26.42,26.784,26.857,26.774,26.722,26.883,26.826,26.94,26.977,26.696,26.493,26.493,26.493,26.706,26.914,27.603,27.809,27.773,27.659,27.649,27.5,27.701,27.469,27.375,27.5,27.598,27.675,27.515,27.546,27.536,27.355,27.381,27.282,27.365,27.272,27.36,27.293,27.427,27.257,27.329,27.308,27.391,27.148,27.215,27.324,27.262,27.298,27.179,27.096,27.189,27.267,27.21,27.065,27.096,27.07,27.096,27.106,27.137,27.122,27.044,27.023,26.961,26.945,26.93,26.909,26.883,26.852,26.842,26.842,26.842,26.836,26.826,26.826,26.821,26.821,26.831,26.847,26.847,26.857,26.862,26.878,26.883,26.883,26.883,26.883,26.883,26.878,26.868,26.862,26.852,26.831,26.821,26.81,26.8,26.795,26.795,26.8,26.8,26.8,26.8,26.8,26.795,26.795,26.784,26.784,26.784,26.784,26.79,26.795,26.8,26.8,26.805,26.805,26.805,26.805,26.8,26.8,26.8
,26.602,26.607,26.613,26.618,26.623,26.613,26.607,26.602,26.587,26.581,26.581,26.587,26.587,26.592,26.592,26.597,26.592,26.587,26.581,26.576,26.566,26.555,26.55,26.55,26.55,26.55,26.555,26.555,26.555,26.55,26.55,26.55,26.55,26.54,26.535,26.529,26.529,26.529,26.535,26.54,26.54,26.54,26.535,26.524,26.514,26.508,26.503,26.498,26.493,26.493,26.493,26.493,26.493,26.493,26.498,26.498,26.508,26.514,26.519,26.519,26.514,26.514,26.514,26.514,26.514,26.519,26.519,26.524,26.529,26.529,26.529,26.535,26.535,26.529,26.535,26.529,26.529,26.535,26.54,26.555,26.561,26.571,26.581,26.581,26.587,26.581,26.587,26.587,26.581,26.576,26.566,26.555,26.555,26.55,26.545,26.545,26.555,26.555,26.555,26.561,26.566,26.576,26.581,26.587,26.592,26.602,26.613,26.623,26.634,26.639,26.644,26.634,26.602,26.592,26.503,26.55,26.472,26.028,25.729,25.739,25.829,25.876,26.409,26.753,26.774,26.732,26.816,26.81,26.816,26.816,26.821,26.821,26.826,26.821,26.8,26.795,26.795,26.779,26.779,26.769,26.764,26.758,26.753,26.748,26.748,26.732,26.727,26.717,26.712,26.706,26.706,26.701,26.712,26.701,26.696,26.68,26.696,26.67,26.68,26.701,26.712,26.701,26.732,26.743,26.68,26.634,26.712,26.701,26.696,26.706,26.686,26.722,26.743,26.628,26.43,26.43,26.326,26.342,26.195,26.112,26.148,26.106,26.148,26.101,26.049,26.017,25.928,25.86,25.813,25.85,25.76,25.513,25.476,25.413,25.419,25.392,25.455,25.26,25.213,25.208,25.245,25.176,25.033,25.123,25.097,25.35,25.091,25.165,25.028,25.15,25.239,25.371,25.281,25.303,25.308,25.171,25.218,25.218,25.255,25.186,25.165,25.266,25.276,25.471,25.308,25.571,25.445,25.576,25.629,25.576,25.708,25.629,25.676,25.692,25.692,25.576,25.724,25.823,26.028,26.08,25.981,25.855,26.357,26.342,26.555,26.498,26.597,26.597,26.623,26.613,26.623,26.732,26.529,26.336,26.462,26.587,26.519,26.764,26.68,26.587,26.628,26.691,26.623,26.68,26.696,26.79,26.769,26.805,26.769,26.888,26.878,26.836,26.966,27.065,26.868,26.774,26.581,26.498,26.435,26.712,26.779,27.453,27.36,27.432,27.474,27.35,27.334,27.339,27.308,27.474,27.324,27.329,27.334,27.277,27.184,27.205,27.205,27.293,27.241,27.282,27.117,27.231,27.194,27.267,27.174,27.168,27.225,27.267,27.282,27.189,27.08,27.101,27.065,27.111,27.127,27.137,27.106,27.091,27.013,27.023,27.044,27.023,27.023,27.008,27.008,26.997,26.971,26.945,26.92,26.894,26.873,26.857,26.847,26.836,26.831,26.826,26.821,26.821,26.821,26.821,26.826,26.831,26.842,26.847,26.852,26.862,26.873,26.873,26.873,26.878,26.878,26.883,26.878,26.873,26.868,26.847,26.836,26.826,26.816,26.805,26.795,26.8,26.8,26.805,26.805,26.8,26.8,26.8,26.795,26.795,26.795,26.79,26.79,26.795,26.795,26.8,26.805,26.805,26.805,26.805,26.805,26.795,26.8,26.805
,26.607,26.613,26.623,26.628,26.628,26.628,26.618,26.613,26.602,26.597,26.602,26.607,26.607,26.607,26.607,26.607,26.602,26.597,26.592,26.587,26.576,26.566,26.555,26.561,26.555,26.555,26.555,26.555,26.555,26.555,26.555,26.55,26.555,26.545,26.54,26.535,26.54,26.54,26.545,26.545,26.545,26.545,26.535,26.529,26.514,26.508,26.503,26.498,26.498,26.498,26.498,26.498,26.503,26.503,26.508,26.514,26.519,26.519,26.519,26.519,26.514,26.514,26.514,26.514,26.514,26.519,26.524,26.529,26.529,26.54,26.535,26.535,26.535,26.535,26.535,26.529,26.529,26.535,26.545,26.555,26.566,26.571,26.581,26.581,26.587,26.592,26.592,26.597,26.592,26.581,26.571,26.566,26.555,26.55,26.545,26.545,26.55,26.55,26.555,26.555,26.545,26.555,26.576,26.592,26.592,26.602,26.613,26.634,26.649,26.66,26.649,26.67,26.634,26.634,26.68,26.55,26.54,26.216,25.897,25.76,25.802,25.939,26.31,26.701,26.795,26.81,26.821,26.842,26.862,26.852,26.857,26.868,26.868,26.857,26.821,26.805,26.805,26.805,26.795,26.79,26.779,26.79,26.774,26.769,26.764,26.753,26.748,26.738,26.717,26.712,26.712,26.722,26.706,26.706,26.701,26.68,26.727,26.738,26.738,26.634,26.654,26.587,26.477,26.488,26.378,26.399,26.138,26.112,26.117,26.138,26.268,26.101,26.038,25.897,25.724,25.797,25.65,25.708,25.629,25.476,25.571,25.413,25.519,25.45,25.429,25.392,25.366,25.26,25.308,25.339,25.318,25.334,25.218,25.297,25.292,25.318,25.308,25.361,25.25,25.229,25.266,25.229,25.197,25.128,25.16,25.165,25.303,25.608,25.339,25.339,25.376,25.471,25.576,25.739,25.713,25.813,25.829,25.755,25.766,25.75,25.797,25.954,26.028,26.148,25.981,26.326,25.991,26.3,26.425,26.373,26.493,26.425,26.368,26.535,26.519,26.42,26.644,26.654,26.628,26.535,26.581,26.576,26.415,26.524,26.717,26.529,26.545,26.566,26.571,26.618,26.555,26.623,26.686,26.597,26.764,26.634,26.758,26.857,26.649,26.743,26.732,26.722,26.779,26.722,26.8,26.847,26.79,26.857,26.857,26.862,26.945,26.977,27.029,26.925,26.997,26.821,26.628,26.456,26.467,26.597,26.717,27.288,27.37,27.329,27.36,27.277,27.179,27.246,27.35,27.189,27.21,27.236,27.241,27.22,27.194,27.184,27.158,27.117,27.153,27.096,27.117,27.08,27.132,27.117,27.075,27.091,27.039,27.101,27.075,27.07,27.008,27.039,27.096,27.054,27.054,27.054,27.029,27.018,26.997,26.992,26.987,26.987,26.987,26.977,26.966,26.951,26.93,26.925,26.904,26.883,26.862,26.847,26.836,26.831,26.826,26.821,26.821,26.816,26.816,26.816,26.821,26.821,26.836,26.842,26.847,26.857,26.868,26.868,26.868,26.868,26.873,26.873,26.873,26.873,26.868,26.852,26.842,26.831,26.821,26.805,26.8,26.8,26.8,26.805,26.805,26.8,26.8,26.8,26.8,26.8,26.8,26.8,26.8,26.8,26.8,26.805,26.805,26.81,26.805,26.81,26.805,26.805,26.805,26.805
,26.607,26.618,26.623,26.634,26.639,26.628,26.628,26.623,26.613,26.613,26.613,26.613,26.613,26.618,26.618,26.618,26.613,26.607,26.602,26.592,26.576,26.571,26.561,26.561,26.561,26.555,26.561,26.561,26.561,26.555,26.555,26.555,26.555,26.555,26.545,26.535,26.54,26.545,26.55,26.55,26.55,26.555,26.54,26.529,26.519,26.508,26.498,26.498,26.498,26.493,26.498,26.503,26.503,26.508,26.514,26.519,26.524,26.529,26.524,26.529,26.524,26.524,26.514,26.519,26.519,26.519,26.524,26.535,26.54,26.535,26.545,26.54,26.54,26.535,26.535,26.535,26.535,26.529,26.545,26.55,26.571,26.581,26.576,26.581,26.587,26.597,26.607,26.597,26.607,26.587,26.576,26.555,26.55,26.54,26.545,26.54,26.545,26.55,26.535,26.535,26.535,26.581,26.597,26.634,26.613,26.576,26.634,26.623,26.665,26.67,26.67,26.628,26.644,26.639,26.628,26.561,26.571,26.435,26.127,25.913,25.787,25.96,26.08,26.613,26.878,26.878,26.899,26.873,26.888,26.914,26.904,26.935,26.93,27.003,27.018,27.06,26.868,26.81,26.826,26.821,26.894,26.795,26.795,26.8,26.79,26.769,26.727,26.727,26.696,26.722,26.701,26.644,26.623,26.576,26.529,26.597,26.472,26.409,26.389,26.378,26.441,26.242,26.2,26.326,26.242,26.07,25.902,25.739,25.907,25.776,25.897,25.797,25.692,25.655,25.676,25.645,25.561,25.655,25.613,25.519,25.582,25.461,25.482,25.45,25.408,25.339,25.276,25.424,25.376,25.361,25.355,25.339,25.281,25.555,25.645,26.059,25.734,25.413,25.718,25.939,25.766,25.918,25.802,25.85,26.085,26.122,26.075,26.3,25.933,26.122,26.295,25.996,26.101,26.174,26.174,26.248,26.425,26.305,26.31,26.357,26.399,26.441,26.456,26.43,26.373,26.268,26.368,26.587,26.42,26.42,26.409,26.514,26.477,26.529,26.508,26.623,26.55,26.581,26.576,26.576,26.602,26.649,26.618,26.686,26.732,26.706,26.717,26.654,26.66,26.665,26.634,26.701,26.774,26.753,26.706,26.732,26.712,26.706,26.743,26.764,26.779,26.8,26.753,26.784,26.805,26.81,26.795,26.836,26.868,26.888,26.94,26.945,26.987,27.065,26.93,26.888,26.738,26.43,26.482,26.55,26.613,26.945,27.2,27.21,27.189,27.189,27.194,27.132,27.143,27.179,27.184,27.168,27.163,27.143,27.122,27.111,27.091,27.054,27.034,27.013,27.054,27.044,27.054,27.06,27.101,27.044,27.039,27.054,27.029,27.029,27.013,26.951,26.94,27.003,27.003,26.992,26.987,26.966,26.956,26.945,26.951,26.951,26.945,26.94,26.93,26.914,26.904,26.888,26.873,26.868,26.852,26.842,26.831,26.826,26.816,26.816,26.816,26.81,26.81,26.816,26.821,26.821,26.826,26.831,26.842,26.852,26.857,26.857,26.862,26.862,26.868,26.868,26.873,26.868,26.862,26.852,26.842,26.826,26.816,26.81,26.805,26.8,26.8,26.8,26.795,26.795,26.795,26.805,26.805,26.805,26.805,26.805,26.805,26.805,26.805,26.81,26.81,26.805,26.81,26.81,26.816,26.81,26.805,26.81
,26.618,26.623,26.634,26.639,26.639,26.639,26.639,26.634,26.628,26.628,26.623,26.623,26.623,26.623,26.623,26.623,26.618,26.613,26.607,26.597,26.587,26.571,26.561,26.561,26.561,26.561,26.561,26.555,26.555,26.555,26.561,26.561,26.566,26.555,26.55,26.54,26.54,26.545,26.55,26.555,26.561,26.555,26.545,26.535,26.519,26.514,26.503,26.493,26.503,26.498,26.498,26.508,26.508,26.524,26.524,26.524,26.529,26.529,26.524,26.529,26.519,26.503,26.535,26.493,26.519,26.529,26.54,26.514,26.535,26.529,26.545,26.55,26.54,26.519,26.545,26.529,26.535,26.529,26.535,26.555,26.592,26.566,26.571,26.592,26.592,26.597,26.592,26.634,26.555,26.587,26.571,26.587,26.566,26.55,26.54,26.524,26.498,26.519,26.54,26.54,26.545,26.581,26.613,26.592,26.602,26.628,26.55,26.587,26.644,26.665,26.665,26.67,26.649,26.639,26.613,26.576,26.472,26.535,26.352,26.216,26.023,25.918,26.08,26.399,26.857,26.909,26.971,27.003,26.914,26.899,26.935,26.951,26.935,26.977,27.003,26.94,26.826,26.816,26.868,26.836,26.816,26.81,26.821,26.81,26.831,26.753,26.8,26.758,26.712,26.524,26.66,26.628,26.581,26.555,26.482,26.462,26.493,26.435,26.462,26.383,26.404,26.357,26.258,26.258,26.148,26.07,25.975,26.075,26.064,26.07,26.117,25.939,26.023,25.755,26.18,26.064,26.117,25.745,25.928,26.362,26.383,26.206,26.059,26.216,26.159,26.274,26.305,26.279,26.321,26.274,26.383,26.435,26.409,26.43,26.352,26.279,26.289,26.253,26.112,26.482,26.649,26.503,26.342,26.383,26.477,26.529,26.441,26.535,26.462,26.462,26.524,26.446,26.467,26.404,26.55,26.576,26.602,26.535,26.514,26.493,26.503,26.493,26.555,26.597,26.514,26.493,26.425,26.644,26.566,26.545,26.409,26.597,26.581,26.535,26.545,26.654,26.623,26.571,26.66,26.613,26.613,26.628,26.67,26.691,26.696,26.696,26.732,26.717,26.717,26.66,26.665,26.805,26.769,26.764,26.727,26.738,26.732,26.738,26.748,26.764,26.784,26.79,26.8,26.8,26.805,26.821,26.847,26.857,26.883,26.909,26.935,26.956,26.956,26.987,26.977,26.92,26.691,26.456,26.524,26.488,26.597,26.753,27.267,27.21,27.194,27.158,27.122,27.096,27.054,27.101,27.122,27.101,27.106,27.086,27.06,27.049,27.029,26.992,26.992,27.013,27.008,27.013,27.034,27.044,27.018,27.029,27.003,26.997,26.997,26.977,26.966,26.966,26.951,26.945,26.951,26.956,26.945,26.94,26.93,26.925,26.925,26.92,26.914,26.909,26.899,26.883,26.873,26.862,26.852,26.847,26.842,26.831,26.826,26.816,26.821,26.821,26.816,26.821,26.821,26.816,26.816,26.816,26.821,26.826,26.836,26.847,26.847,26.852,26.857,26.857,26.868,26.868,26.868,26.862,26.857,26.847,26.836,26.826,26.816,26.805,26.8,26.795,26.795,26.795,26.79,26.79,26.795,26.8,26.805,26.805,26.805,26.805,26.805,26.805,26.805,26.805,26.805,26.81,26.816,26.816,26.81,26.81,26.805,26.805
,26.628,26.634,26.644,26.649,26.654,26.654,26.649,26.649,26.639,26.634,26.634,26.628,26.634,26.634,26.634,26.634,26.628,26.623,26.618,26.607,26.592,26.576,26.566,26.566,26.566,26.566,26.561,26.566,26.555,26.555,26.561,26.566,26.566,26.566,26.545,26.545,26.555,26.545,26.561,26.555,26.566,26.561,26.55,26.55,26.524,26.493,26.508,26.514,26.472,26.477,26.503,26.493,26.519,26.472,26.519,26.519,26.54,26.519,26.535,26.519,26.535,26.618,26.514,26.514,26.519,26.529,26.503,26.519,26.514,26.571,26.555,26.535,26.535,26.55,26.472,26.529,26.508,26.519,26.55,26.514,26.561,26.576,26.597,26.597,26.571,26.555,26.628,26.618,26.587,26.524,26.508,26.508,26.503,26.508,26.54,26.477,26.514,26.508,26.451,26.43,26.441,26.472,26.498,26.488,26.477,26.472,26.43,26.394,26.42,26.389,26.456,26.394,26.331,26.352,26.342,26.446,26.326,26.305,26.389,26.164,26.122,26.18,26.237,26.613,26.904,26.935,26.914,26.92,26.899,26.873,26.909,26.93,26.997,27.023,26.935,26.899,26.883,26.883,26.909,26.888,26.93,26.847,26.873,26.852,26.878,26.826,26.857,26.8,26.784,26.779,26.722,26.769,26.722,26.712,26.904,26.992,27.003,27.158,27.174,26.774,26.81,26.847,26.971,27.003,26.935,27.034,27.039,26.842,26.581,26.888,26.868,26.868,26.732,26.748,26.691,26.394,26.654,26.446,26.503,26.503,26.488,26.498,26.472,26.467,26.409,26.456,26.514,26.519,26.524,26.498,26.462,26.488,26.477,26.467,26.477,26.571,26.592,26.576,26.607,26.607,26.555,26.55,26.566,26.576,26.613,26.535,26.545,26.576,26.503,26.514,26.55,26.508,26.566,26.597,26.665,26.581,26.623,26.618,26.587,26.581,26.581,26.555,26.623,26.555,26.498,26.691,26.649,26.607,26.55,26.581,26.597,26.748,26.587,26.639,26.592,26.607,26.628,26.618,26.623,26.623,26.639,26.639,26.732,26.654,26.738,26.717,26.701,26.722,26.717,26.706,26.701,26.738,26.758,26.758,26.758,26.748,26.748,26.764,26.774,26.784,26.795,26.8,26.816,26.821,26.826,26.836,26.857,26.873,26.899,26.92,26.945,26.961,26.971,26.977,26.982,26.956,26.805,26.42,26.488,26.409,26.456,26.654,26.935,27.101,27.111,27.075,27.07,27.049,27.065,27.039,27.049,27.049,27.044,27.039,27.023,27.003,26.982,26.971,26.961,26.961,26.971,26.977,26.977,26.982,26.977,26.971,26.971,26.961,26.956,26.945,26.94,26.935,26.925,26.925,26.914,26.925,26.92,26.914,26.909,26.904,26.904,26.904,26.909,26.888,26.878,26.868,26.857,26.842,26.847,26.842,26.831,26.826,26.821,26.821,26.821,26.821,26.821,26.821,26.821,26.821,26.81,26.816,26.821,26.821,26.826,26.831,26.836,26.842,26.842,26.847,26.852,26.857,26.852,26.857,26.847,26.836,26.826,26.816,26.8,26.795,26.79,26.784,26.779,26.769,26.769,26.779,26.784,26.795,26.805,26.805,26.805,26.8,26.795,26.795,26.795,26.795,26.8,26.8,26.81,26.816,26.805,26.8,26.805,26.8
,26.649,26.654,26.66,26.665,26.67,26.665,26.66,26.66,26.649,26.639,26.639,26.634,26.639,26.644,26.649,26.649,26.639,26.634,26.623,26.628,26.602,26.576,26.561,26.571,26.571,26.576,26.571,26.571,26.545,26.529,26.555,26.566,26.561,26.566,26.535,26.535,26.529,26.566,26.566,26.545,26.55,26.555,26.561,26.529,26.503,26.503,26.493,26.477,26.462,26.488,26.467,26.498,26.493,26.54,26.535,26.488,26.54,26.529,26.524,26.576,26.514,26.576,26.514,26.519,26.519,26.524,26.566,26.55,26.581,26.555,26.555,26.545,26.535,26.498,26.493,26.456,26.415,26.477,26.415,26.352,26.43,26.394,26.378,26.409,26.373,26.352,26.352,26.274,26.295,26.284,26.169,26.064,25.818,26.185,26.169,25.76,26.054,26.096,25.766,25.55,25.597,25.823,25.718,25.582,25.603,25.592,25.613,25.802,25.808,25.792,25.834,25.881,26.012,26.268,26.132,26.19,26.132,26.211,26.169,26.148,26.18,26.221,26.169,26.404,26.795,26.93,26.977,26.971,26.935,27.023,27.08,27.034,27.21,27.215,27.101,27.122,27.168,27.236,27.303,27.236,27.215,27.189,27.246,27.184,27.132,27.267,27.319,27.163,27.153,27.205,27.22,27.132,27.189,27.189,27.06,27.189,27.127,27.117,27.003,27.039,27.039,27.023,26.966,26.909,26.925,26.899,26.899,26.888,26.868,26.873,26.753,26.738,26.732,26.701,26.644,26.68,26.639,26.644,26.576,26.54,26.545,26.477,26.555,26.467,26.503,26.55,26.503,26.524,26.441,26.451,26.561,26.54,26.503,26.535,26.555,26.571,26.545,26.613,26.613,26.581,26.613,26.634,26.618,26.555,26.514,26.602,26.566,26.602,26.602,26.597,26.592,26.561,26.592,26.618,26.566,26.68,26.587,26.581,26.587,26.576,26.566,26.581,26.602,26.634,26.628,26.654,26.634,26.639,26.623,26.628,26.623,26.618,26.634,26.634,26.634,26.634,26.634,26.634,26.644,26.649,26.66,26.66,26.675,26.691,26.706,26.722,26.727,26.727,26.727,26.738,26.748,26.748,26.769,26.764,26.774,26.769,26.774,26.779,26.784,26.795,26.816,26.821,26.831,26.842,26.842,26.857,26.868,26.883,26.909,26.93,26.951,26.971,26.982,26.987,26.966,26.92,26.956,26.748,26.535,26.43,26.425,26.503,26.81,27.044,27.029,27.039,27.034,27.034,27.029,27.023,27.018,27.018,27.008,27.003,26.992,26.971,26.956,26.945,26.94,26.935,26.94,26.94,26.94,26.951,26.951,26.945,26.94,26.93,26.93,26.925,26.92,26.914,26.909,26.904,26.894,26.904,26.904,26.899,26.894,26.899,26.888,26.888,26.894,26.878,26.868,26.852,26.842,26.836,26.826,26.826,26.821,26.826,26.816,26.821,26.826,26.826,26.826,26.821,26.816,26.816,26.81,26.816,26.805,26.81,26.816,26.816,26.826,26.826,26.831,26.831,26.836,26.836,26.836,26.836,26.826,26.816,26.805,26.79,26.784,26.779,26.764,26.758,26.753,26.743,26.743,26.753,26.764,26.79,26.816,26.79,26.79,26.779,26.774,26.769,26.774,26.779,26.779,26.779,26.784,26.79,26.8,26.795,26.758,26.774
,26.686,26.696,26.706,26.701,26.696,26.686,26.68,26.67,26.66,26.654,26.644,26.639,26.644,26.66,26.649,26.67,26.649,26.644,26.649,26.597,26.602,26.571,26.587,26.592,26.592,26.597,26.581,26.566,26.472,26.524,26.529,26.561,26.581,26.555,26.55,26.529,26.529,26.535,26.55,26.55,26.571,26.529,26.602,26.555,26.555,26.561,26.498,26.514,26.498,26.498,26.514,26.535,26.54,26.535,26.55,26.54,26.508,26.472,26.514,26.435,26.378,26.342,26.409,26.268,26.263,26.164,26.153,26.138,26.153,26.106,26.08,25.949,25.933,25.928,26.007,25.823,25.907,25.671,25.645,25.739,25.724,25.313,25.382,25.413,25.366,25.408,25.466,25.255,25.382,25.297,25.26,25.303,25.366,25.329,25.303,25.324,25.234,25.355,25.482,25.571,25.576,25.513,25.566,25.597,25.618,25.655,25.655,25.834,25.892,25.913,25.949,26.012,26.289,26.232,26.258,26.352,26.462,26.498,26.498,26.31,26.326,26.237,26.122,26.404,26.576,26.894,27.194,27.148,27.257,27.277,27.35,27.443,27.319,27.36,27.179,27.293,27.298,27.179,27.215,27.215,27.22,27.225,27.225,27.189,27.22,27.168,27.148,27.086,27.127,27.158,27.117,27.065,26.992,26.92,27.054,27.06,27.101,27.132,26.992,26.987,26.966,26.951,26.862,26.795,26.852,26.847,26.784,26.764,26.774,26.753,26.79,26.774,26.67,26.686,26.649,26.644,26.654,26.618,26.607,26.618,26.581,26.55,26.555,26.55,26.576,26.555,26.566,26.566,26.561,26.581,26.545,26.566,26.555,26.519,26.607,26.571,26.566,26.597,26.618,26.623,26.613,26.623,26.613,26.607,26.644,26.623,26.613,26.607,26.613,26.613,26.618,26.623,26.613,26.613,26.618,26.607,26.623,26.613,26.607,26.602,26.602,26.613,26.613,26.613,26.649,26.623,26.639,26.639,26.639,26.634,26.644,26.644,26.649,26.644,26.649,26.644,26.644,26.649,26.654,26.66,26.675,26.686,26.675,26.712,26.717,26.727,26.732,26.743,26.748,26.758,26.764,26.769,26.779,26.784,26.79,26.8,26.805,26.805,26.816,26.821,26.836,26.847,26.857,26.862,26.873,26.883,26.899,26.909,26.93,26.961,26.982,27.003,27.003,27.008,26.987,26.945,26.904,26.628,26.54,26.519,26.472,26.535,26.732,27.044,27.003,27.018,27.029,27.034,27.023,27.013,27.008,26.997,26.992,26.982,26.966,26.961,26.945,26.935,26.925,26.92,26.925,26.925,26.925,26.925,26.925,26.925,26.92,26.909,26.909,26.904,26.904,26.899,26.894,26.888,26.883,26.883,26.888,26.883,26.888,26.883,26.878,26.878,26.868,26.862,26.857,26.842,26.831,26.826,26.821,26.816,26.816,26.821,26.821,26.831,26.831,26.831,26.826,26.821,26.816,26.81,26.805,26.8,26.79,26.795,26.795,26.8,26.8,26.8,26.805,26.81,26.81,26.805,26.805,26.805,26.8,26.784,26.774,26.764,26.753,26.748,26.732,26.722,26.706,26.686,26.696,26.701,26.691,26.8,26.758,26.795,26.758,26.732,26.717,26.717,26.717,26.712,26.717,26.727,26.738,26.779,26.79,26.764,26.738,26.774
,26.748,26.738,26.743,26.732,26.722,26.722,26.696,26.68,26.665,26.649,26.639,26.644,26.644,26.639,26.66,26.66,26.649,26.639,26.675,26.644,26.639,26.602,26.618,26.613,26.628,26.613,26.576,26.602,26.581,26.555,26.519,26.597,26.576,26.602,26.571,26.576,26.55,26.493,26.561,26.54,26.529,26.425,26.613,26.446,26.362,26.248,26.253,26.253,25.923,26.164,26.007,26.033,25.918,25.813,25.829,25.755,25.797,25.739,25.834,25.634,25.54,25.382,25.497,25.424,25.35,25.266,25.44,25.134,25.382,25.171,25.186,25.091,25.07,25.044,25.192,24.996,25.054,24.98,25.076,25.16,25.234,25.181,25.118,25.25,25.324,25.26,25.255,25.297,25.397,25.424,25.271,25.334,25.35,25.566,25.781,25.724,25.787,25.797,25.939,26.043,26.002,26.112,26.138,26.2,26.258,26.263,26.242,26.19,26.268,26.284,26.368,26.425,26.618,26.732,26.706,26.722,26.795,26.753,26.92,26.805,26.623,26.477,26.289,26.289,26.493,26.743,27.174,27.313,27.293,27.298,27.251,27.251,27.163,27.137,27.117,27.163,27.111,27.174,27.184,27.148,27.06,27.086,27.148,27.096,27.106,27.174,27.065,27.044,27.013,26.997,27.018,27.034,26.977,26.977,26.956,26.945,27.029,26.982,26.909,26.904,26.935,26.925,26.795,26.753,26.81,26.769,26.769,26.748,26.758,26.748,26.727,26.712,26.691,26.67,26.649,26.639,26.628,26.634,26.628,26.613,26.602,26.597,26.581,26.592,26.581,26.581,26.576,26.587,26.581,26.587,26.587,26.581,26.602,26.607,26.597,26.597,26.613,26.613,26.623,26.634,26.644,26.644,26.634,26.634,26.628,26.623,26.623,26.623,26.634,26.634,26.639,26.639,26.639,26.634,26.634,26.634,26.628,26.623,26.623,26.618,26.618,26.623,26.628,26.639,26.644,26.649,26.649,26.644,26.649,26.649,26.654,26.654,26.66,26.66,26.66,26.66,26.66,26.665,26.665,26.68,26.686,26.706,26.722,26.717,26.732,26.743,26.758,26.758,26.774,26.784,26.795,26.795,26.805,26.81,26.821,26.821,26.826,26.831,26.842,26.852,26.862,26.873,26.883,26.894,26.899,26.904,26.935,26.935,26.961,26.992,27.003,27.018,27.039,27.044,27.018,26.971,26.904,26.784,26.561,26.535,26.535,26.529,26.717,27.008,26.997,27.034,27.039,27.039,27.034,27.018,27.008,27.003,26.987,26.982,26.971,26.956,26.945,26.935,26.925,26.914,26.909,26.904,26.904,26.909,26.909,26.904,26.904,26.899,26.894,26.888,26.888,26.883,26.873,26.873,26.878,26.873,26.873,26.873,26.873,26.873,26.873,26.868,26.857,26.852,26.842,26.831,26.826,26.821,26.816,26.805,26.81,26.81,26.816,26.831,26.831,26.821,26.821,26.81,26.805,26.795,26.784,26.774,26.764,26.764,26.769,26.769,26.774,26.774,26.774,26.769,26.764,26.764,26.758,26.748,26.748,26.738,26.743,26.727,26.706,26.696,26.665,26.67,26.639,26.623,26.623,26.644,26.639,26.738,26.748,26.769,26.696,26.67,26.618,26.623,26.597,26.607,26.618,26.654,26.67,26.774,26.592,26.68,26.686,26.654
,26.774,26.784,26.795,26.774,26.758,26.738,26.706,26.691,26.67,26.654,26.644,26.634,26.644,26.67,26.639,26.732,26.665,26.634,26.706,26.654,26.696,26.602,26.42,26.493,26.54,26.514,26.592,26.368,26.216,26.258,26.174,26.023,26.007,26.132,25.97,26.054,25.781,25.771,25.876,25.724,25.661,25.582,25.703,25.582,25.492,25.355,25.303,25.382,25.113,25.345,25.202,25.171,25.15,25.113,25.054,25.054,25.113,25.076,25.033,25.049,25.054,24.938,24.97,25.128,25.102,25.097,25.107,25.186,25.186,25.165,25.176,25.134,25.086,25.065,25.086,25.287,25.186,25.318,25.482,25.445,25.524,25.75,25.708,25.865,25.871,25.923,25.928,26.017,26.091,26.085,26.038,26.221,26.227,26.253,26.383,26.409,26.389,26.331,26.399,26.415,26.373,26.498,26.576,26.654,26.607,26.675,26.545,26.581,26.514,26.67,26.67,26.758,26.753,26.769,26.81,26.821,26.826,26.748,26.92,26.816,26.842,26.66,26.326,26.232,26.482,26.607,26.925,27.329,27.194,27.184,27.153,27.272,27.07,27.086,27.054,27.06,26.992,26.961,26.945,27.075,27.039,27.008,26.956,26.956,26.992,26.966,26.982,26.945,26.935,26.92,26.93,26.94,26.93,26.925,26.914,26.914,26.904,26.878,26.873,26.873,26.857,26.816,26.81,26.769,26.753,26.738,26.732,26.722,26.727,26.722,26.717,26.701,26.686,26.67,26.649,26.639,26.618,26.613,26.623,26.618,26.618,26.613,26.602,26.597,26.602,26.602,26.602,26.602,26.602,26.602,26.607,26.613,26.613,26.613,26.613,26.618,26.623,26.634,26.639,26.654,26.66,26.654,26.654,26.649,26.644,26.644,26.644,26.644,26.649,26.654,26.654,26.654,26.66,26.649,26.649,26.644,26.644,26.644,26.639,26.639,26.639,26.644,26.644,26.649,26.66,26.654,26.654,26.66,26.66,26.66,26.67,26.665,26.67,26.67,26.675,26.675,26.68,26.686,26.691,26.701,26.732,26.743,26.753,26.758,26.764,26.774,26.784,26.795,26.805,26.816,26.821,26.842,26.847,26.862,26.842,26.847,26.852,26.878,26.888,26.899,26.935,26.909,26.904,26.899,26.925,26.93,26.987,26.966,26.966,27.054,27.034,27.065,27.075,27.122,27.101,27.054,26.956,26.795,26.675,26.571,26.592,26.592,26.784,27.08,27.049,27.065,27.07,27.07,27.054,27.034,27.018,27.008,26.997,26.987,26.977,26.961,26.951,26.94,26.925,26.909,26.904,26.894,26.888,26.888,26.894,26.888,26.888,26.883,26.878,26.873,26.868,26.862,26.857,26.857,26.852,26.852,26.857,26.857,26.857,26.862,26.857,26.857,26.842,26.831,26.821,26.81,26.805,26.8,26.795,26.784,26.784,26.79,26.821,26.836,26.847,26.836,26.795,26.79,26.774,26.764,26.753,26.738,26.732,26.712,26.706,26.712,26.701,26.732,26.743,26.712,26.748,26.691,26.706,26.732,26.644,26.68,26.634,26.649,26.686,26.607,26.602,26.576,26.566,26.482,26.488,26.409,26.462,26.576,26.456,26.482,26.404,26.493,26.488,26.477,26.446,26.477,26.488,26.441,26.493,26.571,26.268,26.373,26.315,26.394
,26.904,26.816,26.821,26.826,26.805,26.758,26.743,26.722,26.654,26.712,26.602,26.571,26.639,26.472,26.221,26.289,26.117,26.054,26.211,26.148,25.933,26.033,25.75,25.813,25.897,25.85,25.823,25.624,25.618,25.487,25.466,25.382,25.392,25.366,25.303,25.324,25.186,25.25,25.25,25.107,25.102,25.033,24.98,25.091,25.097,25.054,25.15,24.991,25.128,25.023,25.081,25.076,24.996,25.023,24.996,25.15,25.118,25.144,25.176,25.26,25.424,25.413,25.524,25.419,25.624,25.655,25.734,25.907,26.002,26.012,26.075,26.064,26.033,25.996,26.112,26.112,26.211,26.153,26.19,26.315,26.352,26.289,26.404,26.195,26.263,26.3,26.321,26.368,26.295,26.467,26.514,26.535,26.519,26.545,26.446,26.446,26.404,26.482,26.488,26.383,26.529,26.561,26.581,26.55,26.571,26.66,26.618,26.654,26.639,26.66,26.743,26.79,26.784,26.8,26.821,26.821,26.79,26.873,26.878,26.883,26.779,26.686,26.435,26.315,26.3,26.571,26.597,26.945,27.029,27.122,27.086,26.94,26.992,26.956,26.987,26.977,26.956,26.93,26.883,26.92,26.93,26.92,26.94,26.94,26.888,26.868,26.883,26.857,26.862,26.847,26.868,26.862,26.873,26.873,26.862,26.868,26.868,26.842,26.836,26.816,26.795,26.774,26.758,26.738,26.717,26.712,26.701,26.701,26.691,26.701,26.691,26.686,26.675,26.66,26.639,26.623,26.607,26.607,26.613,26.618,26.618,26.618,26.613,26.613,26.613,26.613,26.618,26.618,26.613,26.618,26.623,26.623,26.623,26.623,26.623,26.634,26.639,26.649,26.66,26.665,26.67,26.67,26.665,26.66,26.66,26.654,26.654,26.66,26.665,26.675,26.675,26.675,26.68,26.67,26.67,26.665,26.66,26.66,26.66,26.66,26.66,26.66,26.665,26.67,26.675,26.675,26.675,26.68,26.675,26.68,26.68,26.691,26.691,26.701,26.701,26.701,26.712,26.712,26.722,26.743,26.769,26.779,26.79,26.8,26.81,26.821,26.821,26.826,26.852,26.842,26.904,26.836,26.883,26.857,26.951,26.971,26.873,26.904,26.883,26.914,26.909,26.977,27.029,27.044,27.034,26.997,26.977,27.086,27.122,27.096,27.2,27.184,27.065,27.137,27.168,27.111,27.075,27.013,26.727,26.649,26.597,26.613,26.8,27.117,27.148,27.122,27.117,27.117,27.086,27.065,27.044,27.023,27.013,26.997,26.987,26.977,26.961,26.945,26.925,26.909,26.899,26.883,26.878,26.873,26.878,26.873,26.868,26.862,26.852,26.852,26.842,26.831,26.826,26.831,26.821,26.821,26.826,26.826,26.826,26.836,26.836,26.821,26.821,26.805,26.8,26.79,26.774,26.769,26.758,26.753,26.748,26.779,26.8,26.8,26.826,26.8,26.784,26.748,26.753,26.712,26.696,26.67,26.639,26.639,26.675,26.628,26.654,26.529,26.482,26.467,26.545,26.618,26.634,26.446,26.581,26.352,26.576,26.435,26.587,26.535,26.498,26.462,26.409,26.253,26.305,26.227,26.3,26.331,26.342,26.253,26.315,26.357,26.279,26.352,26.331,26.242,26.394,26.263,26.227,26.242,26.3,26.295,26.389,26.342
,26.914,26.836,26.8,26.836,26.847,26.555,26.607,26.587,26.399,26.295,26.482,26.498,26.336,26.059,25.981,25.876,25.886,25.808,25.871,25.865,25.687,25.634,25.529,25.54,25.424,25.434,25.397,25.382,25.424,25.345,25.324,25.281,25.287,25.329,25.239,25.202,25.234,25.255,25.35,25.471,25.492,25.476,25.445,25.239,25.329,25.345,25.561,25.587,25.703,26.106,25.965,25.991,26.164,26.148,26.101,26.164,26.122,26.075,26.3,26.206,26.043,26.043,26.2,26.435,26.274,26.237,26.31,26.326,26.336,26.42,26.362,26.326,26.404,26.415,26.456,26.477,26.435,26.488,26.456,26.43,26.451,26.477,26.524,26.529,26.498,26.42,26.566,26.508,26.435,26.462,26.535,26.571,26.54,26.545,26.508,26.54,26.566,26.482,26.54,26.587,26.529,26.634,26.618,26.686,26.644,26.644,26.675,26.675,26.665,26.727,26.764,26.769,26.795,26.805,26.81,26.795,26.878,26.873,26.878,26.899,26.847,26.914,26.654,26.43,26.274,26.274,26.555,26.732,26.92,27.054,27.039,26.935,26.925,26.914,26.93,26.909,26.899,26.873,26.862,26.842,26.857,26.862,26.868,26.852,26.831,26.81,26.81,26.795,26.79,26.769,26.779,26.774,26.795,26.81,26.816,26.816,26.81,26.795,26.784,26.769,26.758,26.748,26.722,26.701,26.686,26.68,26.675,26.665,26.665,26.67,26.67,26.67,26.665,26.649,26.628,26.618,26.602,26.602,26.607,26.607,26.618,26.618,26.623,26.623,26.623,26.623,26.623,26.628,26.628,26.628,26.628,26.628,26.634,26.634,26.639,26.644,26.654,26.66,26.67,26.68,26.68,26.68,26.675,26.675,26.67,26.675,26.675,26.675,26.68,26.686,26.696,26.691,26.696,26.691,26.686,26.68,26.68,26.675,26.675,26.675,26.675,26.675,26.686,26.691,26.696,26.696,26.696,26.696,26.696,26.701,26.712,26.717,26.722,26.732,26.738,26.738,26.748,26.764,26.784,26.795,26.81,26.831,26.831,26.857,26.868,26.873,26.878,26.878,26.862,26.904,26.878,27.044,26.883,27.065,27.008,26.956,26.821,26.847,26.873,26.847,26.992,27.029,27.122,27.07,27.044,27.029,27.143,27.288,27.241,27.344,27.272,27.365,27.288,27.184,27.127,27.267,27.22,27.194,26.904,26.691,26.748,26.623,26.868,27.21,27.215,27.21,27.168,27.153,27.117,27.091,27.07,27.044,27.029,27.013,26.997,26.987,26.971,26.951,26.925,26.904,26.888,26.868,26.862,26.847,26.852,26.842,26.836,26.836,26.826,26.821,26.8,26.795,26.784,26.784,26.784,26.779,26.784,26.784,26.784,26.79,26.79,26.774,26.769,26.764,26.743,26.738,26.722,26.722,26.701,26.686,26.67,26.67,26.571,26.535,26.592,26.732,26.607,26.634,26.602,26.623,26.581,26.571,26.561,26.535,26.435,26.493,26.446,26.488,26.362,26.477,26.482,26.389,26.383,26.242,26.508,26.415,26.347,26.342,26.462,26.435,26.331,26.409,26.378,26.248,26.206,26.248,26.326,26.263,26.295,26.3,26.3,26.237,26.253,26.289,26.352,26.221,26.289,26.268,26.253,26.3,26.279,26.268,26.362,26.352
,26.878,26.831,26.784,26.67,26.618,26.732,26.482,26.389,26.373,26.289,26.373,26.279,26.279,26.08,26.033,26.274,25.965,25.918,25.928,25.965,25.75,25.718,25.766,26.054,26.206,26.017,26.148,26.043,25.965,26.017,25.954,26.028,26.153,26.174,26.085,26.305,26.321,26.389,26.493,26.305,26.305,26.3,26.404,26.368,26.42,26.456,26.3,26.467,26.545,26.498,26.378,26.326,26.404,26.352,26.456,26.42,26.389,26.54,26.415,26.394,26.508,26.456,26.498,26.435,26.467,26.42,26.399,26.462,26.467,26.42,26.415,26.477,26.493,26.493,26.498,26.503,26.467,26.446,26.472,26.493,26.488,26.498,26.524,26.467,26.55,26.508,26.561,26.524,26.545,26.581,26.55,26.529,26.529,26.519,26.54,26.503,26.597,26.592,26.592,26.592,26.587,26.597,26.581,26.602,26.628,26.66,26.68,26.686,26.722,26.717,26.727,26.743,26.758,26.779,26.779,26.79,26.795,26.816,26.836,26.816,26.925,26.935,26.748,26.519,26.326,26.425,26.383,26.55,26.743,26.956,26.93,26.93,26.914,26.909,26.894,26.878,26.857,26.842,26.831,26.816,26.81,26.805,26.8,26.79,26.784,26.769,26.758,26.738,26.727,26.722,26.727,26.722,26.738,26.753,26.758,26.769,26.769,26.758,26.748,26.732,26.722,26.706,26.686,26.67,26.654,26.644,26.644,26.639,26.644,26.644,26.649,26.649,26.644,26.639,26.623,26.607,26.597,26.602,26.602,26.602,26.607,26.618,26.618,26.623,26.623,26.623,26.628,26.628,26.623,26.623,26.628,26.623,26.623,26.634,26.639,26.644,26.654,26.665,26.675,26.68,26.686,26.68,26.68,26.68,26.68,26.675,26.68,26.68,26.68,26.686,26.691,26.696,26.701,26.701,26.701,26.691,26.686,26.68,26.68,26.686,26.686,26.691,26.701,26.712,26.717,26.717,26.717,26.722,26.727,26.738,26.743,26.758,26.769,26.784,26.79,26.805,26.816,26.831,26.873,26.878,26.888,26.899,26.904,26.93,26.888,26.894,26.894,27.003,26.93,27.018,27.22,27.096,27.07,26.971,27.008,27.396,27.427,27.417,27.375,27.422,27.463,27.174,27.282,27.158,27.448,27.329,27.391,27.391,27.469,27.598,27.644,27.799,27.556,27.572,27.773,27.546,27.592,27.505,27.049,26.847,26.743,26.821,26.847,27.257,27.262,27.282,27.215,27.168,27.137,27.101,27.075,27.054,27.029,27.013,26.997,26.982,26.961,26.945,26.914,26.894,26.873,26.857,26.836,26.831,26.826,26.81,26.81,26.81,26.79,26.774,26.764,26.743,26.738,26.732,26.732,26.738,26.743,26.722,26.717,26.712,26.748,26.732,26.753,26.686,26.654,26.654,26.665,26.66,26.644,26.628,26.613,26.597,26.587,26.597,26.535,26.571,26.571,26.576,26.571,26.566,26.535,26.529,26.503,26.498,26.498,26.446,26.394,26.399,26.482,26.378,26.42,26.394,26.378,26.274,26.268,26.347,26.305,26.43,26.362,26.305,26.31,26.352,26.263,26.284,26.284,26.232,26.253,26.289,26.263,26.315,26.342,26.357,26.336,26.352,26.3,26.295,26.305,26.305,26.274,26.268,26.295,26.347,26.55,26.295
,27.277,26.94,26.997,27.07,26.951,26.904,26.956,27.101,27.029,27.013,26.81,27.179,26.987,26.92,26.956,26.945,26.769,26.738,26.826,26.555,26.446,26.654,26.686,26.399,26.514,26.769,26.43,26.362,26.357,26.493,26.488,26.394,26.472,26.482,26.399,26.482,26.368,26.389,26.389,26.514,26.555,26.488,26.488,26.503,26.529,26.462,26.519,26.545,26.503,26.503,26.467,26.462,26.503,26.508,26.451,26.482,26.467,26.446,26.524,26.514,26.503,26.524,26.493,26.503,26.451,26.462,26.508,26.488,26.472,26.472,26.451,26.467,26.54,26.54,26.535,26.498,26.456,26.42,26.477,26.493,26.498,26.503,26.535,26.524,26.581,26.555,26.54,26.54,26.555,26.55,26.555,26.576,26.561,26.561,26.555,26.555,26.55,26.571,26.581,26.581,26.597,26.602,26.623,26.628,26.639,26.654,26.68,26.696,26.706,26.722,26.732,26.743,26.753,26.758,26.774,26.784,26.795,26.816,26.836,26.873,26.862,26.935,26.92,26.649,26.472,26.321,26.399,26.42,26.654,26.805,26.873,26.878,26.899,26.883,26.873,26.852,26.836,26.826,26.805,26.795,26.784,26.774,26.774,26.764,26.758,26.743,26.722,26.712,26.701,26.691,26.691,26.701,26.706,26.717,26.727,26.732,26.727,26.727,26.722,26.712,26.696,26.68,26.66,26.644,26.628,26.623,26.618,26.618,26.623,26.628,26.628,26.628,26.623,26.618,26.613,26.602,26.597,26.592,26.597,26.597,26.602,26.613,26.613,26.618,26.618,26.618,26.618,26.613,26.613,26.613,26.607,26.613,26.613,26.623,26.628,26.639,26.649,26.654,26.67,26.67,26.675,26.675,26.67,26.67,26.67,26.67,26.67,26.67,26.675,26.68,26.686,26.696,26.701,26.696,26.696,26.691,26.686,26.68,26.68,26.686,26.686,26.696,26.706,26.717,26.727,26.732,26.738,26.743,26.753,26.769,26.79,26.816,26.831,26.852,26.857,26.888,26.904,26.914,26.904,26.888,26.914,26.951,27.029,26.977,27.091,27.08,27.158,27.049,27.163,27.189,27.551,27.35,27.277,27.417,27.567,27.561,27.448,27.582,27.561,27.53,27.732,27.623,27.592,27.773,27.958,28.128,28.03,28.02,27.932,27.881,27.979,27.999,28.092,28.102,27.922,27.876,27.778,27.721,27.432,27.08,26.816,27.168,27.054,27.288,27.329,27.267,27.225,27.184,27.143,27.106,27.086,27.06,27.034,27.008,26.992,26.977,26.956,26.93,26.904,26.873,26.857,26.831,26.816,26.805,26.81,26.805,26.774,26.774,26.743,26.732,26.717,26.706,26.686,26.691,26.686,26.634,26.634,26.613,26.634,26.634,26.644,26.67,26.675,26.581,26.587,26.602,26.602,26.618,26.623,26.607,26.587,26.566,26.54,26.519,26.529,26.555,26.555,26.566,26.535,26.519,26.524,26.508,26.498,26.498,26.477,26.43,26.399,26.435,26.451,26.451,26.409,26.342,26.368,26.279,26.326,26.415,26.362,26.383,26.315,26.362,26.357,26.342,26.336,26.336,26.274,26.373,26.336,26.3,26.289,26.315,26.342,26.394,26.477,26.389,26.43,26.435,26.503,26.456,26.529,26.477,26.602,26.477,26.555,26.54
,27.391,27.69,27.432,27.36,27.438,27.319,27.282,27.148,27.168,27.231,27.143,27.054,26.94,27.003,26.94,26.971,26.992,26.992,26.852,26.847,26.842,26.717,26.561,26.597,26.722,26.665,26.712,26.665,26.623,26.602,26.555,26.561,26.561,26.508,26.451,26.42,26.435,26.482,26.587,26.602,26.545,26.535,26.462,26.462,26.462,26.503,26.508,26.524,26.529,26.488,26.482,26.451,26.456,26.503,26.43,26.508,26.508,26.524,26.545,26.529,26.545,26.535,26.535,26.524,26.514,26.514,26.503,26.488,26.467,26.529,26.482,26.519,26.55,26.535,26.524,26.498,26.498,26.498,26.493,26.498,26.519,26.529,26.54,26.545,26.54,26.54,26.555,26.561,26.555,26.566,26.566,26.566,26.566,26.566,26.566,26.566,26.576,26.587,26.592,26.602,26.613,26.623,26.628,26.644,26.654,26.67,26.686,26.701,26.712,26.722,26.732,26.738,26.743,26.753,26.764,26.779,26.8,26.821,26.847,26.873,26.894,26.92,26.914,26.847,26.55,26.389,26.415,26.503,26.581,26.8,26.847,26.878,26.883,26.888,26.873,26.857,26.836,26.816,26.8,26.784,26.779,26.774,26.764,26.753,26.738,26.722,26.712,26.701,26.691,26.68,26.68,26.68,26.691,26.696,26.701,26.706,26.712,26.706,26.701,26.691,26.675,26.66,26.639,26.623,26.613,26.602,26.597,26.602,26.602,26.607,26.613,26.613,26.613,26.613,26.607,26.602,26.597,26.592,26.592,26.592,26.597,26.602,26.613,26.613,26.613,26.602,26.602,26.607,26.613,26.602,26.597,26.597,26.597,26.602,26.607,26.613,26.623,26.628,26.644,26.654,26.66,26.654,26.654,26.66,26.66,26.649,26.644,26.649,26.654,26.66,26.67,26.67,26.675,26.68,26.675,26.675,26.67,26.665,26.665,26.67,26.68,26.691,26.706,26.717,26.732,26.743,26.748,26.758,26.774,26.8,26.831,26.857,26.873,26.894,26.92,26.945,26.966,26.951,27.054,27.054,27.039,27.21,27.293,27.427,27.438,27.5,27.5,27.427,27.5,27.804,27.737,27.742,27.783,27.778,27.696,27.912,27.732,27.845,28.004,27.994,27.85,27.979,27.994,27.953,27.984,27.968,27.948,28.133,28.01,28.01,27.999,28.117,28.046,27.994,27.793,27.814,27.793,27.67,27.51,27.298,27.272,27.179,27.293,27.231,27.303,27.246,27.21,27.189,27.153,27.122,27.091,27.049,27.034,27.008,26.987,26.971,26.951,26.92,26.888,26.862,26.842,26.821,26.805,26.795,26.701,26.738,26.769,26.717,26.732,26.628,26.628,26.628,26.592,26.67,26.587,26.649,26.618,26.535,26.55,26.54,26.587,26.597,26.535,26.55,26.555,26.576,26.592,26.592,26.607,26.592,26.581,26.566,26.519,26.503,26.493,26.55,26.566,26.566,26.535,26.503,26.493,26.561,26.55,26.524,26.555,26.415,26.415,26.451,26.482,26.514,26.587,26.441,26.456,26.347,26.482,26.498,26.535,26.456,26.55,26.42,26.441,26.389,26.435,26.373,26.441,26.409,26.415,26.571,26.477,26.42,26.597,26.561,26.581,26.581,26.545,26.639,26.404,26.409,26.576,26.618,26.66,26.623,26.644,26.67
,27.288,27.339,27.257,27.329,27.35,27.282,27.117,27.194,27.137,27.117,27.044,26.945,26.945,26.961,26.935,26.935,26.94,26.852,26.816,26.826,26.758,26.691,26.722,26.691,26.66,26.675,26.623,26.613,26.618,26.618,26.618,26.576,26.545,26.535,26.514,26.472,26.435,26.409,26.54,26.607,26.535,26.535,26.545,26.535,26.503,26.503,26.498,26.571,26.535,26.493,26.514,26.529,26.498,26.503,26.519,26.524,26.54,26.545,26.561,26.55,26.561,26.555,26.55,26.545,26.54,26.54,26.54,26.524,26.535,26.529,26.545,26.545,26.54,26.545,26.529,26.519,26.508,26.508,26.508,26.524,26.535,26.54,26.555,26.55,26.561,26.561,26.566,26.566,26.571,26.576,26.581,26.571,26.576,26.576,26.581,26.581,26.592,26.597,26.607,26.607,26.628,26.639,26.649,26.66,26.68,26.68,26.706,26.717,26.727,26.738,26.743,26.758,26.764,26.748,26.764,26.8,26.821,26.847,26.873,26.888,26.883,26.894,26.909,26.888,26.784,26.555,26.373,26.467,26.488,26.753,26.842,26.868,26.888,26.894,26.883,26.862,26.842,26.826,26.81,26.795,26.784,26.779,26.769,26.758,26.738,26.722,26.712,26.696,26.686,26.68,26.68,26.68,26.68,26.686,26.691,26.691,26.691,26.686,26.686,26.67,26.654,26.639,26.623,26.613,26.597,26.587,26.587,26.576,26.581,26.587,26.587,26.597,26.576,26.592,26.607,26.587,26.581,26.581,26.576,26.576,26.587,26.592,26.602,26.602,26.597,26.602,26.592,26.571,26.535,26.576,26.566,26.571,26.576,26.561,26.576,26.587,26.597,26.602,26.613,26.618,26.623,26.628,26.649,26.618,26.618,26.613,26.634,26.618,26.639,26.634,26.628,26.634,26.644,26.649,26.649,26.644,26.639,26.634,26.628,26.639,26.66,26.675,26.696,26.706,26.722,26.738,26.753,26.764,26.795,26.821,26.862,26.883,26.899,26.93,26.951,26.971,26.982,27.153,27.381,27.319,27.365,27.427,27.401,27.422,27.463,27.51,27.68,27.742,27.639,27.809,27.788,27.69,27.737,27.83,27.845,27.814,27.917,27.902,27.917,27.974,27.912,27.948,27.963,27.958,27.994,27.989,27.984,27.963,27.938,27.871,27.907,28.035,28.02,27.963,27.763,27.68,27.675,27.67,27.53,27.386,27.339,27.298,27.205,27.293,27.308,27.267,27.225,27.194,27.153,27.127,27.091,27.06,27.044,26.992,26.987,26.977,26.956,26.93,26.842,26.842,26.842,26.831,26.816,26.795,26.774,26.717,26.66,26.654,26.665,26.634,26.649,26.644,26.649,26.561,26.571,26.628,26.634,26.566,26.529,26.602,26.649,26.581,26.576,26.576,26.561,26.613,26.581,26.607,26.613,26.602,26.592,26.55,26.503,26.493,26.477,26.529,26.561,26.576,26.597,26.602,26.571,26.597,26.607,26.613,26.592,26.597,26.55,26.623,26.665,26.649,26.644,26.555,26.696,26.613,26.587,26.607,26.68,26.738,26.816,26.706,26.712,26.67,26.732,26.446,26.498,26.618,26.623,26.649,26.701,26.706,26.67,26.706,26.717,26.706,26.722,26.894,26.779,26.883,26.717,26.732,26.738,26.764,26.831,26.79
,27.148,27.241,27.091,27.08,27.137,27.101,27.08,27.049,26.982,26.997,27.008,27.003,26.93,26.93,26.94,26.914,26.904,26.873,26.826,26.795,26.769,26.738,26.717,26.706,26.696,26.67,26.628,26.654,26.634,26.618,26.613,26.597,26.581,26.566,26.555,26.545,26.555,26.566,26.566,26.576,26.587,26.581,26.566,26.561,26.566,26.566,26.571,26.561,26.555,26.545,26.54,26.529,26.54,26.535,26.545,26.545,26.555,26.571,26.587,26.597,26.592,26.587,26.576,26.566,26.566,26.561,26.555,26.561,26.555,26.561,26.566,26.571,26.566,26.555,26.545,26.535,26.529,26.529,26.535,26.55,26.561,26.566,26.571,26.571,26.571,26.576,26.581,26.587,26.592,26.597,26.592,26.649,26.618,26.607,26.607,26.613,26.618,26.628,26.634,26.649,26.654,26.68,26.686,26.701,26.712,26.722,26.727,26.727,26.758,26.758,26.769,26.732,26.743,26.79,26.816,26.779,26.821,26.909,26.894,26.956,26.935,26.94,26.951,27.075,27.127,26.727,26.508,26.503,26.462,26.691,26.8,26.894,26.909,26.92,26.914,26.894,26.868,26.852,26.831,26.821,26.821,26.81,26.79,26.779,26.758,26.738,26.727,26.706,26.696,26.686,26.686,26.68,26.68,26.675,26.67,26.67,26.67,26.665,26.654,26.649,26.634,26.613,26.607,26.592,26.576,26.571,26.566,26.555,26.555,26.561,26.561,26.576,26.581,26.587,26.607,26.607,26.576,26.55,26.545,26.576,26.561,26.592,26.597,26.597,26.597,26.602,26.576,26.602,26.581,26.607,26.607,26.54,26.529,26.524,26.524,26.54,26.535,26.529,26.561,26.555,26.566,26.555,26.581,26.623,26.571,26.55,26.488,26.514,26.477,26.607,26.613,26.587,26.587,26.592,26.602,26.607,26.607,26.597,26.597,26.602,26.618,26.649,26.686,26.701,26.717,26.758,26.753,26.784,26.8,26.831,26.857,26.894,26.914,26.94,26.966,26.987,27.003,27.267,27.313,27.262,27.334,27.401,27.407,27.422,27.489,27.489,27.567,27.546,27.567,27.654,27.675,27.737,27.757,27.639,27.799,27.866,27.902,27.814,27.83,27.845,27.85,27.907,27.938,27.938,27.891,27.907,27.963,28.04,27.999,27.886,27.953,27.943,27.902,27.835,27.747,27.603,27.644,27.536,27.525,27.479,27.386,27.344,27.308,27.272,27.257,27.277,27.225,27.215,27.189,27.158,27.132,27.117,27.039,27.054,27.023,27.003,26.966,26.961,26.894,26.857,26.831,26.873,26.836,26.795,26.753,26.769,26.795,26.696,26.66,26.644,26.696,26.675,26.649,26.701,26.644,26.691,26.696,26.602,26.722,26.576,26.836,26.738,26.644,26.779,26.753,26.587,26.623,26.639,26.68,26.67,26.634,26.571,26.493,26.592,26.462,26.545,26.66,26.654,26.68,26.675,26.665,26.686,26.691,26.701,26.686,26.738,26.764,26.732,26.774,26.758,26.79,26.81,26.873,26.831,26.784,26.8,26.857,26.727,26.784,26.992,26.691,26.831,26.779,26.712,26.738,26.769,26.743,26.764,26.779,26.779,26.81,26.821,26.831,26.852,26.873,26.883,26.868,26.945,26.899,26.904,26.857,26.899,26.951,26.977
,27.049,27.065,27.003,26.956,27.023,27.034,26.945,26.925,26.935,26.925,26.94,26.945,26.93,26.925,26.914,26.904,26.888,26.852,26.826,26.805,26.779,26.758,26.738,26.727,26.712,26.696,26.68,26.665,26.649,26.639,26.634,26.618,26.607,26.592,26.581,26.576,26.576,26.587,26.587,26.597,26.602,26.602,26.597,26.587,26.592,26.592,26.587,26.592,26.576,26.576,26.566,26.561,26.566,26.566,26.576,26.576,26.581,26.607,26.607,26.623,26.618,26.613,26.607,26.592,26.592,26.587,26.587,26.587,26.581,26.587,26.587,26.587,26.581,26.576,26.566,26.555,26.561,26.561,26.566,26.576,26.592,26.597,26.592,26.597,26.602,26.607,26.613,26.623,26.634,26.639,26.644,26.654,26.618,26.607,26.634,26.665,26.68,26.675,26.686,26.701,26.717,26.732,26.743,26.748,26.748,26.748,26.784,26.831,26.826,26.831,26.826,26.779,26.842,26.816,26.831,26.894,26.956,26.966,27.003,27.003,26.966,27.07,27.023,27.117,27.096,27.117,26.774,26.597,26.571,26.581,26.836,26.961,26.971,26.992,26.992,26.982,26.956,26.92,26.904,26.888,26.868,26.857,26.842,26.821,26.79,26.764,26.743,26.722,26.712,26.691,26.686,26.675,26.665,26.66,26.654,26.649,26.644,26.639,26.628,26.618,26.602,26.592,26.576,26.566,26.592,26.561,26.529,26.519,26.524,26.529,26.529,26.561,26.561,26.561,26.607,26.555,26.561,26.561,26.529,26.503,26.561,26.581,26.581,26.576,26.529,26.488,26.602,26.347,26.415,26.467,26.326,26.456,26.435,26.373,26.394,26.394,26.441,26.456,26.43,26.488,26.482,26.477,26.472,26.295,26.462,26.508,26.514,26.482,26.357,26.399,26.352,26.503,26.561,26.55,26.555,26.561,26.555,26.566,26.566,26.581,26.607,26.634,26.654,26.727,26.66,26.67,26.748,26.784,26.8,26.831,26.868,26.894,26.925,26.945,26.971,27.003,27.013,27.096,27.148,27.288,27.272,27.334,27.438,27.412,27.432,27.448,27.474,27.453,27.551,27.623,27.659,27.685,27.696,27.649,27.711,27.752,27.855,27.763,27.809,27.804,27.788,27.83,27.83,27.824,27.809,27.824,27.85,27.824,27.799,27.917,27.757,27.732,27.757,27.752,27.711,27.68,27.639,27.598,27.536,27.494,27.432,27.386,27.339,27.308,27.308,27.282,27.277,27.267,27.241,27.2,27.184,27.158,27.148,27.106,27.091,27.07,27.034,27.023,26.987,26.883,26.894,26.888,26.987,26.956,26.992,26.899,26.862,26.81,26.8,26.774,26.836,26.909,26.925,26.873,26.894,26.971,26.696,26.81,26.634,26.842,26.836,26.878,26.873,26.842,26.899,27.013,26.821,26.816,26.769,26.764,26.764,26.644,26.561,26.623,26.66,26.94,26.826,26.758,26.774,26.79,26.79,26.784,26.8,26.81,26.821,26.831,26.888,26.862,26.878,26.904,26.951,26.93,26.94,26.945,26.966,26.961,26.909,26.977,26.971,27.023,26.836,26.904,26.878,26.857,26.878,26.862,26.873,26.909,26.904,26.925,26.909,26.92,26.956,26.935,26.961,26.93,26.862,26.982,26.945,26.982,27.003,26.987,27.044,27.018
,27.013,26.997,26.977,26.956,26.951,26.935,26.93,26.93,26.909,26.904,26.904,26.904,26.899,26.904,26.888,26.878,26.862,26.847,26.821,26.795,26.774,26.758,26.753,26.743,26.727,26.712,26.691,26.67,26.66,26.649,26.644,26.634,26.623,26.613,26.602,26.602,26.602,26.602,26.607,26.618,26.618,26.623,26.623,26.618,26.618,26.613,26.613,26.607,26.602,26.597,26.592,26.597,26.592,26.597,26.607,26.607,26.628,26.618,26.634,26.654,26.644,26.628,26.618,26.618,26.613,26.613,26.613,26.613,26.623,26.618,26.613,26.613,26.613,26.597,26.592,26.592,26.587,26.592,26.597,26.613,26.618,26.628,26.634,26.634,26.634,26.649,26.66,26.675,26.686,26.696,26.732,26.66,26.706,26.691,26.732,26.732,26.743,26.743,26.774,26.79,26.821,26.81,26.8,26.831,26.821,26.831,26.842,26.868,26.888,26.971,26.894,27.044,27.106,27.018,27.096,27.111,27.111,27.091,27.174,27.143,27.194,27.313,27.236,27.262,27.329,27.339,27.272,26.691,26.68,26.816,26.79,27.111,27.039,27.075,27.07,27.054,27.044,27.008,26.997,26.971,26.94,26.899,26.878,26.857,26.821,26.79,26.764,26.738,26.712,26.691,26.675,26.66,26.649,26.634,26.618,26.607,26.607,26.581,26.576,26.561,26.545,26.503,26.545,26.488,26.462,26.456,26.373,26.425,26.467,26.462,26.409,26.357,26.279,26.441,26.383,26.148,26.342,26.268,26.185,26.368,26.3,26.258,26.221,26.221,26.248,26.321,26.18,26.221,26.342,26.221,26.263,26.216,26.336,26.284,26.409,26.315,26.326,26.289,26.326,26.368,26.378,26.409,26.389,26.373,26.415,26.409,26.336,26.435,26.336,26.389,26.425,26.326,26.357,26.503,26.529,26.545,26.555,26.555,26.571,26.571,26.571,26.535,26.561,26.524,26.576,26.545,26.602,26.753,26.8,26.842,26.868,26.909,26.935,26.961,26.977,27.003,27.039,27.096,27.158,27.21,27.22,27.293,27.365,27.396,27.417,27.438,27.474,27.505,27.551,27.587,27.623,27.644,27.649,27.659,27.675,27.685,27.721,27.716,27.711,27.773,27.773,27.783,27.788,27.799,27.809,27.804,27.799,27.788,27.788,27.845,27.778,27.732,27.757,27.716,27.696,27.665,27.623,27.592,27.546,27.51,27.469,27.443,27.391,27.37,27.339,27.329,27.319,27.313,27.308,27.272,27.251,27.225,27.225,27.194,27.168,27.117,27.111,27.07,27.075,27.08,27.023,27.034,27.137,27.091,27.158,27.08,27.122,27.179,27.101,26.997,27.054,27.044,27.08,27.086,27.054,26.982,27.065,27.018,27.034,26.992,26.982,26.982,26.966,26.992,26.982,27.029,27.049,26.93,26.93,26.92,26.878,26.873,26.852,26.68,26.769,26.852,26.816,26.894,26.894,26.894,26.925,26.945,26.956,26.951,26.951,26.982,27.018,27.044,27.08,27.054,27.065,27.08,27.06,27.07,27.08,27.08,27.111,27.111,27.117,27.07,27.044,27.018,27.013,27.003,27.018,27.003,27.018,27.044,27.044,27.029,27.039,27.029,27.029,27.039,27.044,27.054,27.065,27.091,27.075,27.101,27.137,27.127,27.132,27.137
,26.961,26.956,26.94,26.925,26.909,26.899,26.894,26.888,26.878,26.878,26.868,26.873,26.873,26.873,26.868,26.857,26.842,26.826,26.805,26.784,26.774,26.758,26.753,26.743,26.732,26.717,26.701,26.68,26.67,26.66,26.654,26.649,26.634,26.628,26.623,26.618,26.618,26.618,26.623,26.634,26.639,26.644,26.644,26.639,26.639,26.634,26.628,26.623,26.618,26.613,26.613,26.607,26.613,26.613,26.618,26.628,26.639,26.675,26.727,26.675,26.649,26.639,26.618,26.618,26.618,26.618,26.628,26.623,26.66,26.639,26.639,26.623,26.613,26.607,26.602,26.602,26.602,26.607,26.613,26.623,26.628,26.644,26.649,26.654,26.67,26.686,26.696,26.727,26.738,26.748,26.784,26.774,26.8,26.842,26.821,26.753,26.748,26.779,26.821,26.92,26.93,27.013,26.94,26.847,26.914,26.992,26.971,27.132,27.22,27.2,27.184,27.246,27.36,27.225,27.231,27.489,27.365,27.541,27.639,27.634,27.618,27.623,27.701,27.814,27.83,27.742,27.623,27.241,26.93,26.878,26.997,27.117,27.262,27.272,27.2,27.127,27.101,27.07,27.08,27.039,26.997,26.925,26.894,26.868,26.831,26.795,26.769,26.732,26.706,26.675,26.654,26.639,26.618,26.592,26.561,26.555,26.555,26.519,26.503,26.462,26.456,26.373,26.441,26.268,26.43,26.373,26.248,26.352,26.425,26.404,26.331,26.357,26.237,26.305,26.159,26.2,26.174,26.242,26.185,26.028,26.232,26.253,26.268,26.258,26.18,26.221,26.274,26.195,26.221,26.232,26.216,26.211,26.169,26.211,26.315,26.227,26.216,26.326,26.347,26.305,26.305,26.295,26.289,26.274,26.279,26.441,26.321,26.347,26.378,26.342,26.42,26.404,26.373,26.446,26.529,26.535,26.508,26.54,26.602,26.602,26.628,26.639,26.644,26.654,26.722,26.597,26.805,26.743,26.821,26.847,26.888,26.914,26.951,26.966,26.987,27.018,27.054,27.091,27.148,27.194,27.241,27.282,27.329,27.375,27.407,27.438,27.469,27.494,27.536,27.572,27.592,27.618,27.634,27.644,27.659,27.67,27.685,27.696,27.711,27.737,27.752,27.757,27.768,27.773,27.783,27.788,27.783,27.793,27.799,27.793,27.793,27.773,27.711,27.696,27.68,27.659,27.634,27.608,27.582,27.556,27.515,27.484,27.438,27.412,27.391,27.386,27.375,27.375,27.365,27.339,27.329,27.329,27.303,27.293,27.257,27.236,27.22,27.194,27.163,27.272,27.132,27.308,27.22,27.205,27.168,27.298,27.334,27.319,27.22,27.184,27.21,27.205,27.194,27.22,27.137,27.163,27.21,27.137,27.08,27.122,27.106,27.096,27.086,27.106,27.117,27.086,27.091,27.044,27.034,26.971,26.971,26.956,26.951,26.94,26.951,26.925,26.935,26.977,26.992,27.023,27.018,27.039,27.06,27.106,27.106,27.122,27.137,27.148,27.189,27.2,27.22,27.179,27.225,27.215,27.22,27.205,27.205,27.21,27.168,27.163,27.158,27.143,27.127,27.132,27.127,27.137,27.127,27.163,27.148,27.148,27.153,27.153,27.163,27.168,27.158,27.168,27.168,27.168,27.179,27.21,27.241,27.236,27.246,27.236
,26.93,26.92,26.909,26.888,26.883,26.873,26.862,26.852,26.842,26.842,26.836,26.836,26.842,26.836,26.836,26.826,26.81,26.8,26.784,26.764,26.758,26.748,26.743,26.738,26.722,26.712,26.701,26.68,26.67,26.665,26.66,26.644,26.639,26.628,26.623,26.623,26.623,26.623,26.639,26.644,26.654,26.649,26.644,26.644,26.644,26.639,26.628,26.623,26.618,26.618,26.618,26.613,26.613,26.613,26.623,26.623,26.67,26.701,26.717,26.696,26.644,26.623,26.607,26.607,26.607,26.602,26.691,26.649,26.644,26.654,26.654,26.613,26.613,26.607,26.597,26.602,26.602,26.607,26.613,26.623,26.634,26.644,26.66,26.665,26.68,26.701,26.727,26.753,26.774,26.805,26.836,26.899,26.894,27.049,26.904,26.987,27.044,27.122,27.122,27.075,26.997,27.267,27.225,27.132,27.334,27.474,27.375,27.453,27.541,27.479,27.505,27.665,27.53,27.665,27.835,27.793,27.752,27.907,27.83,27.891,27.912,27.84,27.814,27.83,27.793,27.804,27.716,27.422,26.987,27.101,27.148,27.148,27.277,27.381,27.267,27.153,27.137,27.091,27.07,27.029,27.008,26.945,26.894,26.862,26.826,26.784,26.758,26.722,26.701,26.649,26.628,26.602,26.576,26.561,26.524,26.462,26.451,26.415,26.409,26.394,26.378,26.326,26.289,26.195,26.242,26.378,26.263,26.242,26.237,26.164,26.18,26.2,26.216,26.19,26.106,26.216,26.085,26.258,26.237,26.237,26.153,26.242,26.258,26.258,26.19,26.242,26.148,26.159,26.195,26.185,26.18,26.169,26.19,26.237,26.18,26.2,26.253,26.237,26.227,26.2,26.352,26.31,26.342,26.284,26.357,26.435,26.326,26.409,26.368,26.446,26.456,26.362,26.508,26.618,26.561,26.524,26.571,26.654,26.665,26.686,26.701,26.628,26.675,26.717,26.738,26.743,26.795,26.784,26.862,26.883,26.909,26.945,26.966,26.992,27.013,27.039,27.075,27.111,27.158,27.205,27.246,27.288,27.329,27.37,27.412,27.443,27.469,27.5,27.525,27.556,27.582,27.598,27.613,27.629,27.639,27.649,27.665,27.67,27.696,27.716,27.732,27.742,27.757,27.757,27.768,27.768,27.778,27.773,27.773,27.773,27.763,27.742,27.726,27.701,27.68,27.665,27.639,27.623,27.603,27.582,27.556,27.536,27.5,27.484,27.469,27.448,27.432,27.427,27.432,27.417,27.412,27.391,27.386,27.386,27.381,27.365,27.344,27.319,27.319,27.329,27.303,27.334,27.303,27.313,27.324,27.386,27.324,27.375,27.35,27.319,27.298,27.277,27.236,27.313,27.236,27.251,27.246,27.282,27.262,27.225,27.215,27.2,27.194,27.168,27.168,27.163,27.168,27.153,27.117,27.127,27.117,27.054,27.029,27.018,26.992,26.992,27.013,27.049,27.086,27.101,27.127,27.158,27.148,27.168,27.189,27.194,27.225,27.257,27.267,27.267,27.267,27.293,27.277,27.282,27.282,27.267,27.277,27.293,27.267,27.262,27.241,27.231,27.22,27.215,27.22,27.231,27.22,27.267,27.257,27.267,27.282,27.262,27.257,27.262,27.282,27.251,27.267,27.277,27.282,27.293,27.293,27.293,27.298,27.313,

